LAT,LON,SPEED,COURSE,HEADING,ELAPSED,DESTINATION,FLAG,LENGTH,ROT,SHIPNAME,SHIPTYPE,SHIP_ID,WIDTH,L_FORE,W_LEFT,DWT,GT_SHIPTYPE,LEGEND,DATETIME,PORT20,date,week_nb,ship_type,port24,is_parked
59.88226,30.19495,0,0,88,4,SPB,RU,141,0,KAPITAN SOROKIN,3,345312,31,43,28,5138,39,0,2016-12-14T10:33:04.000Z,st_petersburg,2016-12-14T00:00:00.000Z,50,Tug,St. Petersburg,1
59.88226,30.19495,0,0,88,4,SPB,RU,141,0,KAPITAN SOROKIN,3,345312,31,43,28,5138,39,0,2016-12-14T10:33:05.000Z,st_petersburg,2016-12-14T00:00:00.000Z,50,Tug,St. Petersburg,1
59.88226,30.19495,0,0,88,4,SPB,RU,141,0,KAPITAN SOROKIN,3,345312,31,43,28,5138,39,0,2016-12-14T10:35:03.000Z,st_petersburg,2016-12-14T00:00:00.000Z,50,Tug,St. Petersburg,1
59.88226,30.19495,0,0,88,6,SPB,RU,141,0,KAPITAN SOROKIN,3,345312,31,43,28,5138,39,0,2016-12-14T10:35:04.000Z,st_petersburg,2016-12-14T00:00:00.000Z,50,Tug,St. Petersburg,1
59.88226,30.19495,0,0,88,8,SPB,RU,141,0,KAPITAN SOROKIN,3,345312,31,43,28,5138,39,0,2016-12-14T10:37:03.000Z,st_petersburg,2016-12-14T00:00:00.000Z,50,Tug,St. Petersburg,1
59.88226,30.19495,0,0,88,8,SPB,RU,141,0,KAPITAN SOROKIN,3,345312,31,43,28,5138,39,0,2016-12-14T10:37:04.000Z,st_petersburg,2016-12-14T00:00:00.000Z,50,Tug,St. Petersburg,1
59.88226,30.19494,0,0,88,2,SPB,RU,141,0,KAPITAN SOROKIN,3,345312,31,43,28,5138,39,0,2016-12-14T10:39:03.000Z,st_petersburg,2016-12-14T00:00:00.000Z,50,Tug,St. Petersburg,1
59.88226,30.19494,0,0,88,2,SPB,RU,141,0,KAPITAN SOROKIN,3,345312,31,43,28,5138,39,0,2016-12-14T10:39:04.000Z,st_petersburg,2016-12-14T00:00:00.000Z,50,Tug,St. Petersburg,1
59.88226,30.19494,0,0,88,4,SPB,RU,141,0,KAPITAN SOROKIN,3,345312,31,43,28,5138,39,0,2016-12-14T10:41:03.000Z,st_petersburg,2016-12-14T00:00:00.000Z,50,Tug,St. Petersburg,1
59.88226,30.19494,0,0,88,4,SPB,RU,141,0,KAPITAN SOROKIN,3,345312,31,43,28,5138,39,0,2016-12-14T10:41:05.000Z,st_petersburg,2016-12-14T00:00:00.000Z,50,Tug,St. Petersburg,1
59.88226,30.19494,0,0,88,6,SPB,RU,141,0,KAPITAN SOROKIN,3,345312,31,43,28,5138,39,0,2016-12-14T10:43:04.000Z,st_petersburg,2016-12-14T00:00:00.000Z,50,Tug,St. Petersburg,1
59.88226,30.19494,0,0,88,4,SPB,RU,141,0,KAPITAN SOROKIN,3,345312,31,43,28,5138,39,0,2016-12-14T10:43:05.000Z,st_petersburg,2016-12-14T00:00:00.000Z,50,Tug,St. Petersburg,1
59.88226,30.19494,0,0,88,8,SPB,RU,141,0,KAPITAN SOROKIN,3,345312,31,43,28,5138,39,1,2016-12-14T10:45:03.000Z,st_petersburg,2016-12-14T00:00:00.000Z,50,Tug,St. Petersburg,1
59.88226,30.19494,0,0,88,7,SPB,RU,141,0,KAPITAN SOROKIN,3,345312,31,43,28,5138,39,1,2016-12-14T10:45:04.000Z,st_petersburg,2016-12-14T00:00:00.000Z,50,Tug,St. Petersburg,1
59.88223,30.19493,0,0,88,2,SPB,RU,141,0,KAPITAN SOROKIN,3,345312,31,43,28,5138,39,0,2016-12-14T10:47:04.000Z,st_petersburg,2016-12-14T00:00:00.000Z,50,Tug,St. Petersburg,1
59.88226,30.19494,0,0,88,9,SPB,RU,141,0,KAPITAN SOROKIN,3,345312,31,43,28,5138,39,1,2016-12-14T10:47:05.000Z,st_petersburg,2016-12-14T00:00:00.000Z,50,Tug,St. Petersburg,1
59.88223,30.19493,0,0,88,4,SPB,RU,141,0,KAPITAN SOROKIN,3,345312,31,43,28,5138,39,0,2016-12-14T10:49:03.000Z,st_petersburg,2016-12-14T00:00:00.000Z,50,Tug,St. Petersburg,1
59.88223,30.19493,0,0,88,4,SPB,RU,141,0,KAPITAN SOROKIN,3,345312,31,43,28,5138,39,0,2016-12-14T10:49:04.000Z,st_petersburg,2016-12-14T00:00:00.000Z,50,Tug,St. Petersburg,1
59.88223,30.19493,0,0,88,6,SPB,RU,141,0,KAPITAN SOROKIN,3,345312,31,43,28,5138,39,0,2016-12-14T10:51:03.000Z,st_petersburg,2016-12-14T00:00:00.000Z,50,Tug,St. Petersburg,1
59.88223,30.19493,0,0,88,6,SPB,RU,141,0,KAPITAN SOROKIN,3,345312,31,43,28,5138,39,0,2016-12-14T10:51:04.000Z,st_petersburg,2016-12-14T00:00:00.000Z,50,Tug,St. Petersburg,1
59.88225,30.19494,0,0,88,2,SPB,RU,141,0,KAPITAN SOROKIN,3,345312,31,43,28,5138,39,0,2016-12-14T10:53:03.000Z,st_petersburg,2016-12-14T00:00:00.000Z,50,Tug,St. Petersburg,1
59.88225,30.19494,0,0,88,2,SPB,RU,141,0,KAPITAN SOROKIN,3,345312,31,43,28,5138,39,0,2016-12-14T10:53:04.000Z,st_petersburg,2016-12-14T00:00:00.000Z,50,Tug,St. Petersburg,1
59.88225,30.19494,0,0,88,4,SPB,RU,141,0,KAPITAN SOROKIN,3,345312,31,43,28,5138,39,0,2016-12-14T10:55:04.000Z,st_petersburg,2016-12-14T00:00:00.000Z,50,Tug,St. Petersburg,1
59.88225,30.19494,0,0,88,4,SPB,RU,141,0,KAPITAN SOROKIN,3,345312,31,43,28,5138,39,0,2016-12-14T10:55:05.000Z,st_petersburg,2016-12-14T00:00:00.000Z,50,Tug,St. Petersburg,1
59.88225,30.19494,0,0,88,3,SPB,RU,141,0,KAPITAN SOROKIN,3,345312,31,43,28,5138,39,0,2016-12-14T10:57:03.000Z,st_petersburg,2016-12-14T00:00:00.000Z,50,Tug,St. Petersburg,1
59.88225,30.19494,0,0,88,4,SPB,RU,141,0,KAPITAN SOROKIN,3,345312,31,43,28,5138,39,0,2016-12-14T10:57:04.000Z,st_petersburg,2016-12-14T00:00:00.000Z,50,Tug,St. Petersburg,1
59.88225,30.19494,0,0,88,5,SPB,RU,141,0,KAPITAN SOROKIN,3,345312,31,43,28,5138,39,1,2016-12-14T10:59:04.000Z,st_petersburg,2016-12-14T00:00:00.000Z,50,Tug,St. Petersburg,1
59.88225,30.19494,0,0,88,4,SPB,RU,141,0,KAPITAN SOROKIN,3,345312,31,43,28,5138,39,0,2016-12-14T10:59:05.000Z,st_petersburg,2016-12-14T00:00:00.000Z,50,Tug,St. Petersburg,1
59.88225,30.19494,0,0,88,7,SPB,RU,141,0,KAPITAN SOROKIN,3,345312,31,43,28,5138,39,1,2016-12-14T11:01:03.000Z,st_petersburg,2016-12-14T00:00:00.000Z,50,Tug,St. Petersburg,1
59.88225,30.19494,0,0,88,7,SPB,RU,141,0,KAPITAN SOROKIN,3,345312,31,43,28,5138,39,1,2016-12-14T11:01:04.000Z,st_petersburg,2016-12-14T00:00:00.000Z,50,Tug,St. Petersburg,1
59.88225,30.19494,0,0,88,9,SPB,RU,141,0,KAPITAN SOROKIN,3,345312,31,43,28,5138,39,0,2016-12-14T11:03:04.000Z,st_petersburg,2016-12-14T00:00:00.000Z,50,Tug,St. Petersburg,1
59.88225,30.19494,0,0,88,9,SPB,RU,141,0,KAPITAN SOROKIN,3,345312,31,43,28,5138,39,0,2016-12-14T11:03:05.000Z,st_petersburg,2016-12-14T00:00:00.000Z,50,Tug,St. Petersburg,1
59.88225,30.19494,0,0,88,3,SPB,RU,141,0,KAPITAN SOROKIN,3,345312,31,43,28,5138,39,0,2016-12-14T11:05:05.000Z,st_petersburg,2016-12-14T00:00:00.000Z,50,Tug,St. Petersburg,1
59.88225,30.19494,0,0,88,3,SPB,RU,141,0,KAPITAN SOROKIN,3,345312,31,43,28,5138,39,0,2016-12-14T11:05:06.000Z,st_petersburg,2016-12-14T00:00:00.000Z,50,Tug,St. Petersburg,1
59.88225,30.19493,0,0,88,2,SPB,RU,141,0,KAPITAN SOROKIN,3,345312,31,43,28,5138,39,0,2016-12-14T11:07:03.000Z,st_petersburg,2016-12-14T00:00:00.000Z,50,Tug,St. Petersburg,1
59.88225,30.19493,0,0,88,2,SPB,RU,141,0,KAPITAN SOROKIN,3,345312,31,43,28,5138,39,0,2016-12-14T11:07:04.000Z,st_petersburg,2016-12-14T00:00:00.000Z,50,Tug,St. Petersburg,1
59.88225,30.19493,0,0,88,4,SPB,RU,141,0,KAPITAN SOROKIN,3,345312,31,43,28,5138,39,0,2016-12-14T11:09:03.000Z,st_petersburg,2016-12-14T00:00:00.000Z,50,Tug,St. Petersburg,1
59.88225,30.19493,0,0,88,4,SPB,RU,141,0,KAPITAN SOROKIN,3,345312,31,43,28,5138,39,0,2016-12-14T11:09:04.000Z,st_petersburg,2016-12-14T00:00:00.000Z,50,Tug,St. Petersburg,1
59.88227,30.19494,0,0,88,3,SPB,RU,141,0,KAPITAN SOROKIN,3,345312,31,43,28,5138,39,0,2016-12-14T11:11:03.000Z,st_petersburg,2016-12-14T00:00:00.000Z,50,Tug,St. Petersburg,1
59.88227,30.19494,0,0,88,2,SPB,RU,141,0,KAPITAN SOROKIN,3,345312,31,43,28,5138,39,0,2016-12-14T11:11:04.000Z,st_petersburg,2016-12-14T00:00:00.000Z,50,Tug,St. Petersburg,1
59.88225,30.19496,0,0,88,2,SPB,RU,141,0,KAPITAN SOROKIN,3,345312,31,43,28,5138,39,0,2016-12-14T11:13:03.000Z,st_petersburg,2016-12-14T00:00:00.000Z,50,Tug,St. Petersburg,1
59.88227,30.19494,0,0,88,3,SPB,RU,141,0,KAPITAN SOROKIN,3,345312,31,43,28,5138,39,0,2016-12-14T11:13:04.000Z,st_petersburg,2016-12-14T00:00:00.000Z,50,Tug,St. Petersburg,1
59.88225,30.19496,0,0,88,4,SPB,RU,141,0,KAPITAN SOROKIN,3,345312,31,43,28,5138,39,1,2016-12-14T11:15:04.000Z,st_petersburg,2016-12-14T00:00:00.000Z,50,Tug,St. Petersburg,1
59.88225,30.19496,0,0,88,4,SPB,RU,141,0,KAPITAN SOROKIN,3,345312,31,43,28,5138,39,1,2016-12-14T11:15:05.000Z,st_petersburg,2016-12-14T00:00:00.000Z,50,Tug,St. Petersburg,1
59.88225,30.19496,0,0,88,6,SPB,RU,141,0,KAPITAN SOROKIN,3,345312,31,43,28,5138,39,0,2016-12-14T11:17:04.000Z,st_petersburg,2016-12-14T00:00:00.000Z,50,Tug,St. Petersburg,1
59.88225,30.19496,0,0,88,6,SPB,RU,141,0,KAPITAN SOROKIN,3,345312,31,43,28,5138,39,0,2016-12-14T11:17:05.000Z,st_petersburg,2016-12-14T00:00:00.000Z,50,Tug,St. Petersburg,1
59.88227,30.19493,0,0,88,2,SPB,RU,141,0,KAPITAN SOROKIN,3,345312,31,43,28,5138,39,0,2016-12-14T11:19:03.000Z,st_petersburg,2016-12-14T00:00:00.000Z,50,Tug,St. Petersburg,1
59.88227,30.19493,0,0,88,2,SPB,RU,141,0,KAPITAN SOROKIN,3,345312,31,43,28,5138,39,0,2016-12-14T11:19:04.000Z,st_petersburg,2016-12-14T00:00:00.000Z,50,Tug,St. Petersburg,1
59.88227,30.19493,0,0,88,4,SPB,RU,141,0,KAPITAN SOROKIN,3,345312,31,43,28,5138,39,0,2016-12-14T11:21:04.000Z,st_petersburg,2016-12-14T00:00:00.000Z,50,Tug,St. Petersburg,1
59.88227,30.19493,0,0,88,2,SPB,RU,141,0,KAPITAN SOROKIN,3,345312,31,43,28,5138,39,0,2016-12-14T11:21:05.000Z,st_petersburg,2016-12-14T00:00:00.000Z,50,Tug,St. Petersburg,1
59.88224,30.19494,0,0,88,3,SPB,RU,141,0,KAPITAN SOROKIN,3,345312,31,43,28,5138,39,0,2016-12-14T11:23:03.000Z,st_petersburg,2016-12-14T00:00:00.000Z,50,Tug,St. Petersburg,1
59.88224,30.19494,0,0,88,3,SPB,RU,141,0,KAPITAN SOROKIN,3,345312,31,43,28,5138,39,0,2016-12-14T11:23:04.000Z,st_petersburg,2016-12-14T00:00:00.000Z,50,Tug,St. Petersburg,1
59.88224,30.19497,0,0,88,2,SPB,RU,141,0,KAPITAN SOROKIN,3,345312,31,43,28,5138,39,0,2016-12-14T11:25:04.000Z,st_petersburg,2016-12-14T00:00:00.000Z,50,Tug,St. Petersburg,1
59.88224,30.19497,0,0,88,1,SPB,RU,141,0,KAPITAN SOROKIN,3,345312,31,43,28,5138,39,0,2016-12-14T11:25:04.000Z,st_petersburg,2016-12-14T00:00:00.000Z,50,Tug,St. Petersburg,1
59.88224,30.19497,0,0,88,4,SPB,RU,141,0,KAPITAN SOROKIN,3,345312,31,43,28,5138,39,1,2016-12-14T11:27:03.000Z,st_petersburg,2016-12-14T00:00:00.000Z,50,Tug,St. Petersburg,1
59.88224,30.19497,0,0,88,4,SPB,RU,141,0,KAPITAN SOROKIN,3,345312,31,43,28,5138,39,1,2016-12-14T11:27:04.000Z,st_petersburg,2016-12-14T00:00:00.000Z,50,Tug,St. Petersburg,1
59.88225,30.19497,0,0,88,2,SPB,RU,141,0,KAPITAN SOROKIN,3,345312,31,43,28,5138,39,0,2016-12-14T11:29:03.000Z,st_petersburg,2016-12-14T00:00:00.000Z,50,Tug,St. Petersburg,1
59.88225,30.19497,0,0,88,2,SPB,RU,141,0,KAPITAN SOROKIN,3,345312,31,43,28,5138,39,0,2016-12-14T11:29:04.000Z,st_petersburg,2016-12-14T00:00:00.000Z,50,Tug,St. Petersburg,1
59.88225,30.19497,0,0,88,4,SPB,RU,141,0,KAPITAN SOROKIN,3,345312,31,43,28,5138,39,0,2016-12-14T11:31:03.000Z,st_petersburg,2016-12-14T00:00:00.000Z,50,Tug,St. Petersburg,1
59.88225,30.19497,0,0,88,3,SPB,RU,141,0,KAPITAN SOROKIN,3,345312,31,43,28,5138,39,0,2016-12-14T11:31:04.000Z,st_petersburg,2016-12-14T00:00:00.000Z,50,Tug,St. Petersburg,1
59.88225,30.19497,0,0,88,6,SPB,RU,141,0,KAPITAN SOROKIN,3,345312,31,43,28,5138,39,0,2016-12-14T11:33:04.000Z,st_petersburg,2016-12-14T00:00:00.000Z,50,Tug,St. Petersburg,1
59.88225,30.19497,0,0,88,6,SPB,RU,141,0,KAPITAN SOROKIN,3,345312,31,43,28,5138,39,0,2016-12-14T11:33:05.000Z,st_petersburg,2016-12-14T00:00:00.000Z,50,Tug,St. Petersburg,1
59.88225,30.19497,0,0,88,8,SPB,RU,141,0,KAPITAN SOROKIN,3,345312,31,43,28,5138,39,0,2016-12-14T11:35:03.000Z,st_petersburg,2016-12-14T00:00:00.000Z,50,Tug,St. Petersburg,1
59.88225,30.19497,0,0,88,8,SPB,RU,141,0,KAPITAN SOROKIN,3,345312,31,43,28,5138,39,0,2016-12-14T11:35:04.000Z,st_petersburg,2016-12-14T00:00:00.000Z,50,Tug,St. Petersburg,1
59.88227,30.19497,0,0,88,2,SPB,RU,141,0,KAPITAN SOROKIN,3,345312,31,43,28,5138,39,0,2016-12-14T11:37:03.000Z,st_petersburg,2016-12-14T00:00:00.000Z,50,Tug,St. Petersburg,1
59.88227,30.19497,0,0,88,2,SPB,RU,141,0,KAPITAN SOROKIN,3,345312,31,43,28,5138,39,0,2016-12-14T11:37:04.000Z,st_petersburg,2016-12-14T00:00:00.000Z,50,Tug,St. Petersburg,1
59.88227,30.19497,0,0,88,4,SPB,RU,141,0,KAPITAN SOROKIN,3,345312,31,43,28,5138,39,0,2016-12-14T11:39:03.000Z,st_petersburg,2016-12-14T00:00:00.000Z,50,Tug,St. Petersburg,1
59.88227,30.19497,0,0,88,4,SPB,RU,141,0,KAPITAN SOROKIN,3,345312,31,43,28,5138,39,0,2016-12-14T11:39:05.000Z,st_petersburg,2016-12-14T00:00:00.000Z,50,Tug,St. Petersburg,1
59.88223,30.19497,0,0,88,3,SPB,RU,141,0,KAPITAN SOROKIN,3,345312,31,43,28,5138,39,0,2016-12-14T11:41:04.000Z,st_petersburg,2016-12-14T00:00:00.000Z,50,Tug,St. Petersburg,1
59.88223,30.19497,0,0,88,3,SPB,RU,141,0,KAPITAN SOROKIN,3,345312,31,43,28,5138,39,0,2016-12-14T11:41:05.000Z,st_petersburg,2016-12-14T00:00:00.000Z,50,Tug,St. Petersburg,1
59.88223,30.19497,0,0,88,5,SPB,RU,141,0,KAPITAN SOROKIN,3,345312,31,43,28,5138,39,0,2016-12-14T11:43:04.000Z,st_petersburg,2016-12-14T00:00:00.000Z,50,Tug,St. Petersburg,1
59.88223,30.19497,0,0,88,3,SPB,RU,141,0,KAPITAN SOROKIN,3,345312,31,43,28,5138,39,0,2016-12-14T11:43:04.000Z,st_petersburg,2016-12-14T00:00:00.000Z,50,Tug,St. Petersburg,1
59.88228,30.19494,0,0,88,3,SPB,RU,141,0,KAPITAN SOROKIN,3,345312,31,43,28,5138,39,0,2016-12-14T11:45:04.000Z,st_petersburg,2016-12-14T00:00:00.000Z,50,Tug,St. Petersburg,1
59.88228,30.19494,0,0,88,2,SPB,RU,141,0,KAPITAN SOROKIN,3,345312,31,43,28,5138,39,0,2016-12-14T11:45:04.000Z,st_petersburg,2016-12-14T00:00:00.000Z,50,Tug,St. Petersburg,1
59.88227,30.19495,0,0,88,2,SPB,RU,141,0,KAPITAN SOROKIN,3,345312,31,43,28,5138,39,0,2016-12-14T11:47:04.000Z,st_petersburg,2016-12-14T00:00:00.000Z,50,Tug,St. Petersburg,1
59.88227,30.19495,0,0,88,2,SPB,RU,141,0,KAPITAN SOROKIN,3,345312,31,43,28,5138,39,0,2016-12-14T11:47:05.000Z,st_petersburg,2016-12-14T00:00:00.000Z,50,Tug,St. Petersburg,1
59.88227,30.19495,0,0,88,4,SPB,RU,141,0,KAPITAN SOROKIN,3,345312,31,43,28,5138,39,0,2016-12-14T11:49:03.000Z,st_petersburg,2016-12-14T00:00:00.000Z,50,Tug,St. Petersburg,1
59.88227,30.19495,0,0,88,4,SPB,RU,141,0,KAPITAN SOROKIN,3,345312,31,43,28,5138,39,0,2016-12-14T11:49:04.000Z,st_petersburg,2016-12-14T00:00:00.000Z,50,Tug,St. Petersburg,1
59.88229,30.19495,0,0,88,3,SPB,RU,141,0,KAPITAN SOROKIN,3,345312,31,43,28,5138,39,0,2016-12-14T11:51:04.000Z,st_petersburg,2016-12-14T00:00:00.000Z,50,Tug,St. Petersburg,1
59.88229,30.19495,0,0,88,3,SPB,RU,141,0,KAPITAN SOROKIN,3,345312,31,43,28,5138,39,0,2016-12-14T11:51:05.000Z,st_petersburg,2016-12-14T00:00:00.000Z,50,Tug,St. Petersburg,1
59.88227,30.19492,0,0,88,2,SPB,RU,141,0,KAPITAN SOROKIN,3,345312,31,43,28,5138,39,0,2016-12-14T11:53:04.000Z,st_petersburg,2016-12-14T00:00:00.000Z,50,Tug,St. Petersburg,1
59.88227,30.19492,0,0,88,2,SPB,RU,141,0,KAPITAN SOROKIN,3,345312,31,43,28,5138,39,0,2016-12-14T11:53:05.000Z,st_petersburg,2016-12-14T00:00:00.000Z,50,Tug,St. Petersburg,1
59.88227,30.19492,0,0,88,4,SPB,RU,141,0,KAPITAN SOROKIN,3,345312,31,43,28,5138,39,0,2016-12-14T11:55:04.000Z,st_petersburg,2016-12-14T00:00:00.000Z,50,Tug,St. Petersburg,1
59.88227,30.19492,0,0,88,4,SPB,RU,141,0,KAPITAN SOROKIN,3,345312,31,43,28,5138,39,0,2016-12-14T11:55:05.000Z,st_petersburg,2016-12-14T00:00:00.000Z,50,Tug,St. Petersburg,1
59.88227,30.19492,0,0,88,4,SPB,RU,141,0,KAPITAN SOROKIN,3,345312,31,43,28,5138,39,0,2016-12-14T11:57:03.000Z,st_petersburg,2016-12-14T00:00:00.000Z,50,Tug,St. Petersburg,1
59.88227,30.19492,0,0,88,6,SPB,RU,141,0,KAPITAN SOROKIN,3,345312,31,43,28,5138,39,1,2016-12-14T11:57:04.000Z,st_petersburg,2016-12-14T00:00:00.000Z,50,Tug,St. Petersburg,1
59.88227,30.19492,0,0,88,8,SPB,RU,141,0,KAPITAN SOROKIN,3,345312,31,43,28,5138,39,0,2016-12-14T11:59:03.000Z,st_petersburg,2016-12-14T00:00:00.000Z,50,Tug,St. Petersburg,1
59.88227,30.19492,0,0,88,6,SPB,RU,141,0,KAPITAN SOROKIN,3,345312,31,43,28,5138,39,1,2016-12-14T11:59:04.000Z,st_petersburg,2016-12-14T00:00:00.000Z,50,Tug,St. Petersburg,1
59.88227,30.19492,0,0,88,9,SPB,RU,141,0,KAPITAN SOROKIN,3,345312,31,43,28,5138,39,0,2016-12-14T12:01:10.000Z,st_petersburg,2016-12-14T00:00:00.000Z,50,Tug,St. Petersburg,1
59.88227,30.19492,0,0,88,8,SPB,RU,141,0,KAPITAN SOROKIN,3,345312,31,43,28,5138,39,0,2016-12-14T12:01:11.000Z,st_petersburg,2016-12-14T00:00:00.000Z,50,Tug,St. Petersburg,1
59.88225,30.19493,0,0,88,4,SPB,RU,141,0,KAPITAN SOROKIN,3,345312,31,43,28,5138,39,0,2016-12-14T12:03:04.000Z,st_petersburg,2016-12-14T00:00:00.000Z,50,Tug,St. Petersburg,1
59.88225,30.19493,0,0,88,4,SPB,RU,141,0,KAPITAN SOROKIN,3,345312,31,43,28,5138,39,0,2016-12-14T12:03:05.000Z,st_petersburg,2016-12-14T00:00:00.000Z,50,Tug,St. Petersburg,1
59.88226,30.19493,0,0,88,3,SPB,RU,141,0,KAPITAN SOROKIN,3,345312,31,43,28,5138,39,0,2016-12-14T12:05:04.000Z,st_petersburg,2016-12-14T00:00:00.000Z,50,Tug,St. Petersburg,1
59.88226,30.19493,0,0,88,1,SPB,RU,141,0,KAPITAN SOROKIN,3,345312,31,43,28,5138,39,0,2016-12-14T12:05:05.000Z,st_petersburg,2016-12-14T00:00:00.000Z,50,Tug,St. Petersburg,1
59.88225,30.19497,0,0,88,2,SPB,RU,141,0,KAPITAN SOROKIN,3,345312,31,43,28,5138,39,0,2016-12-14T12:07:04.000Z,st_petersburg,2016-12-14T00:00:00.000Z,50,Tug,St. Petersburg,1
59.88225,30.19497,0,0,88,2,SPB,RU,141,0,KAPITAN SOROKIN,3,345312,31,43,28,5138,39,0,2016-12-14T12:07:04.000Z,st_petersburg,2016-12-14T00:00:00.000Z,50,Tug,St. Petersburg,1
59.88225,30.19497,0,0,88,4,SPB,RU,141,0,KAPITAN SOROKIN,3,345312,31,43,28,5138,39,1,2016-12-14T12:09:03.000Z,st_petersburg,2016-12-14T00:00:00.000Z,50,Tug,St. Petersburg,1
59.88225,30.19497,0,0,88,2,SPB,RU,141,0,KAPITAN SOROKIN,3,345312,31,43,28,5138,39,0,2016-12-14T12:09:04.000Z,st_petersburg,2016-12-14T00:00:00.000Z,50,Tug,St. Petersburg,1
59.88227,30.19497,0,0,88,3,SPB,RU,141,0,KAPITAN SOROKIN,3,345312,31,43,28,5138,39,1,2016-12-14T12:11:03.000Z,st_petersburg,2016-12-14T00:00:00.000Z,50,Tug,St. Petersburg,1
59.88227,30.19497,0,0,88,3,SPB,RU,141,0,KAPITAN SOROKIN,3,345312,31,43,28,5138,39,1,2016-12-14T12:11:04.000Z,st_petersburg,2016-12-14T00:00:00.000Z,50,Tug,St. Petersburg,1
59.88227,30.19497,0,0,88,5,SPB,RU,141,0,KAPITAN SOROKIN,3,345312,31,43,28,5138,39,1,2016-12-14T12:13:03.000Z,st_petersburg,2016-12-14T00:00:00.000Z,50,Tug,St. Petersburg,1
59.88227,30.19497,0,0,88,5,SPB,RU,141,0,KAPITAN SOROKIN,3,345312,31,43,28,5138,39,1,2016-12-14T12:13:04.000Z,st_petersburg,2016-12-14T00:00:00.000Z,50,Tug,St. Petersburg,1
59.88227,30.19495,0,0,88,3,SPB,RU,141,0,KAPITAN SOROKIN,3,345312,31,43,28,5138,39,0,2016-12-14T12:15:04.000Z,st_petersburg,2016-12-14T00:00:00.000Z,50,Tug,St. Petersburg,1
59.88227,30.19497,0,0,88,5,SPB,RU,141,0,KAPITAN SOROKIN,3,345312,31,43,28,5138,39,1,2016-12-14T12:15:05.000Z,st_petersburg,2016-12-14T00:00:00.000Z,50,Tug,St. Petersburg,1
59.88227,30.19495,0,0,88,5,SPB,RU,141,0,KAPITAN SOROKIN,3,345312,31,43,28,5138,39,0,2016-12-14T12:17:04.000Z,st_petersburg,2016-12-14T00:00:00.000Z,50,Tug,St. Petersburg,1
59.88227,30.19495,0,0,88,5,SPB,RU,141,0,KAPITAN SOROKIN,3,345312,31,43,28,5138,39,0,2016-12-14T12:17:05.000Z,st_petersburg,2016-12-14T00:00:00.000Z,50,Tug,St. Petersburg,1
59.88227,30.19495,0,0,88,7,SPB,RU,141,0,KAPITAN SOROKIN,3,345312,31,43,28,5138,39,0,2016-12-14T12:19:04.000Z,st_petersburg,2016-12-14T00:00:00.000Z,50,Tug,St. Petersburg,1
59.88227,30.19495,0,0,88,7,SPB,RU,141,0,KAPITAN SOROKIN,3,345312,31,43,28,5138,39,0,2016-12-14T12:19:04.000Z,st_petersburg,2016-12-14T00:00:00.000Z,50,Tug,St. Petersburg,1
59.88227,30.19495,0,0,88,9,SPB,RU,141,0,KAPITAN SOROKIN,3,345312,31,43,28,5138,39,0,2016-12-14T12:21:04.000Z,st_petersburg,2016-12-14T00:00:00.000Z,50,Tug,St. Petersburg,1
59.88227,30.19495,0,0,88,9,SPB,RU,141,0,KAPITAN SOROKIN,3,345312,31,43,28,5138,39,0,2016-12-14T12:21:05.000Z,st_petersburg,2016-12-14T00:00:00.000Z,50,Tug,St. Petersburg,1
59.88225,30.19496,0,0,88,3,SPB,RU,141,0,KAPITAN SOROKIN,3,345312,31,43,28,5138,39,0,2016-12-14T12:23:03.000Z,st_petersburg,2016-12-14T00:00:00.000Z,50,Tug,St. Petersburg,1
59.88225,30.19496,0,0,88,3,SPB,RU,141,0,KAPITAN SOROKIN,3,345312,31,43,28,5138,39,0,2016-12-14T12:23:04.000Z,st_petersburg,2016-12-14T00:00:00.000Z,50,Tug,St. Petersburg,1
59.88227,30.19496,0,0,88,2,SPB,RU,141,0,KAPITAN SOROKIN,3,345312,31,43,28,5138,39,0,2016-12-14T12:25:04.000Z,st_petersburg,2016-12-14T00:00:00.000Z,50,Tug,St. Petersburg,1
59.88227,30.19496,0,0,88,2,SPB,RU,141,0,KAPITAN SOROKIN,3,345312,31,43,28,5138,39,0,2016-12-14T12:25:05.000Z,st_petersburg,2016-12-14T00:00:00.000Z,50,Tug,St. Petersburg,1
59.88227,30.19496,0,0,88,4,SPB,RU,141,0,KAPITAN SOROKIN,3,345312,31,43,28,5138,39,0,2016-12-14T12:27:04.000Z,st_petersburg,2016-12-14T00:00:00.000Z,50,Tug,St. Petersburg,1
59.88227,30.19496,0,0,88,4,SPB,RU,141,0,KAPITAN SOROKIN,3,345312,31,43,28,5138,39,0,2016-12-14T12:27:05.000Z,st_petersburg,2016-12-14T00:00:00.000Z,50,Tug,St. Petersburg,1
59.88226,30.19493,0,0,88,3,SPB,RU,141,0,KAPITAN SOROKIN,3,345312,31,43,28,5138,39,0,2016-12-14T12:29:03.000Z,st_petersburg,2016-12-14T00:00:00.000Z,50,Tug,St. Petersburg,1
59.88226,30.19493,0,0,88,3,SPB,RU,141,0,KAPITAN SOROKIN,3,345312,31,43,28,5138,39,0,2016-12-14T12:29:04.000Z,st_petersburg,2016-12-14T00:00:00.000Z,50,Tug,St. Petersburg,1
59.88228,30.19497,0,0,88,2,SPB,RU,141,0,KAPITAN SOROKIN,3,345312,31,43,28,5138,39,0,2016-12-14T12:31:03.000Z,st_petersburg,2016-12-14T00:00:00.000Z,50,Tug,St. Petersburg,1
59.88226,30.19493,0,0,88,4,SPB,RU,141,0,KAPITAN SOROKIN,3,345312,31,43,28,5138,39,0,2016-12-14T12:31:04.000Z,st_petersburg,2016-12-14T00:00:00.000Z,50,Tug,St. Petersburg,1
59.88228,30.19497,0,0,88,4,SPB,RU,141,0,KAPITAN SOROKIN,3,345312,31,43,28,5138,39,0,2016-12-14T12:33:04.000Z,st_petersburg,2016-12-14T00:00:00.000Z,50,Tug,St. Petersburg,1
59.88228,30.19497,0,0,88,4,SPB,RU,141,0,KAPITAN SOROKIN,3,345312,31,43,28,5138,39,0,2016-12-14T12:33:05.000Z,st_petersburg,2016-12-14T00:00:00.000Z,50,Tug,St. Petersburg,1
59.88227,30.19495,1,0,88,3,SPB,RU,141,0,KAPITAN SOROKIN,3,345312,31,43,28,5138,39,0,2016-12-14T12:35:03.000Z,st_petersburg,2016-12-14T00:00:00.000Z,50,Tug,St. Petersburg,1
59.88228,30.19497,0,0,88,4,SPB,RU,141,0,KAPITAN SOROKIN,3,345312,31,43,28,5138,39,0,2016-12-14T12:35:04.000Z,st_petersburg,2016-12-14T00:00:00.000Z,50,Tug,St. Petersburg,1
59.88228,30.19495,0,0,88,2,SPB,RU,141,0,KAPITAN SOROKIN,3,345312,31,43,28,5138,39,0,2016-12-14T12:37:04.000Z,st_petersburg,2016-12-14T00:00:00.000Z,50,Tug,St. Petersburg,1
59.88227,30.19495,1,0,88,3,SPB,RU,141,0,KAPITAN SOROKIN,3,345312,31,43,28,5138,39,0,2016-12-14T12:37:04.000Z,st_petersburg,2016-12-14T00:00:00.000Z,50,Tug,St. Petersburg,1
59.88228,30.19495,0,0,88,4,SPB,RU,141,0,KAPITAN SOROKIN,3,345312,31,43,28,5138,39,0,2016-12-14T12:39:03.000Z,st_petersburg,2016-12-14T00:00:00.000Z,50,Tug,St. Petersburg,1
59.88228,30.19495,0,0,88,4,SPB,RU,141,0,KAPITAN SOROKIN,3,345312,31,43,28,5138,39,0,2016-12-14T12:39:04.000Z,st_petersburg,2016-12-14T00:00:00.000Z,50,Tug,St. Petersburg,1
59.88226,30.19498,0,0,88,3,SPB,RU,141,0,KAPITAN SOROKIN,3,345312,31,43,28,5138,39,0,2016-12-14T12:41:03.000Z,st_petersburg,2016-12-14T00:00:00.000Z,50,Tug,St. Petersburg,1
59.88226,30.19498,0,0,88,3,SPB,RU,141,0,KAPITAN SOROKIN,3,345312,31,43,28,5138,39,0,2016-12-14T12:41:04.000Z,st_petersburg,2016-12-14T00:00:00.000Z,50,Tug,St. Petersburg,1
59.88226,30.19498,0,0,88,5,SPB,RU,141,0,KAPITAN SOROKIN,3,345312,31,43,28,5138,39,0,2016-12-14T12:43:03.000Z,st_petersburg,2016-12-14T00:00:00.000Z,50,Tug,St. Petersburg,1
59.88226,30.19498,0,0,88,5,SPB,RU,141,0,KAPITAN SOROKIN,3,345312,31,43,28,5138,39,0,2016-12-14T12:43:04.000Z,st_petersburg,2016-12-14T00:00:00.000Z,50,Tug,St. Petersburg,1
59.88226,30.19498,0,0,88,7,SPB,RU,141,0,KAPITAN SOROKIN,3,345312,31,43,28,5138,39,0,2016-12-14T12:45:03.000Z,st_petersburg,2016-12-14T00:00:00.000Z,50,Tug,St. Petersburg,1
59.88226,30.19498,0,0,88,7,SPB,RU,141,0,KAPITAN SOROKIN,3,345312,31,43,28,5138,39,0,2016-12-14T12:45:04.000Z,st_petersburg,2016-12-14T00:00:00.000Z,50,Tug,St. Petersburg,1
59.88226,30.19498,0,0,88,9,SPB,RU,141,0,KAPITAN SOROKIN,3,345312,31,43,28,5138,39,0,2016-12-14T12:47:03.000Z,st_petersburg,2016-12-14T00:00:00.000Z,50,Tug,St. Petersburg,1
59.88226,30.19498,0,0,88,9,SPB,RU,141,0,KAPITAN SOROKIN,3,345312,31,43,28,5138,39,0,2016-12-14T12:47:04.000Z,st_petersburg,2016-12-14T00:00:00.000Z,50,Tug,St. Petersburg,1
59.88224,30.19495,0,0,88,3,SPB,RU,141,0,KAPITAN SOROKIN,3,345312,31,43,28,5138,39,0,2016-12-14T12:49:04.000Z,st_petersburg,2016-12-14T00:00:00.000Z,50,Tug,St. Petersburg,1
59.88224,30.19495,0,0,88,3,SPB,RU,141,0,KAPITAN SOROKIN,3,345312,31,43,28,5138,39,0,2016-12-14T12:49:04.000Z,st_petersburg,2016-12-14T00:00:00.000Z,50,Tug,St. Petersburg,1
59.88226,30.19496,0,0,88,2,SPB,RU,141,0,KAPITAN SOROKIN,3,345312,31,43,28,5138,39,0,2016-12-14T12:51:04.000Z,st_petersburg,2016-12-14T00:00:00.000Z,50,Tug,St. Petersburg,1
59.88224,30.19495,0,0,88,3,SPB,RU,141,0,KAPITAN SOROKIN,3,345312,31,43,28,5138,39,0,2016-12-14T12:51:05.000Z,st_petersburg,2016-12-14T00:00:00.000Z,50,Tug,St. Petersburg,1
59.88226,30.19496,0,0,88,4,SPB,RU,141,0,KAPITAN SOROKIN,3,345312,31,43,28,5138,39,0,2016-12-14T12:53:03.000Z,st_petersburg,2016-12-14T00:00:00.000Z,50,Tug,St. Petersburg,1
59.88226,30.19496,0,0,88,4,SPB,RU,141,0,KAPITAN SOROKIN,3,345312,31,43,28,5138,39,0,2016-12-14T12:53:04.000Z,st_petersburg,2016-12-14T00:00:00.000Z,50,Tug,St. Petersburg,1
59.88226,30.19496,0,0,88,3,SPB,RU,141,0,KAPITAN SOROKIN,3,345312,31,43,28,5138,39,0,2016-12-14T12:55:03.000Z,st_petersburg,2016-12-14T00:00:00.000Z,50,Tug,St. Petersburg,1
59.88226,30.19496,0,0,88,3,SPB,RU,141,0,KAPITAN SOROKIN,3,345312,31,43,28,5138,39,0,2016-12-14T12:55:04.000Z,st_petersburg,2016-12-14T00:00:00.000Z,50,Tug,St. Petersburg,1
59.88224,30.19493,0,0,88,2,SPB,RU,141,0,KAPITAN SOROKIN,3,345312,31,43,28,5138,39,0,2016-12-14T12:57:04.000Z,st_petersburg,2016-12-14T00:00:00.000Z,50,Tug,St. Petersburg,1
59.88226,30.19496,0,0,88,4,SPB,RU,141,0,KAPITAN SOROKIN,3,345312,31,43,28,5138,39,0,2016-12-14T12:57:04.000Z,st_petersburg,2016-12-14T00:00:00.000Z,50,Tug,St. Petersburg,1
59.88224,30.19493,0,0,88,4,SPB,RU,141,0,KAPITAN SOROKIN,3,345312,31,43,28,5138,39,0,2016-12-14T12:59:04.000Z,st_petersburg,2016-12-14T00:00:00.000Z,50,Tug,St. Petersburg,1
59.88224,30.19493,0,0,88,2,SPB,RU,141,0,KAPITAN SOROKIN,3,345312,31,43,28,5138,39,0,2016-12-14T12:59:04.000Z,st_petersburg,2016-12-14T00:00:00.000Z,50,Tug,St. Petersburg,1
59.88224,30.19493,0,0,88,6,SPB,RU,141,0,KAPITAN SOROKIN,3,345312,31,43,28,5138,39,0,2016-12-14T13:01:04.000Z,st_petersburg,2016-12-14T00:00:00.000Z,50,Tug,St. Petersburg,1
59.88224,30.19493,0,0,88,6,SPB,RU,141,0,KAPITAN SOROKIN,3,345312,31,43,28,5138,39,0,2016-12-14T13:01:05.000Z,st_petersburg,2016-12-14T00:00:00.000Z,50,Tug,St. Petersburg,1
59.88224,30.19493,0,0,88,8,SPB,RU,141,0,KAPITAN SOROKIN,3,345312,31,43,28,5138,39,0,2016-12-14T13:03:03.000Z,st_petersburg,2016-12-14T00:00:00.000Z,50,Tug,St. Petersburg,1
59.88224,30.19493,0,0,88,7,SPB,RU,141,0,KAPITAN SOROKIN,3,345312,31,43,28,5138,39,0,2016-12-14T13:03:04.000Z,st_petersburg,2016-12-14T00:00:00.000Z,50,Tug,St. Petersburg,1
59.88225,30.19495,0,0,88,2,SPB,RU,141,0,KAPITAN SOROKIN,3,345312,31,43,28,5138,39,0,2016-12-14T13:05:04.000Z,st_petersburg,2016-12-14T00:00:00.000Z,50,Tug,St. Petersburg,1
59.88225,30.19495,0,0,88,1,SPB,RU,141,0,KAPITAN SOROKIN,3,345312,31,43,28,5138,39,0,2016-12-14T13:05:05.000Z,st_petersburg,2016-12-14T00:00:00.000Z,50,Tug,St. Petersburg,1
59.88225,30.19495,0,0,88,4,SPB,RU,141,0,KAPITAN SOROKIN,3,345312,31,43,28,5138,39,0,2016-12-14T13:07:03.000Z,st_petersburg,2016-12-14T00:00:00.000Z,50,Tug,St. Petersburg,1
59.88225,30.19495,0,0,88,4,SPB,RU,141,0,KAPITAN SOROKIN,3,345312,31,43,28,5138,39,0,2016-12-14T13:07:04.000Z,st_petersburg,2016-12-14T00:00:00.000Z,50,Tug,St. Petersburg,1
59.88226,30.19493,0,0,88,3,SPB,RU,141,0,KAPITAN SOROKIN,3,345312,31,43,28,5138,39,0,2016-12-14T13:09:04.000Z,st_petersburg,2016-12-14T00:00:00.000Z,50,Tug,St. Petersburg,1
59.88226,30.19493,0,0,88,3,SPB,RU,141,0,KAPITAN SOROKIN,3,345312,31,43,28,5138,39,0,2016-12-14T13:09:05.000Z,st_petersburg,2016-12-14T00:00:00.000Z,50,Tug,St. Petersburg,1
59.88226,30.19494,0,0,88,2,SPB,RU,141,0,KAPITAN SOROKIN,3,345312,31,43,28,5138,39,0,2016-12-14T13:11:03.000Z,st_petersburg,2016-12-14T00:00:00.000Z,50,Tug,St. Petersburg,1
59.88226,30.19494,0,0,88,2,SPB,RU,141,0,KAPITAN SOROKIN,3,345312,31,43,28,5138,39,0,2016-12-14T13:11:04.000Z,st_petersburg,2016-12-14T00:00:00.000Z,50,Tug,St. Petersburg,1
59.88226,30.19494,0,0,88,4,SPB,RU,141,0,KAPITAN SOROKIN,3,345312,31,43,28,5138,39,0,2016-12-14T13:13:04.000Z,st_petersburg,2016-12-14T00:00:00.000Z,50,Tug,St. Petersburg,1
59.88226,30.19494,0,0,88,4,SPB,RU,141,0,KAPITAN SOROKIN,3,345312,31,43,28,5138,39,0,2016-12-14T13:13:05.000Z,st_petersburg,2016-12-14T00:00:00.000Z,50,Tug,St. Petersburg,1
59.88225,30.19491,0,0,88,3,SPB,RU,141,0,KAPITAN SOROKIN,3,345312,31,43,28,5138,39,1,2016-12-14T13:15:04.000Z,st_petersburg,2016-12-14T00:00:00.000Z,50,Tug,St. Petersburg,1
59.88225,30.19491,0,0,88,3,SPB,RU,141,0,KAPITAN SOROKIN,3,345312,31,43,28,5138,39,1,2016-12-14T13:15:05.000Z,st_petersburg,2016-12-14T00:00:00.000Z,50,Tug,St. Petersburg,1
59.88224,30.19493,0,0,88,2,SPB,RU,141,0,KAPITAN SOROKIN,3,345312,31,43,28,5138,39,1,2016-12-14T13:17:03.000Z,st_petersburg,2016-12-14T00:00:00.000Z,50,Tug,St. Petersburg,1
59.88224,30.19493,0,0,88,2,SPB,RU,141,0,KAPITAN SOROKIN,3,345312,31,43,28,5138,39,1,2016-12-14T13:17:04.000Z,st_petersburg,2016-12-14T00:00:00.000Z,50,Tug,St. Petersburg,1
59.88224,30.19493,0,0,88,4,SPB,RU,141,0,KAPITAN SOROKIN,3,345312,31,43,28,5138,39,0,2016-12-14T13:19:03.000Z,st_petersburg,2016-12-14T00:00:00.000Z,50,Tug,St. Petersburg,1
59.88224,30.19493,0,0,88,4,SPB,RU,141,0,KAPITAN SOROKIN,3,345312,31,43,28,5138,39,0,2016-12-14T13:19:04.000Z,st_petersburg,2016-12-14T00:00:00.000Z,50,Tug,St. Petersburg,1
59.88222,30.19494,0,0,88,3,SPB,RU,141,0,KAPITAN SOROKIN,3,345312,31,43,28,5138,39,1,2016-12-14T13:21:03.000Z,st_petersburg,2016-12-14T00:00:00.000Z,50,Tug,St. Petersburg,1
59.88222,30.19494,0,0,88,3,SPB,RU,141,0,KAPITAN SOROKIN,3,345312,31,43,28,5138,39,1,2016-12-14T13:21:04.000Z,st_petersburg,2016-12-14T00:00:00.000Z,50,Tug,St. Petersburg,1
59.88226,30.19494,0,0,88,2,SPB,RU,141,0,KAPITAN SOROKIN,3,345312,31,43,28,5138,39,1,2016-12-14T13:23:03.000Z,st_petersburg,2016-12-14T00:00:00.000Z,50,Tug,St. Petersburg,1
59.88226,30.19494,0,0,88,2,SPB,RU,141,0,KAPITAN SOROKIN,3,345312,31,43,28,5138,39,1,2016-12-14T13:23:04.000Z,st_petersburg,2016-12-14T00:00:00.000Z,50,Tug,St. Petersburg,1
59.88226,30.19494,0,0,88,4,SPB,RU,141,0,KAPITAN SOROKIN,3,345312,31,43,28,5138,39,0,2016-12-14T13:25:03.000Z,st_petersburg,2016-12-14T00:00:00.000Z,50,Tug,St. Petersburg,1
59.88226,30.19494,0,0,88,4,SPB,RU,141,0,KAPITAN SOROKIN,3,345312,31,43,28,5138,39,0,2016-12-14T13:25:04.000Z,st_petersburg,2016-12-14T00:00:00.000Z,50,Tug,St. Petersburg,1
59.88227,30.19497,0,0,88,3,SPB,RU,141,0,KAPITAN SOROKIN,3,345312,31,43,28,5138,39,0,2016-12-14T13:27:03.000Z,st_petersburg,2016-12-14T00:00:00.000Z,50,Tug,St. Petersburg,1
59.88227,30.19497,0,0,88,3,SPB,RU,141,0,KAPITAN SOROKIN,3,345312,31,43,28,5138,39,0,2016-12-14T13:27:04.000Z,st_petersburg,2016-12-14T00:00:00.000Z,50,Tug,St. Petersburg,1
59.88225,30.19495,0,0,88,2,SPB,RU,141,0,KAPITAN SOROKIN,3,345312,31,43,28,5138,39,0,2016-12-14T13:29:03.000Z,st_petersburg,2016-12-14T00:00:00.000Z,50,Tug,St. Petersburg,1
59.88225,30.19495,0,0,88,2,SPB,RU,141,0,KAPITAN SOROKIN,3,345312,31,43,28,5138,39,0,2016-12-14T13:29:04.000Z,st_petersburg,2016-12-14T00:00:00.000Z,50,Tug,St. Petersburg,1
59.88225,30.19495,0,0,88,4,SPB,RU,141,0,KAPITAN SOROKIN,3,345312,31,43,28,5138,39,1,2016-12-14T13:31:03.000Z,st_petersburg,2016-12-14T00:00:00.000Z,50,Tug,St. Petersburg,1
59.88225,30.19495,0,0,88,2,SPB,RU,141,0,KAPITAN SOROKIN,3,345312,31,43,28,5138,39,1,2016-12-14T13:31:04.000Z,st_petersburg,2016-12-14T00:00:00.000Z,50,Tug,St. Petersburg,1
59.88225,30.19495,0,0,88,6,SPB,RU,141,0,KAPITAN SOROKIN,3,345312,31,43,28,5138,39,1,2016-12-14T13:33:04.000Z,st_petersburg,2016-12-14T00:00:00.000Z,50,Tug,St. Petersburg,1
59.88225,30.19495,0,0,88,6,SPB,RU,141,0,KAPITAN SOROKIN,3,345312,31,43,28,5138,39,1,2016-12-14T13:33:05.000Z,st_petersburg,2016-12-14T00:00:00.000Z,50,Tug,St. Petersburg,1
59.88225,30.19495,0,0,88,8,SPB,RU,141,0,KAPITAN SOROKIN,3,345312,31,43,28,5138,39,1,2016-12-14T13:35:04.000Z,st_petersburg,2016-12-14T00:00:00.000Z,50,Tug,St. Petersburg,1
59.88225,30.19495,0,0,88,8,SPB,RU,141,0,KAPITAN SOROKIN,3,345312,31,43,28,5138,39,1,2016-12-14T13:35:05.000Z,st_petersburg,2016-12-14T00:00:00.000Z,50,Tug,St. Petersburg,1
59.88225,30.19495,0,0,88,2,SPB,RU,141,0,KAPITAN SOROKIN,3,345312,31,43,28,5138,39,1,2016-12-14T13:37:04.000Z,st_petersburg,2016-12-14T00:00:00.000Z,50,Tug,St. Petersburg,1
59.88225,30.19495,0,0,88,2,SPB,RU,141,0,KAPITAN SOROKIN,3,345312,31,43,28,5138,39,1,2016-12-14T13:37:05.000Z,st_petersburg,2016-12-14T00:00:00.000Z,50,Tug,St. Petersburg,1
59.88225,30.19495,0,0,88,4,SPB,RU,141,0,KAPITAN SOROKIN,3,345312,31,43,28,5138,39,1,2016-12-14T13:39:04.000Z,st_petersburg,2016-12-14T00:00:00.000Z,50,Tug,St. Petersburg,1
59.88225,30.19495,0,0,88,4,SPB,RU,141,0,KAPITAN SOROKIN,3,345312,31,43,28,5138,39,1,2016-12-14T13:39:05.000Z,st_petersburg,2016-12-14T00:00:00.000Z,50,Tug,St. Petersburg,1
59.88223,30.19493,0,0,88,3,SPB,RU,141,0,KAPITAN SOROKIN,3,345312,31,43,28,5138,39,1,2016-12-14T13:41:03.000Z,st_petersburg,2016-12-14T00:00:00.000Z,50,Tug,St. Petersburg,1
59.88223,30.19493,0,0,88,3,SPB,RU,141,0,KAPITAN SOROKIN,3,345312,31,43,28,5138,39,1,2016-12-14T13:41:04.000Z,st_petersburg,2016-12-14T00:00:00.000Z,50,Tug,St. Petersburg,1
59.88226,30.19493,0,0,88,2,SPB,RU,141,0,KAPITAN SOROKIN,3,345312,31,43,28,5138,39,1,2016-12-14T13:43:04.000Z,st_petersburg,2016-12-14T00:00:00.000Z,50,Tug,St. Petersburg,1
59.88226,30.19493,0,0,88,2,SPB,RU,141,0,KAPITAN SOROKIN,3,345312,31,43,28,5138,39,1,2016-12-14T13:43:06.000Z,st_petersburg,2016-12-14T00:00:00.000Z,50,Tug,St. Petersburg,1
59.88226,30.19493,0,0,88,4,SPB,RU,141,0,KAPITAN SOROKIN,3,345312,31,43,28,5138,39,0,2016-12-14T13:45:04.000Z,st_petersburg,2016-12-14T00:00:00.000Z,50,Tug,St. Petersburg,1
59.88226,30.19493,0,0,88,4,SPB,RU,141,0,KAPITAN SOROKIN,3,345312,31,43,28,5138,39,0,2016-12-14T13:45:04.000Z,st_petersburg,2016-12-14T00:00:00.000Z,50,Tug,St. Petersburg,1
59.88226,30.19493,0,0,88,6,SPB,RU,141,0,KAPITAN SOROKIN,3,345312,31,43,28,5138,39,0,2016-12-14T13:47:03.000Z,st_petersburg,2016-12-14T00:00:00.000Z,50,Tug,St. Petersburg,1
59.88226,30.19493,0,0,88,5,SPB,RU,141,0,KAPITAN SOROKIN,3,345312,31,43,28,5138,39,0,2016-12-14T13:47:04.000Z,st_petersburg,2016-12-14T00:00:00.000Z,50,Tug,St. Petersburg,1
59.88226,30.19493,0,0,88,8,SPB,RU,141,0,KAPITAN SOROKIN,3,345312,31,43,28,5138,39,0,2016-12-14T13:49:04.000Z,st_petersburg,2016-12-14T00:00:00.000Z,50,Tug,St. Petersburg,1
59.88226,30.19493,0,0,88,8,SPB,RU,141,0,KAPITAN SOROKIN,3,345312,31,43,28,5138,39,0,2016-12-14T13:49:04.000Z,st_petersburg,2016-12-14T00:00:00.000Z,50,Tug,St. Petersburg,1
59.88225,30.19494,0,0,88,2,SPB,RU,141,0,KAPITAN SOROKIN,3,345312,31,43,28,5138,39,1,2016-12-14T13:51:04.000Z,st_petersburg,2016-12-14T00:00:00.000Z,50,Tug,St. Petersburg,1
59.88225,30.19494,0,0,88,2,SPB,RU,141,0,KAPITAN SOROKIN,3,345312,31,43,28,5138,39,1,2016-12-14T13:51:04.000Z,st_petersburg,2016-12-14T00:00:00.000Z,50,Tug,St. Petersburg,1
59.88225,30.19494,0,0,88,4,SPB,RU,141,0,KAPITAN SOROKIN,3,345312,31,43,28,5138,39,1,2016-12-14T13:53:04.000Z,st_petersburg,2016-12-14T00:00:00.000Z,50,Tug,St. Petersburg,1
59.88225,30.19494,0,0,88,4,SPB,RU,141,0,KAPITAN SOROKIN,3,345312,31,43,28,5138,39,1,2016-12-14T13:53:04.000Z,st_petersburg,2016-12-14T00:00:00.000Z,50,Tug,St. Petersburg,1
59.88227,30.19491,0,0,88,3,SPB,RU,141,0,KAPITAN SOROKIN,3,345312,31,43,28,5138,39,1,2016-12-14T13:55:03.000Z,st_petersburg,2016-12-14T00:00:00.000Z,50,Tug,St. Petersburg,1
59.88227,30.19491,0,0,88,3,SPB,RU,141,0,KAPITAN SOROKIN,3,345312,31,43,28,5138,39,1,2016-12-14T13:55:04.000Z,st_petersburg,2016-12-14T00:00:00.000Z,50,Tug,St. Petersburg,1
59.88227,30.19493,0,0,88,2,SPB,RU,141,0,KAPITAN SOROKIN,3,345312,31,43,28,5138,39,0,2016-12-14T13:57:04.000Z,st_petersburg,2016-12-14T00:00:00.000Z,50,Tug,St. Petersburg,1
59.88227,30.19493,0,0,88,2,SPB,RU,141,0,KAPITAN SOROKIN,3,345312,31,43,28,5138,39,0,2016-12-14T13:57:05.000Z,st_petersburg,2016-12-14T00:00:00.000Z,50,Tug,St. Petersburg,1
59.88227,30.19493,0,0,88,2,SPB,RU,141,0,KAPITAN SOROKIN,3,345312,31,43,28,5138,39,0,2016-12-14T13:59:03.000Z,st_petersburg,2016-12-14T00:00:00.000Z,50,Tug,St. Petersburg,1
59.88227,30.19493,0,0,88,4,SPB,RU,141,0,KAPITAN SOROKIN,3,345312,31,43,28,5138,39,0,2016-12-14T13:59:05.000Z,st_petersburg,2016-12-14T00:00:00.000Z,50,Tug,St. Petersburg,1
59.88223,30.19493,0,0,88,3,SPB,RU,141,0,KAPITAN SOROKIN,3,345312,31,43,28,5138,39,1,2016-12-14T14:01:02.000Z,st_petersburg,2016-12-14T00:00:00.000Z,50,Tug,St. Petersburg,1
59.88223,30.19493,0,0,88,3,SPB,RU,141,0,KAPITAN SOROKIN,3,345312,31,43,28,5138,39,1,2016-12-14T14:01:03.000Z,st_petersburg,2016-12-14T00:00:00.000Z,50,Tug,St. Petersburg,1
59.88225,30.19495,0,0,88,2,SPB,RU,141,0,KAPITAN SOROKIN,3,345312,31,43,28,5138,39,1,2016-12-14T14:03:03.000Z,st_petersburg,2016-12-14T00:00:00.000Z,50,Tug,St. Petersburg,1
59.88225,30.19495,0,0,88,2,SPB,RU,141,0,KAPITAN SOROKIN,3,345312,31,43,28,5138,39,1,2016-12-14T14:03:04.000Z,st_petersburg,2016-12-14T00:00:00.000Z,50,Tug,St. Petersburg,1
59.88225,30.19495,0,0,88,4,SPB,RU,141,0,KAPITAN SOROKIN,3,345312,31,43,28,5138,39,1,2016-12-14T14:05:03.000Z,st_petersburg,2016-12-14T00:00:00.000Z,50,Tug,St. Petersburg,1
59.88225,30.19495,0,0,88,4,SPB,RU,141,0,KAPITAN SOROKIN,3,345312,31,43,28,5138,39,1,2016-12-14T14:05:04.000Z,st_petersburg,2016-12-14T00:00:00.000Z,50,Tug,St. Petersburg,1
59.88223,30.19494,0,0,88,2,SPB,RU,141,0,KAPITAN SOROKIN,3,345312,31,43,28,5138,39,0,2016-12-14T14:07:04.000Z,st_petersburg,2016-12-14T00:00:00.000Z,50,Tug,St. Petersburg,1
59.88223,30.19494,0,0,88,2,SPB,RU,141,0,KAPITAN SOROKIN,3,345312,31,43,28,5138,39,0,2016-12-14T14:07:04.000Z,st_petersburg,2016-12-14T00:00:00.000Z,50,Tug,St. Petersburg,1
59.88223,30.19494,0,0,88,4,SPB,RU,141,0,KAPITAN SOROKIN,3,345312,31,43,28,5138,39,0,2016-12-14T14:09:04.000Z,st_petersburg,2016-12-14T00:00:00.000Z,50,Tug,St. Petersburg,1
59.88223,30.19494,0,0,88,2,SPB,RU,141,0,KAPITAN SOROKIN,3,345312,31,43,28,5138,39,0,2016-12-14T14:09:05.000Z,st_petersburg,2016-12-14T00:00:00.000Z,50,Tug,St. Petersburg,1
59.88223,30.19494,0,0,88,4,SPB,RU,141,0,KAPITAN SOROKIN,3,345312,31,43,28,5138,39,0,2016-12-14T14:11:03.000Z,st_petersburg,2016-12-14T00:00:00.000Z,50,Tug,St. Petersburg,1
59.88223,30.19494,0,0,88,6,SPB,RU,141,0,KAPITAN SOROKIN,3,345312,31,43,28,5138,39,0,2016-12-14T14:11:04.000Z,st_petersburg,2016-12-14T00:00:00.000Z,50,Tug,St. Petersburg,1
59.88223,30.19494,0,0,88,8,SPB,RU,141,0,KAPITAN SOROKIN,3,345312,31,43,28,5138,39,0,2016-12-14T14:13:03.000Z,st_petersburg,2016-12-14T00:00:00.000Z,50,Tug,St. Petersburg,1
59.88223,30.19494,0,0,88,8,SPB,RU,141,0,KAPITAN SOROKIN,3,345312,31,43,28,5138,39,0,2016-12-14T14:13:04.000Z,st_petersburg,2016-12-14T00:00:00.000Z,50,Tug,St. Petersburg,1
59.88225,30.19496,0,0,88,1,SPB,RU,141,0,KAPITAN SOROKIN,3,345312,31,43,28,5138,39,0,2016-12-14T14:15:03.000Z,st_petersburg,2016-12-14T00:00:00.000Z,50,Tug,St. Petersburg,1
59.88225,30.19496,0,0,88,2,SPB,RU,141,0,KAPITAN SOROKIN,3,345312,31,43,28,5138,39,0,2016-12-14T14:15:04.000Z,st_petersburg,2016-12-14T00:00:00.000Z,50,Tug,St. Petersburg,1
59.88225,30.19496,0,0,88,4,SPB,RU,141,0,KAPITAN SOROKIN,3,345312,31,43,28,5138,39,0,2016-12-14T14:17:03.000Z,st_petersburg,2016-12-14T00:00:00.000Z,50,Tug,St. Petersburg,1
59.88225,30.19496,0,0,88,4,SPB,RU,141,0,KAPITAN SOROKIN,3,345312,31,43,28,5138,39,0,2016-12-14T14:17:04.000Z,st_petersburg,2016-12-14T00:00:00.000Z,50,Tug,St. Petersburg,1
59.88225,30.19496,0,0,88,6,SPB,RU,141,0,KAPITAN SOROKIN,3,345312,31,43,28,5138,39,1,2016-12-14T14:19:03.000Z,st_petersburg,2016-12-14T00:00:00.000Z,50,Tug,St. Petersburg,1
59.88225,30.19496,0,0,88,6,SPB,RU,141,0,KAPITAN SOROKIN,3,345312,31,43,28,5138,39,1,2016-12-14T14:19:04.000Z,st_petersburg,2016-12-14T00:00:00.000Z,50,Tug,St. Petersburg,1
59.88225,30.19494,0,0,88,2,SPB,RU,141,0,KAPITAN SOROKIN,3,345312,31,43,28,5138,39,0,2016-12-14T14:21:04.000Z,st_petersburg,2016-12-14T00:00:00.000Z,50,Tug,St. Petersburg,1
59.88225,30.19494,0,0,88,2,SPB,RU,141,0,KAPITAN SOROKIN,3,345312,31,43,28,5138,39,0,2016-12-14T14:21:05.000Z,st_petersburg,2016-12-14T00:00:00.000Z,50,Tug,St. Petersburg,1
59.88225,30.19494,0,0,88,4,SPB,RU,141,0,KAPITAN SOROKIN,3,345312,31,43,28,5138,39,0,2016-12-14T14:23:04.000Z,st_petersburg,2016-12-14T00:00:00.000Z,50,Tug,St. Petersburg,1
59.88225,30.19494,0,0,88,4,SPB,RU,141,0,KAPITAN SOROKIN,3,345312,31,43,28,5138,39,0,2016-12-14T14:23:05.000Z,st_petersburg,2016-12-14T00:00:00.000Z,50,Tug,St. Petersburg,1
59.88225,30.19495,0,0,88,3,SPB,RU,141,0,KAPITAN SOROKIN,3,345312,31,43,28,5138,39,0,2016-12-14T14:25:04.000Z,st_petersburg,2016-12-14T00:00:00.000Z,50,Tug,St. Petersburg,1
59.88225,30.19495,0,0,88,3,SPB,RU,141,0,KAPITAN SOROKIN,3,345312,31,43,28,5138,39,0,2016-12-14T14:25:05.000Z,st_petersburg,2016-12-14T00:00:00.000Z,50,Tug,St. Petersburg,1
59.88225,30.19495,0,0,88,5,SPB,RU,141,0,KAPITAN SOROKIN,3,345312,31,43,28,5138,39,0,2016-12-14T14:27:03.000Z,st_petersburg,2016-12-14T00:00:00.000Z,50,Tug,St. Petersburg,1
59.88225,30.19495,0,0,88,5,SPB,RU,141,0,KAPITAN SOROKIN,3,345312,31,43,28,5138,39,0,2016-12-14T14:27:04.000Z,st_petersburg,2016-12-14T00:00:00.000Z,50,Tug,St. Petersburg,1
59.88225,30.19495,0,0,88,7,SPB,RU,141,0,KAPITAN SOROKIN,3,345312,31,43,28,5138,39,0,2016-12-14T14:29:03.000Z,st_petersburg,2016-12-14T00:00:00.000Z,50,Tug,St. Petersburg,1
59.88225,30.19495,0,0,88,7,SPB,RU,141,0,KAPITAN SOROKIN,3,345312,31,43,28,5138,39,0,2016-12-14T14:29:04.000Z,st_petersburg,2016-12-14T00:00:00.000Z,50,Tug,St. Petersburg,1
59.88225,30.19495,0,0,88,9,SPB,RU,141,0,KAPITAN SOROKIN,3,345312,31,43,28,5138,39,0,2016-12-14T14:31:03.000Z,st_petersburg,2016-12-14T00:00:00.000Z,50,Tug,St. Petersburg,1
59.88225,30.19495,0,0,88,9,SPB,RU,141,0,KAPITAN SOROKIN,3,345312,31,43,28,5138,39,0,2016-12-14T14:31:04.000Z,st_petersburg,2016-12-14T00:00:00.000Z,50,Tug,St. Petersburg,1
59.88227,30.19495,0,0,88,3,SPB,RU,141,0,KAPITAN SOROKIN,3,345312,31,43,28,5138,39,0,2016-12-14T14:33:04.000Z,st_petersburg,2016-12-14T00:00:00.000Z,50,Tug,St. Petersburg,1
59.88227,30.19495,0,0,88,3,SPB,RU,141,0,KAPITAN SOROKIN,3,345312,31,43,28,5138,39,0,2016-12-14T14:33:04.000Z,st_petersburg,2016-12-14T00:00:00.000Z,50,Tug,St. Petersburg,1
59.88227,30.19495,0,0,88,5,SPB,RU,141,0,KAPITAN SOROKIN,3,345312,31,43,28,5138,39,0,2016-12-14T14:35:04.000Z,st_petersburg,2016-12-14T00:00:00.000Z,50,Tug,St. Petersburg,1
59.88227,30.19495,0,0,88,5,SPB,RU,141,0,KAPITAN SOROKIN,3,345312,31,43,28,5138,39,0,2016-12-14T14:35:05.000Z,st_petersburg,2016-12-14T00:00:00.000Z,50,Tug,St. Petersburg,1
59.88227,30.19495,0,0,88,7,SPB,RU,141,0,KAPITAN SOROKIN,3,345312,31,43,28,5138,39,0,2016-12-14T14:37:03.000Z,st_petersburg,2016-12-14T00:00:00.000Z,50,Tug,St. Petersburg,1
59.88227,30.19495,0,0,88,7,SPB,RU,141,0,KAPITAN SOROKIN,3,345312,31,43,28,5138,39,0,2016-12-14T14:37:04.000Z,st_petersburg,2016-12-14T00:00:00.000Z,50,Tug,St. Petersburg,1
59.88227,30.19495,0,0,88,9,SPB,RU,141,0,KAPITAN SOROKIN,3,345312,31,43,28,5138,39,0,2016-12-14T14:39:03.000Z,st_petersburg,2016-12-14T00:00:00.000Z,50,Tug,St. Petersburg,1
59.88227,30.19495,0,0,88,8,SPB,RU,141,0,KAPITAN SOROKIN,3,345312,31,43,28,5138,39,0,2016-12-14T14:39:04.000Z,st_petersburg,2016-12-14T00:00:00.000Z,50,Tug,St. Petersburg,1
59.88227,30.19491,0,0,88,3,SPB,RU,141,0,KAPITAN SOROKIN,3,345312,31,43,28,5138,39,0,2016-12-14T14:41:03.000Z,st_petersburg,2016-12-14T00:00:00.000Z,50,Tug,St. Petersburg,1
59.88227,30.19491,0,0,88,3,SPB,RU,141,0,KAPITAN SOROKIN,3,345312,31,43,28,5138,39,0,2016-12-14T14:41:04.000Z,st_petersburg,2016-12-14T00:00:00.000Z,50,Tug,St. Petersburg,1
59.88227,30.19491,0,0,88,2,SPB,RU,141,0,KAPITAN SOROKIN,3,345312,31,43,28,5138,39,0,2016-12-14T14:43:03.000Z,st_petersburg,2016-12-14T00:00:00.000Z,50,Tug,St. Petersburg,1
59.88227,30.19491,0,0,88,2,SPB,RU,141,0,KAPITAN SOROKIN,3,345312,31,43,28,5138,39,0,2016-12-14T14:43:04.000Z,st_petersburg,2016-12-14T00:00:00.000Z,50,Tug,St. Petersburg,1
59.88227,30.19491,0,0,88,4,SPB,RU,141,0,KAPITAN SOROKIN,3,345312,31,43,28,5138,39,0,2016-12-14T14:45:03.000Z,st_petersburg,2016-12-14T00:00:00.000Z,50,Tug,St. Petersburg,1
59.88227,30.19491,0,0,88,4,SPB,RU,141,0,KAPITAN SOROKIN,3,345312,31,43,28,5138,39,0,2016-12-14T14:45:04.000Z,st_petersburg,2016-12-14T00:00:00.000Z,50,Tug,St. Petersburg,1
59.88227,30.19493,0,0,88,3,SPB,RU,141,0,KAPITAN SOROKIN,3,345312,31,43,28,5138,39,0,2016-12-14T14:47:03.000Z,st_petersburg,2016-12-14T00:00:00.000Z,50,Tug,St. Petersburg,1
59.88227,30.19493,0,0,88,3,SPB,RU,141,0,KAPITAN SOROKIN,3,345312,31,43,28,5138,39,0,2016-12-14T14:47:04.000Z,st_petersburg,2016-12-14T00:00:00.000Z,50,Tug,St. Petersburg,1
59.88225,30.19494,0,0,88,2,SPB,RU,141,0,KAPITAN SOROKIN,3,345312,31,43,28,5138,39,0,2016-12-14T14:49:04.000Z,st_petersburg,2016-12-14T00:00:00.000Z,50,Tug,St. Petersburg,1
59.88225,30.19494,0,0,88,2,SPB,RU,141,0,KAPITAN SOROKIN,3,345312,31,43,28,5138,39,0,2016-12-14T14:49:04.000Z,st_petersburg,2016-12-14T00:00:00.000Z,50,Tug,St. Petersburg,1
59.88225,30.19494,0,0,88,4,SPB,RU,141,0,KAPITAN SOROKIN,3,345312,31,43,28,5138,39,0,2016-12-14T14:51:04.000Z,st_petersburg,2016-12-14T00:00:00.000Z,50,Tug,St. Petersburg,1
59.88225,30.19494,0,0,88,4,SPB,RU,141,0,KAPITAN SOROKIN,3,345312,31,43,28,5138,39,0,2016-12-14T14:51:05.000Z,st_petersburg,2016-12-14T00:00:00.000Z,50,Tug,St. Petersburg,1
59.88225,30.19494,0,0,88,6,SPB,RU,141,0,KAPITAN SOROKIN,3,345312,31,43,28,5138,39,0,2016-12-14T14:53:04.000Z,st_petersburg,2016-12-14T00:00:00.000Z,50,Tug,St. Petersburg,1
59.88225,30.19494,0,0,88,6,SPB,RU,141,0,KAPITAN SOROKIN,3,345312,31,43,28,5138,39,0,2016-12-14T14:53:05.000Z,st_petersburg,2016-12-14T00:00:00.000Z,50,Tug,St. Petersburg,1
59.88225,30.19494,0,0,88,8,SPB,RU,141,0,KAPITAN SOROKIN,3,345312,31,43,28,5138,39,0,2016-12-14T14:55:04.000Z,st_petersburg,2016-12-14T00:00:00.000Z,50,Tug,St. Petersburg,1
59.88225,30.19494,0,0,88,8,SPB,RU,141,0,KAPITAN SOROKIN,3,345312,31,43,28,5138,39,0,2016-12-14T14:55:05.000Z,st_petersburg,2016-12-14T00:00:00.000Z,50,Tug,St. Petersburg,1
59.88225,30.19495,0,0,88,2,SPB,RU,141,0,KAPITAN SOROKIN,3,345312,31,43,28,5138,39,0,2016-12-14T14:57:05.000Z,st_petersburg,2016-12-14T00:00:00.000Z,50,Tug,St. Petersburg,1
59.88225,30.19495,0,0,88,2,SPB,RU,141,0,KAPITAN SOROKIN,3,345312,31,43,28,5138,39,0,2016-12-14T14:57:06.000Z,st_petersburg,2016-12-14T00:00:00.000Z,50,Tug,St. Petersburg,1
59.88225,30.19495,0,0,88,2,SPB,RU,141,0,KAPITAN SOROKIN,3,345312,31,43,28,5138,39,0,2016-12-14T14:59:03.000Z,st_petersburg,2016-12-14T00:00:00.000Z,50,Tug,St. Petersburg,1
59.88225,30.19495,0,0,88,2,SPB,RU,141,0,KAPITAN SOROKIN,3,345312,31,43,28,5138,39,0,2016-12-14T14:59:04.000Z,st_petersburg,2016-12-14T00:00:00.000Z,50,Tug,St. Petersburg,1
59.88228,30.19494,0,0,88,3,SPB,RU,141,0,KAPITAN SOROKIN,3,345312,31,43,28,5138,39,0,2016-12-14T15:01:03.000Z,st_petersburg,2016-12-14T00:00:00.000Z,50,Tug,St. Petersburg,1
59.88228,30.19494,0,0,88,2,SPB,RU,141,0,KAPITAN SOROKIN,3,345312,31,43,28,5138,39,0,2016-12-14T15:01:04.000Z,st_petersburg,2016-12-14T00:00:00.000Z,50,Tug,St. Petersburg,1
59.88228,30.19494,0,0,88,3,SPB,RU,141,0,KAPITAN SOROKIN,3,345312,31,43,28,5138,39,0,2016-12-14T15:03:04.000Z,st_petersburg,2016-12-14T00:00:00.000Z,50,Tug,St. Petersburg,1
59.88228,30.19494,0,0,88,5,SPB,RU,141,0,KAPITAN SOROKIN,3,345312,31,43,28,5138,39,0,2016-12-14T15:03:04.000Z,st_petersburg,2016-12-14T00:00:00.000Z,50,Tug,St. Petersburg,1
59.88225,30.19496,0,0,88,3,SPB,RU,141,0,KAPITAN SOROKIN,3,345312,31,43,28,5138,39,0,2016-12-14T15:05:04.000Z,st_petersburg,2016-12-14T00:00:00.000Z,50,Tug,St. Petersburg,1
59.88228,30.19494,0,0,88,5,SPB,RU,141,0,KAPITAN SOROKIN,3,345312,31,43,28,5138,39,0,2016-12-14T15:05:05.000Z,st_petersburg,2016-12-14T00:00:00.000Z,50,Tug,St. Petersburg,1
59.88224,30.19493,0,0,88,2,SPB,RU,141,0,KAPITAN SOROKIN,3,345312,31,43,28,5138,39,0,2016-12-14T15:07:03.000Z,st_petersburg,2016-12-14T00:00:00.000Z,50,Tug,St. Petersburg,1
59.88224,30.19493,0,0,88,2,SPB,RU,141,0,KAPITAN SOROKIN,3,345312,31,43,28,5138,39,0,2016-12-14T15:07:04.000Z,st_petersburg,2016-12-14T00:00:00.000Z,50,Tug,St. Petersburg,1
59.88224,30.19493,0,0,88,4,SPB,RU,141,0,KAPITAN SOROKIN,3,345312,31,43,28,5138,39,0,2016-12-14T15:09:04.000Z,st_petersburg,2016-12-14T00:00:00.000Z,50,Tug,St. Petersburg,1
59.88224,30.19493,0,0,88,4,SPB,RU,141,0,KAPITAN SOROKIN,3,345312,31,43,28,5138,39,0,2016-12-14T15:09:05.000Z,st_petersburg,2016-12-14T00:00:00.000Z,50,Tug,St. Petersburg,1
59.88224,30.19493,0,0,88,6,SPB,RU,141,0,KAPITAN SOROKIN,3,345312,31,43,28,5138,39,1,2016-12-14T15:11:03.000Z,st_petersburg,2016-12-14T00:00:00.000Z,50,Tug,St. Petersburg,1
59.88224,30.19493,0,0,88,5,SPB,RU,141,0,KAPITAN SOROKIN,3,345312,31,43,28,5138,39,1,2016-12-14T15:11:04.000Z,st_petersburg,2016-12-14T00:00:00.000Z,50,Tug,St. Petersburg,1
59.88224,30.19493,0,0,88,8,SPB,RU,141,0,KAPITAN SOROKIN,3,345312,31,43,28,5138,39,1,2016-12-14T15:13:03.000Z,st_petersburg,2016-12-14T00:00:00.000Z,50,Tug,St. Petersburg,1
59.88224,30.19493,0,0,88,8,SPB,RU,141,0,KAPITAN SOROKIN,3,345312,31,43,28,5138,39,1,2016-12-14T15:13:04.000Z,st_petersburg,2016-12-14T00:00:00.000Z,50,Tug,St. Petersburg,1
59.88224,30.19493,0,0,88,10,SPB,RU,141,0,KAPITAN SOROKIN,3,345312,31,43,28,5138,39,1,2016-12-14T15:15:03.000Z,st_petersburg,2016-12-14T00:00:00.000Z,50,Tug,St. Petersburg,1
59.88224,30.19493,0,0,88,9,SPB,RU,141,0,KAPITAN SOROKIN,3,345312,31,43,28,5138,39,1,2016-12-14T15:15:04.000Z,st_petersburg,2016-12-14T00:00:00.000Z,50,Tug,St. Petersburg,1
59.88224,30.19493,0,0,88,12,SPB,RU,141,0,KAPITAN SOROKIN,3,345312,31,43,28,5138,39,1,2016-12-14T15:17:04.000Z,st_petersburg,2016-12-14T00:00:00.000Z,50,Tug,St. Petersburg,1
59.88224,30.19493,0,0,88,11,SPB,RU,141,0,KAPITAN SOROKIN,3,345312,31,43,28,5138,39,1,2016-12-14T15:17:04.000Z,st_petersburg,2016-12-14T00:00:00.000Z,50,Tug,St. Petersburg,1
59.88224,30.19493,0,0,88,14,SPB,RU,141,0,KAPITAN SOROKIN,3,345312,31,43,28,5138,39,0,2016-12-14T15:19:04.000Z,st_petersburg,2016-12-14T00:00:00.000Z,50,Tug,St. Petersburg,1
59.88224,30.19493,0,0,88,14,SPB,RU,141,0,KAPITAN SOROKIN,3,345312,31,43,28,5138,39,0,2016-12-14T15:19:05.000Z,st_petersburg,2016-12-14T00:00:00.000Z,50,Tug,St. Petersburg,1
59.88228,30.19498,0,0,88,2,SPB,RU,141,0,KAPITAN SOROKIN,3,345312,31,43,28,5138,39,0,2016-12-14T15:21:03.000Z,st_petersburg,2016-12-14T00:00:00.000Z,50,Tug,St. Petersburg,1
59.88228,30.19498,0,0,88,2,SPB,RU,141,0,KAPITAN SOROKIN,3,345312,31,43,28,5138,39,0,2016-12-14T15:21:04.000Z,st_petersburg,2016-12-14T00:00:00.000Z,50,Tug,St. Petersburg,1
59.88228,30.19498,0,0,88,4,SPB,RU,141,0,KAPITAN SOROKIN,3,345312,31,43,28,5138,39,0,2016-12-14T15:23:03.000Z,st_petersburg,2016-12-14T00:00:00.000Z,50,Tug,St. Petersburg,1
59.88228,30.19498,0,0,88,4,SPB,RU,141,0,KAPITAN SOROKIN,3,345312,31,43,28,5138,39,0,2016-12-14T15:23:04.000Z,st_petersburg,2016-12-14T00:00:00.000Z,50,Tug,St. Petersburg,1
59.88228,30.19498,0,0,88,6,SPB,RU,141,0,KAPITAN SOROKIN,3,345312,31,43,28,5138,39,1,2016-12-14T15:25:04.000Z,st_petersburg,2016-12-14T00:00:00.000Z,50,Tug,St. Petersburg,1
59.88228,30.19498,0,0,88,6,SPB,RU,141,0,KAPITAN SOROKIN,3,345312,31,43,28,5138,39,1,2016-12-14T15:25:05.000Z,st_petersburg,2016-12-14T00:00:00.000Z,50,Tug,St. Petersburg,1
59.88228,30.19498,0,0,88,8,SPB,RU,141,0,KAPITAN SOROKIN,3,345312,31,43,28,5138,39,1,2016-12-14T15:27:04.000Z,st_petersburg,2016-12-14T00:00:00.000Z,50,Tug,St. Petersburg,1
59.88228,30.19498,0,0,88,8,SPB,RU,141,0,KAPITAN SOROKIN,3,345312,31,43,28,5138,39,1,2016-12-14T15:27:05.000Z,st_petersburg,2016-12-14T00:00:00.000Z,50,Tug,St. Petersburg,1
59.88228,30.19498,0,0,88,8,SPB,RU,141,0,KAPITAN SOROKIN,3,345312,31,43,28,5138,39,1,2016-12-14T15:29:03.000Z,st_petersburg,2016-12-14T00:00:00.000Z,50,Tug,St. Petersburg,1
59.88227,30.19496,0,0,88,2,SPB,RU,141,0,KAPITAN SOROKIN,3,345312,31,43,28,5138,39,0,2016-12-14T15:29:04.000Z,st_petersburg,2016-12-14T00:00:00.000Z,50,Tug,St. Petersburg,1
59.88227,30.19496,0,0,88,4,SPB,RU,141,0,KAPITAN SOROKIN,3,345312,31,43,28,5138,39,0,2016-12-14T15:31:13.000Z,st_petersburg,2016-12-14T00:00:00.000Z,50,Tug,St. Petersburg,1
59.88227,30.19496,0,0,88,4,SPB,RU,141,0,KAPITAN SOROKIN,3,345312,31,43,28,5138,39,0,2016-12-14T15:31:13.000Z,st_petersburg,2016-12-14T00:00:00.000Z,50,Tug,St. Petersburg,1
59.88228,30.19494,0,0,88,3,SPB,RU,141,0,KAPITAN SOROKIN,3,345312,31,43,28,5138,39,0,2016-12-14T15:33:04.000Z,st_petersburg,2016-12-14T00:00:00.000Z,50,Tug,St. Petersburg,1
59.88227,30.19496,0,0,88,4,SPB,RU,141,0,KAPITAN SOROKIN,3,345312,31,43,28,5138,39,0,2016-12-14T15:33:05.000Z,st_petersburg,2016-12-14T00:00:00.000Z,50,Tug,St. Petersburg,1
59.88228,30.19494,0,0,88,5,SPB,RU,141,0,KAPITAN SOROKIN,3,345312,31,43,28,5138,39,0,2016-12-14T15:35:04.000Z,st_petersburg,2016-12-14T00:00:00.000Z,50,Tug,St. Petersburg,1
59.88228,30.19494,0,0,88,5,SPB,RU,141,0,KAPITAN SOROKIN,3,345312,31,43,28,5138,39,0,2016-12-14T15:35:05.000Z,st_petersburg,2016-12-14T00:00:00.000Z,50,Tug,St. Petersburg,1
59.88227,30.19496,0,0,88,3,SPB,RU,141,0,KAPITAN SOROKIN,3,345312,31,43,28,5138,39,0,2016-12-14T15:37:04.000Z,st_petersburg,2016-12-14T00:00:00.000Z,50,Tug,St. Petersburg,1
59.88227,30.19496,0,0,88,2,SPB,RU,141,0,KAPITAN SOROKIN,3,345312,31,43,28,5138,39,0,2016-12-14T15:37:05.000Z,st_petersburg,2016-12-14T00:00:00.000Z,50,Tug,St. Petersburg,1
59.88227,30.19496,0,0,88,5,SPB,RU,141,0,KAPITAN SOROKIN,3,345312,31,43,28,5138,39,0,2016-12-14T15:39:04.000Z,st_petersburg,2016-12-14T00:00:00.000Z,50,Tug,St. Petersburg,1
59.88227,30.19496,0,0,88,4,SPB,RU,141,0,KAPITAN SOROKIN,3,345312,31,43,28,5138,39,0,2016-12-14T15:39:05.000Z,st_petersburg,2016-12-14T00:00:00.000Z,50,Tug,St. Petersburg,1
59.88227,30.19496,0,0,88,7,SPB,RU,141,0,KAPITAN SOROKIN,3,345312,31,43,28,5138,39,0,2016-12-14T15:41:03.000Z,st_petersburg,2016-12-14T00:00:00.000Z,50,Tug,St. Petersburg,1
59.88227,30.19496,0,0,88,7,SPB,RU,141,0,KAPITAN SOROKIN,3,345312,31,43,28,5138,39,0,2016-12-14T15:41:04.000Z,st_petersburg,2016-12-14T00:00:00.000Z,50,Tug,St. Petersburg,1
59.88227,30.19496,0,0,88,9,SPB,RU,141,0,KAPITAN SOROKIN,3,345312,31,43,28,5138,39,0,2016-12-14T15:43:03.000Z,st_petersburg,2016-12-14T00:00:00.000Z,50,Tug,St. Petersburg,1
59.88227,30.19496,0,0,88,9,SPB,RU,141,0,KAPITAN SOROKIN,3,345312,31,43,28,5138,39,0,2016-12-14T15:43:04.000Z,st_petersburg,2016-12-14T00:00:00.000Z,50,Tug,St. Petersburg,1
59.88223,30.19495,0,0,88,3,SPB,RU,141,0,KAPITAN SOROKIN,3,345312,31,43,28,5138,39,0,2016-12-14T15:45:03.000Z,st_petersburg,2016-12-14T00:00:00.000Z,50,Tug,St. Petersburg,1
59.88227,30.19496,0,0,88,9,SPB,RU,141,0,KAPITAN SOROKIN,3,345312,31,43,28,5138,39,0,2016-12-14T15:45:04.000Z,st_petersburg,2016-12-14T00:00:00.000Z,50,Tug,St. Petersburg,1
59.88223,30.19495,0,0,88,5,SPB,RU,141,0,KAPITAN SOROKIN,3,345312,31,43,28,5138,39,1,2016-12-14T15:47:04.000Z,st_petersburg,2016-12-14T00:00:00.000Z,50,Tug,St. Petersburg,1
59.88223,30.19495,0,0,88,5,SPB,RU,141,0,KAPITAN SOROKIN,3,345312,31,43,28,5138,39,1,2016-12-14T15:47:05.000Z,st_petersburg,2016-12-14T00:00:00.000Z,50,Tug,St. Petersburg,1
59.88223,30.19495,0,0,88,7,SPB,RU,141,0,KAPITAN SOROKIN,3,345312,31,43,28,5138,39,1,2016-12-14T15:49:03.000Z,st_petersburg,2016-12-14T00:00:00.000Z,50,Tug,St. Petersburg,1
59.88223,30.19495,0,0,88,7,SPB,RU,141,0,KAPITAN SOROKIN,3,345312,31,43,28,5138,39,1,2016-12-14T15:49:04.000Z,st_petersburg,2016-12-14T00:00:00.000Z,50,Tug,St. Petersburg,1
59.88223,30.19495,0,0,88,9,SPB,RU,141,0,KAPITAN SOROKIN,3,345312,31,43,28,5138,39,1,2016-12-14T15:51:03.000Z,st_petersburg,2016-12-14T00:00:00.000Z,50,Tug,St. Petersburg,1
59.88223,30.19495,0,0,88,9,SPB,RU,141,0,KAPITAN SOROKIN,3,345312,31,43,28,5138,39,1,2016-12-14T15:51:04.000Z,st_petersburg,2016-12-14T00:00:00.000Z,50,Tug,St. Petersburg,1
59.88222,30.19494,0,0,88,3,SPB,RU,141,0,KAPITAN SOROKIN,3,345312,31,43,28,5138,39,1,2016-12-14T15:53:03.000Z,st_petersburg,2016-12-14T00:00:00.000Z,50,Tug,St. Petersburg,1
59.88222,30.19494,0,0,88,3,SPB,RU,141,0,KAPITAN SOROKIN,3,345312,31,43,28,5138,39,1,2016-12-14T15:53:04.000Z,st_petersburg,2016-12-14T00:00:00.000Z,50,Tug,St. Petersburg,1
59.88222,30.19493,0,0,88,2,SPB,RU,141,0,KAPITAN SOROKIN,3,345312,31,43,28,5138,39,0,2016-12-14T15:55:03.000Z,st_petersburg,2016-12-14T00:00:00.000Z,50,Tug,St. Petersburg,1
59.88222,30.19494,0,0,88,3,SPB,RU,141,0,KAPITAN SOROKIN,3,345312,31,43,28,5138,39,1,2016-12-14T15:55:04.000Z,st_petersburg,2016-12-14T00:00:00.000Z,50,Tug,St. Petersburg,1
59.88222,30.19493,0,0,88,4,SPB,RU,141,0,KAPITAN SOROKIN,3,345312,31,43,28,5138,39,0,2016-12-14T15:57:03.000Z,st_petersburg,2016-12-14T00:00:00.000Z,50,Tug,St. Petersburg,1
59.88222,30.19493,0,0,88,4,SPB,RU,141,0,KAPITAN SOROKIN,3,345312,31,43,28,5138,39,0,2016-12-14T15:57:04.000Z,st_petersburg,2016-12-14T00:00:00.000Z,50,Tug,St. Petersburg,1
59.88222,30.19493,0,0,88,3,SPB,RU,141,0,KAPITAN SOROKIN,3,345312,31,43,28,5138,39,1,2016-12-14T15:59:03.000Z,st_petersburg,2016-12-14T00:00:00.000Z,50,Tug,St. Petersburg,1
59.88222,30.19493,0,0,88,2,SPB,RU,141,0,KAPITAN SOROKIN,3,345312,31,43,28,5138,39,1,2016-12-14T15:59:04.000Z,st_petersburg,2016-12-14T00:00:00.000Z,50,Tug,St. Petersburg,1
59.88222,30.19493,0,0,88,5,SPB,RU,141,0,KAPITAN SOROKIN,3,345312,31,43,28,5138,39,1,2016-12-14T16:01:03.000Z,st_petersburg,2016-12-14T00:00:00.000Z,50,Tug,St. Petersburg,1
59.88222,30.19493,0,0,88,5,SPB,RU,141,0,KAPITAN SOROKIN,3,345312,31,43,28,5138,39,1,2016-12-14T16:01:04.000Z,st_petersburg,2016-12-14T00:00:00.000Z,50,Tug,St. Petersburg,1
59.88222,30.19493,0,0,88,7,SPB,RU,141,0,KAPITAN SOROKIN,3,345312,31,43,28,5138,39,1,2016-12-14T16:03:04.000Z,st_petersburg,2016-12-14T00:00:00.000Z,50,Tug,St. Petersburg,1
59.88222,30.19493,0,0,88,7,SPB,RU,141,0,KAPITAN SOROKIN,3,345312,31,43,28,5138,39,1,2016-12-14T16:03:05.000Z,st_petersburg,2016-12-14T00:00:00.000Z,50,Tug,St. Petersburg,1
59.88222,30.19493,0,0,88,9,SPB,RU,141,0,KAPITAN SOROKIN,3,345312,31,43,28,5138,39,1,2016-12-14T16:05:04.000Z,st_petersburg,2016-12-14T00:00:00.000Z,50,Tug,St. Petersburg,1
59.88222,30.19493,0,0,88,9,SPB,RU,141,0,KAPITAN SOROKIN,3,345312,31,43,28,5138,39,1,2016-12-14T16:05:05.000Z,st_petersburg,2016-12-14T00:00:00.000Z,50,Tug,St. Petersburg,1
59.88225,30.19493,0,0,88,3,SPB,RU,141,0,KAPITAN SOROKIN,3,345312,31,43,28,5138,39,1,2016-12-14T16:07:03.000Z,st_petersburg,2016-12-14T00:00:00.000Z,50,Tug,St. Petersburg,1
59.88222,30.19493,0,0,88,10,SPB,RU,141,0,KAPITAN SOROKIN,3,345312,31,43,28,5138,39,1,2016-12-14T16:07:04.000Z,st_petersburg,2016-12-14T00:00:00.000Z,50,Tug,St. Petersburg,1
59.88225,30.19493,0,0,88,5,SPB,RU,141,0,KAPITAN SOROKIN,3,345312,31,43,28,5138,39,1,2016-12-14T16:09:04.000Z,st_petersburg,2016-12-14T00:00:00.000Z,50,Tug,St. Petersburg,1
59.88225,30.19493,0,0,88,5,SPB,RU,141,0,KAPITAN SOROKIN,3,345312,31,43,28,5138,39,1,2016-12-14T16:09:05.000Z,st_petersburg,2016-12-14T00:00:00.000Z,50,Tug,St. Petersburg,1
59.88225,30.19493,0,0,88,7,SPB,RU,141,0,KAPITAN SOROKIN,3,345312,31,43,28,5138,39,1,2016-12-14T16:11:04.000Z,st_petersburg,2016-12-14T00:00:00.000Z,50,Tug,St. Petersburg,1
59.88225,30.19493,0,0,88,6,SPB,RU,141,0,KAPITAN SOROKIN,3,345312,31,43,28,5138,39,1,2016-12-14T16:11:06.000Z,st_petersburg,2016-12-14T00:00:00.000Z,50,Tug,St. Petersburg,1
59.88225,30.19493,0,0,88,9,SPB,RU,141,0,KAPITAN SOROKIN,3,345312,31,43,28,5138,39,0,2016-12-14T16:13:03.000Z,st_petersburg,2016-12-14T00:00:00.000Z,50,Tug,St. Petersburg,1
59.88225,30.19493,0,0,88,9,SPB,RU,141,0,KAPITAN SOROKIN,3,345312,31,43,28,5138,39,0,2016-12-14T16:13:04.000Z,st_petersburg,2016-12-14T00:00:00.000Z,50,Tug,St. Petersburg,1
59.88222,30.19492,0,0,88,3,SPB,RU,141,0,KAPITAN SOROKIN,3,345312,31,43,28,5138,39,0,2016-12-14T16:15:04.000Z,st_petersburg,2016-12-14T00:00:00.000Z,50,Tug,St. Petersburg,1
59.88222,30.19492,0,0,88,1,SPB,RU,141,0,KAPITAN SOROKIN,3,345312,31,43,28,5138,39,0,2016-12-14T16:15:05.000Z,st_petersburg,2016-12-14T00:00:00.000Z,50,Tug,St. Petersburg,1
59.88226,30.19497,0,0,88,2,SPB,RU,141,0,KAPITAN SOROKIN,3,345312,31,43,28,5138,39,0,2016-12-14T16:17:04.000Z,st_petersburg,2016-12-14T00:00:00.000Z,50,Tug,St. Petersburg,1
59.88226,30.19497,0,0,88,2,SPB,RU,141,0,KAPITAN SOROKIN,3,345312,31,43,28,5138,39,0,2016-12-14T16:17:05.000Z,st_petersburg,2016-12-14T00:00:00.000Z,50,Tug,St. Petersburg,1
59.88226,30.19497,0,0,88,4,SPB,RU,141,0,KAPITAN SOROKIN,3,345312,31,43,28,5138,39,0,2016-12-14T16:19:03.000Z,st_petersburg,2016-12-14T00:00:00.000Z,50,Tug,St. Petersburg,1
59.88226,30.19497,0,0,88,4,SPB,RU,141,0,KAPITAN SOROKIN,3,345312,31,43,28,5138,39,0,2016-12-14T16:19:04.000Z,st_petersburg,2016-12-14T00:00:00.000Z,50,Tug,St. Petersburg,1
59.88227,30.19494,0,0,88,3,SPB,RU,141,0,KAPITAN SOROKIN,3,345312,31,43,28,5138,39,0,2016-12-14T16:21:04.000Z,st_petersburg,2016-12-14T00:00:00.000Z,50,Tug,St. Petersburg,1
59.88226,30.19497,0,0,88,4,SPB,RU,141,0,KAPITAN SOROKIN,3,345312,31,43,28,5138,39,0,2016-12-14T16:21:04.000Z,st_petersburg,2016-12-14T00:00:00.000Z,50,Tug,St. Petersburg,1
59.88225,30.19495,0,0,88,2,SPB,RU,141,0,KAPITAN SOROKIN,3,345312,31,43,28,5138,39,0,2016-12-14T16:23:03.000Z,st_petersburg,2016-12-14T00:00:00.000Z,50,Tug,St. Petersburg,1
59.88225,30.19495,0,0,88,2,SPB,RU,141,0,KAPITAN SOROKIN,3,345312,31,43,28,5138,39,0,2016-12-14T16:23:04.000Z,st_petersburg,2016-12-14T00:00:00.000Z,50,Tug,St. Petersburg,1
59.88225,30.19495,0,0,88,4,SPB,RU,141,0,KAPITAN SOROKIN,3,345312,31,43,28,5138,39,0,2016-12-14T16:25:03.000Z,st_petersburg,2016-12-14T00:00:00.000Z,50,Tug,St. Petersburg,1
59.88225,30.19495,0,0,88,4,SPB,RU,141,0,KAPITAN SOROKIN,3,345312,31,43,28,5138,39,0,2016-12-14T16:25:04.000Z,st_petersburg,2016-12-14T00:00:00.000Z,50,Tug,St. Petersburg,1
59.88226,30.19496,0,0,88,3,SPB,RU,141,0,KAPITAN SOROKIN,3,345312,31,43,28,5138,39,0,2016-12-14T16:27:03.000Z,st_petersburg,2016-12-14T00:00:00.000Z,50,Tug,St. Petersburg,1
59.88226,30.19496,0,0,88,3,SPB,RU,141,0,KAPITAN SOROKIN,3,345312,31,43,28,5138,39,0,2016-12-14T16:27:04.000Z,st_petersburg,2016-12-14T00:00:00.000Z,50,Tug,St. Petersburg,1
59.88226,30.19496,0,0,88,5,SPB,RU,141,0,KAPITAN SOROKIN,3,345312,31,43,28,5138,39,0,2016-12-14T16:29:04.000Z,st_petersburg,2016-12-14T00:00:00.000Z,50,Tug,St. Petersburg,1
59.88226,30.19496,0,0,88,5,SPB,RU,141,0,KAPITAN SOROKIN,3,345312,31,43,28,5138,39,0,2016-12-14T16:29:05.000Z,st_petersburg,2016-12-14T00:00:00.000Z,50,Tug,St. Petersburg,1
59.88227,30.19497,0,0,88,2,SPB,RU,141,0,KAPITAN SOROKIN,3,345312,31,43,28,5138,39,0,2016-12-14T16:31:04.000Z,st_petersburg,2016-12-14T00:00:00.000Z,50,Tug,St. Petersburg,1
59.88227,30.19497,0,0,88,2,SPB,RU,141,0,KAPITAN SOROKIN,3,345312,31,43,28,5138,39,0,2016-12-14T16:31:05.000Z,st_petersburg,2016-12-14T00:00:00.000Z,50,Tug,St. Petersburg,1
59.88227,30.19497,0,0,88,5,SPB,RU,141,0,KAPITAN SOROKIN,3,345312,31,43,28,5138,39,0,2016-12-14T16:33:03.000Z,st_petersburg,2016-12-14T00:00:00.000Z,50,Tug,St. Petersburg,1
59.88227,30.19497,0,0,88,5,SPB,RU,141,0,KAPITAN SOROKIN,3,345312,31,43,28,5138,39,0,2016-12-14T16:33:04.000Z,st_petersburg,2016-12-14T00:00:00.000Z,50,Tug,St. Petersburg,1
59.88227,30.19497,0,0,88,7,SPB,RU,141,0,KAPITAN SOROKIN,3,345312,31,43,28,5138,39,0,2016-12-14T16:35:04.000Z,st_petersburg,2016-12-14T00:00:00.000Z,50,Tug,St. Petersburg,1
59.88227,30.19497,0,0,88,7,SPB,RU,141,0,KAPITAN SOROKIN,3,345312,31,43,28,5138,39,0,2016-12-14T16:35:05.000Z,st_petersburg,2016-12-14T00:00:00.000Z,50,Tug,St. Petersburg,1
59.88227,30.19497,0,0,88,9,SPB,RU,141,0,KAPITAN SOROKIN,3,345312,31,43,28,5138,39,0,2016-12-14T16:37:03.000Z,st_petersburg,2016-12-14T00:00:00.000Z,50,Tug,St. Petersburg,1
59.88227,30.19497,0,0,88,9,SPB,RU,141,0,KAPITAN SOROKIN,3,345312,31,43,28,5138,39,0,2016-12-14T16:37:04.000Z,st_petersburg,2016-12-14T00:00:00.000Z,50,Tug,St. Petersburg,1
59.88225,30.19497,0,0,88,3,SPB,RU,141,0,KAPITAN SOROKIN,3,345312,31,43,28,5138,39,0,2016-12-14T16:39:04.000Z,st_petersburg,2016-12-14T00:00:00.000Z,50,Tug,St. Petersburg,1
59.88225,30.19497,0,0,88,3,SPB,RU,141,0,KAPITAN SOROKIN,3,345312,31,43,28,5138,39,0,2016-12-14T16:39:05.000Z,st_petersburg,2016-12-14T00:00:00.000Z,50,Tug,St. Petersburg,1
59.88225,30.19497,0,0,88,5,SPB,RU,141,0,KAPITAN SOROKIN,3,345312,31,43,28,5138,39,0,2016-12-14T16:41:03.000Z,st_petersburg,2016-12-14T00:00:00.000Z,50,Tug,St. Petersburg,1
59.88225,30.19497,0,0,88,5,SPB,RU,141,0,KAPITAN SOROKIN,3,345312,31,43,28,5138,39,0,2016-12-14T16:41:04.000Z,st_petersburg,2016-12-14T00:00:00.000Z,50,Tug,St. Petersburg,1
59.88225,30.19497,0,0,88,7,SPB,RU,141,0,KAPITAN SOROKIN,3,345312,31,43,28,5138,39,0,2016-12-14T16:43:04.000Z,st_petersburg,2016-12-14T00:00:00.000Z,50,Tug,St. Petersburg,1
59.88225,30.19497,0,0,88,5,SPB,RU,141,0,KAPITAN SOROKIN,3,345312,31,43,28,5138,39,0,2016-12-14T16:43:04.000Z,st_petersburg,2016-12-14T00:00:00.000Z,50,Tug,St. Petersburg,1
59.88225,30.19497,0,0,88,9,SPB,RU,141,0,KAPITAN SOROKIN,3,345312,31,43,28,5138,39,0,2016-12-14T16:45:04.000Z,st_petersburg,2016-12-14T00:00:00.000Z,50,Tug,St. Petersburg,1
59.88225,30.19497,0,0,88,8,SPB,RU,141,0,KAPITAN SOROKIN,3,345312,31,43,28,5138,39,0,2016-12-14T16:45:04.000Z,st_petersburg,2016-12-14T00:00:00.000Z,50,Tug,St. Petersburg,1
59.88227,30.19493,0,0,88,3,SPB,RU,141,0,KAPITAN SOROKIN,3,345312,31,43,28,5138,39,0,2016-12-14T16:47:04.000Z,st_petersburg,2016-12-14T00:00:00.000Z,50,Tug,St. Petersburg,1
59.88227,30.19493,0,0,88,3,SPB,RU,141,0,KAPITAN SOROKIN,3,345312,31,43,28,5138,39,0,2016-12-14T16:47:05.000Z,st_petersburg,2016-12-14T00:00:00.000Z,50,Tug,St. Petersburg,1
59.88227,30.19493,0,0,88,5,SPB,RU,141,0,KAPITAN SOROKIN,3,345312,31,43,28,5138,39,0,2016-12-14T16:49:03.000Z,st_petersburg,2016-12-14T00:00:00.000Z,50,Tug,St. Petersburg,1
59.88227,30.19493,0,0,88,3,SPB,RU,141,0,KAPITAN SOROKIN,3,345312,31,43,28,5138,39,0,2016-12-14T16:49:04.000Z,st_petersburg,2016-12-14T00:00:00.000Z,50,Tug,St. Petersburg,1
59.88227,30.19493,0,0,88,7,SPB,RU,141,0,KAPITAN SOROKIN,3,345312,31,43,28,5138,39,0,2016-12-14T16:51:04.000Z,st_petersburg,2016-12-14T00:00:00.000Z,50,Tug,St. Petersburg,1
59.88227,30.19493,0,0,88,7,SPB,RU,141,0,KAPITAN SOROKIN,3,345312,31,43,28,5138,39,0,2016-12-14T16:51:04.000Z,st_petersburg,2016-12-14T00:00:00.000Z,50,Tug,St. Petersburg,1
59.88227,30.19493,0,0,88,9,SPB,RU,141,0,KAPITAN SOROKIN,3,345312,31,43,28,5138,39,1,2016-12-14T16:53:03.000Z,st_petersburg,2016-12-14T00:00:00.000Z,50,Tug,St. Petersburg,1
59.88227,30.19493,0,0,88,8,SPB,RU,141,0,KAPITAN SOROKIN,3,345312,31,43,28,5138,39,1,2016-12-14T16:53:04.000Z,st_petersburg,2016-12-14T00:00:00.000Z,50,Tug,St. Petersburg,1
59.88225,30.19493,0,0,88,3,SPB,RU,141,0,KAPITAN SOROKIN,3,345312,31,43,28,5138,39,1,2016-12-14T16:55:03.000Z,st_petersburg,2016-12-14T00:00:00.000Z,50,Tug,St. Petersburg,1
59.88225,30.19493,0,0,88,3,SPB,RU,141,0,KAPITAN SOROKIN,3,345312,31,43,28,5138,39,1,2016-12-14T16:55:04.000Z,st_petersburg,2016-12-14T00:00:00.000Z,50,Tug,St. Petersburg,1
59.88226,30.19495,0,0,88,2,SPB,RU,141,0,KAPITAN SOROKIN,3,345312,31,43,28,5138,39,1,2016-12-14T16:57:03.000Z,st_petersburg,2016-12-14T00:00:00.000Z,50,Tug,St. Petersburg,1
59.88226,30.19495,0,0,88,2,SPB,RU,141,0,KAPITAN SOROKIN,3,345312,31,43,28,5138,39,1,2016-12-14T16:57:05.000Z,st_petersburg,2016-12-14T00:00:00.000Z,50,Tug,St. Petersburg,1
59.88226,30.19495,0,0,88,4,SPB,RU,141,0,KAPITAN SOROKIN,3,345312,31,43,28,5138,39,1,2016-12-14T16:59:03.000Z,st_petersburg,2016-12-14T00:00:00.000Z,50,Tug,St. Petersburg,1
59.88226,30.19495,0,0,88,4,SPB,RU,141,0,KAPITAN SOROKIN,3,345312,31,43,28,5138,39,1,2016-12-14T16:59:04.000Z,st_petersburg,2016-12-14T00:00:00.000Z,50,Tug,St. Petersburg,1
59.88226,30.19495,0,0,88,6,SPB,RU,141,0,KAPITAN SOROKIN,3,345312,31,43,28,5138,39,1,2016-12-14T17:01:04.000Z,st_petersburg,2016-12-14T00:00:00.000Z,50,Tug,St. Petersburg,1
59.88226,30.19495,0,0,88,6,SPB,RU,141,0,KAPITAN SOROKIN,3,345312,31,43,28,5138,39,1,2016-12-14T17:01:05.000Z,st_petersburg,2016-12-14T00:00:00.000Z,50,Tug,St. Petersburg,1
59.88226,30.19495,0,0,88,8,SPB,RU,141,0,KAPITAN SOROKIN,3,345312,31,43,28,5138,39,1,2016-12-14T17:03:03.000Z,st_petersburg,2016-12-14T00:00:00.000Z,50,Tug,St. Petersburg,1
59.88226,30.19495,0,0,88,6,SPB,RU,141,0,KAPITAN SOROKIN,3,345312,31,43,28,5138,39,1,2016-12-14T17:03:04.000Z,st_petersburg,2016-12-14T00:00:00.000Z,50,Tug,St. Petersburg,1
59.88227,30.19496,0,0,88,2,SPB,RU,141,0,KAPITAN SOROKIN,3,345312,31,43,28,5138,39,1,2016-12-14T17:05:03.000Z,st_petersburg,2016-12-14T00:00:00.000Z,50,Tug,St. Petersburg,1
59.88226,30.19495,0,0,88,8,SPB,RU,141,0,KAPITAN SOROKIN,3,345312,31,43,28,5138,39,1,2016-12-14T17:05:04.000Z,st_petersburg,2016-12-14T00:00:00.000Z,50,Tug,St. Petersburg,1
59.88227,30.19496,0,0,88,4,SPB,RU,141,0,KAPITAN SOROKIN,3,345312,31,43,28,5138,39,1,2016-12-14T17:07:03.000Z,st_petersburg,2016-12-14T00:00:00.000Z,50,Tug,St. Petersburg,1
59.88227,30.19496,0,0,88,2,SPB,RU,141,0,KAPITAN SOROKIN,3,345312,31,43,28,5138,39,1,2016-12-14T17:07:04.000Z,st_petersburg,2016-12-14T00:00:00.000Z,50,Tug,St. Petersburg,1
59.88225,30.19495,0,0,88,3,SPB,RU,141,0,KAPITAN SOROKIN,3,345312,31,43,28,5138,39,1,2016-12-14T17:09:04.000Z,st_petersburg,2016-12-14T00:00:00.000Z,50,Tug,St. Petersburg,1
59.88225,30.19495,0,0,88,1,SPB,RU,141,0,KAPITAN SOROKIN,3,345312,31,43,28,5138,39,1,2016-12-14T17:09:05.000Z,st_petersburg,2016-12-14T00:00:00.000Z,50,Tug,St. Petersburg,1
59.88224,30.19491,1,0,88,2,SPB,RU,141,0,KAPITAN SOROKIN,3,345312,31,43,28,5138,39,1,2016-12-14T17:11:03.000Z,st_petersburg,2016-12-14T00:00:00.000Z,50,Tug,St. Petersburg,1
59.88224,30.19491,1,0,88,1,SPB,RU,141,0,KAPITAN SOROKIN,3,345312,31,43,28,5138,39,1,2016-12-14T17:11:03.000Z,st_petersburg,2016-12-14T00:00:00.000Z,50,Tug,St. Petersburg,1
59.88224,30.19491,1,0,88,4,SPB,RU,141,0,KAPITAN SOROKIN,3,345312,31,43,28,5138,39,1,2016-12-14T17:13:03.000Z,st_petersburg,2016-12-14T00:00:00.000Z,50,Tug,St. Petersburg,1
59.88224,30.19491,1,0,88,4,SPB,RU,141,0,KAPITAN SOROKIN,3,345312,31,43,28,5138,39,1,2016-12-14T17:13:04.000Z,st_petersburg,2016-12-14T00:00:00.000Z,50,Tug,St. Petersburg,1
59.88228,30.19492,1,0,88,3,SPB,RU,141,0,KAPITAN SOROKIN,3,345312,31,43,28,5138,39,1,2016-12-14T17:15:03.000Z,st_petersburg,2016-12-14T00:00:00.000Z,50,Tug,St. Petersburg,1
59.88228,30.19492,1,0,88,3,SPB,RU,141,0,KAPITAN SOROKIN,3,345312,31,43,28,5138,39,1,2016-12-14T17:15:04.000Z,st_petersburg,2016-12-14T00:00:00.000Z,50,Tug,St. Petersburg,1
59.88227,30.19493,0,0,88,2,SPB,RU,141,0,KAPITAN SOROKIN,3,345312,31,43,28,5138,39,1,2016-12-14T17:17:07.000Z,st_petersburg,2016-12-14T00:00:00.000Z,50,Tug,St. Petersburg,1
59.88227,30.19493,0,0,88,2,SPB,RU,141,0,KAPITAN SOROKIN,3,345312,31,43,28,5138,39,1,2016-12-14T17:17:08.000Z,st_petersburg,2016-12-14T00:00:00.000Z,50,Tug,St. Petersburg,1
59.88227,30.19493,0,0,88,4,SPB,RU,141,0,KAPITAN SOROKIN,3,345312,31,43,28,5138,39,1,2016-12-14T17:19:03.000Z,st_petersburg,2016-12-14T00:00:00.000Z,50,Tug,St. Petersburg,1
59.88227,30.19493,0,0,88,4,SPB,RU,141,0,KAPITAN SOROKIN,3,345312,31,43,28,5138,39,1,2016-12-14T17:19:04.000Z,st_petersburg,2016-12-14T00:00:00.000Z,50,Tug,St. Petersburg,1
59.88226,30.19491,0,0,88,3,SPB,RU,141,0,KAPITAN SOROKIN,3,345312,31,43,28,5138,39,1,2016-12-14T17:21:04.000Z,st_petersburg,2016-12-14T00:00:00.000Z,50,Tug,St. Petersburg,1
59.88226,30.19491,0,0,88,3,SPB,RU,141,0,KAPITAN SOROKIN,3,345312,31,43,28,5138,39,1,2016-12-14T17:21:05.000Z,st_petersburg,2016-12-14T00:00:00.000Z,50,Tug,St. Petersburg,1
59.88226,30.19491,0,0,88,5,SPB,RU,141,0,KAPITAN SOROKIN,3,345312,31,43,28,5138,39,1,2016-12-14T17:23:03.000Z,st_petersburg,2016-12-14T00:00:00.000Z,50,Tug,St. Petersburg,1
59.88226,30.19491,0,0,88,5,SPB,RU,141,0,KAPITAN SOROKIN,3,345312,31,43,28,5138,39,1,2016-12-14T17:23:04.000Z,st_petersburg,2016-12-14T00:00:00.000Z,50,Tug,St. Petersburg,1
59.88223,30.19497,0,0,88,4,SPB,RU,141,0,KAPITAN SOROKIN,3,345312,31,43,28,5138,39,1,2016-12-14T17:25:03.000Z,st_petersburg,2016-12-14T00:00:00.000Z,50,Tug,St. Petersburg,1
59.88223,30.19497,0,0,88,4,SPB,RU,141,0,KAPITAN SOROKIN,3,345312,31,43,28,5138,39,1,2016-12-14T17:25:04.000Z,st_petersburg,2016-12-14T00:00:00.000Z,50,Tug,St. Petersburg,1
59.88225,30.19493,0,0,88,3,SPB,RU,141,0,KAPITAN SOROKIN,3,345312,31,43,28,5138,39,1,2016-12-14T17:27:03.000Z,st_petersburg,2016-12-14T00:00:00.000Z,50,Tug,St. Petersburg,1
59.88225,30.19493,0,0,88,1,SPB,RU,141,0,KAPITAN SOROKIN,3,345312,31,43,28,5138,39,1,2016-12-14T17:27:04.000Z,st_petersburg,2016-12-14T00:00:00.000Z,50,Tug,St. Petersburg,1
59.88223,30.19496,0,0,88,2,SPB,RU,141,0,KAPITAN SOROKIN,3,345312,31,43,28,5138,39,1,2016-12-14T17:29:03.000Z,st_petersburg,2016-12-14T00:00:00.000Z,50,Tug,St. Petersburg,1
59.88223,30.19496,0,0,88,2,SPB,RU,141,0,KAPITAN SOROKIN,3,345312,31,43,28,5138,39,1,2016-12-14T17:29:04.000Z,st_petersburg,2016-12-14T00:00:00.000Z,50,Tug,St. Petersburg,1
59.88223,30.19496,0,0,88,4,SPB,RU,141,0,KAPITAN SOROKIN,3,345312,31,43,28,5138,39,1,2016-12-14T17:31:03.000Z,st_petersburg,2016-12-14T00:00:00.000Z,50,Tug,St. Petersburg,1
59.88223,30.19496,0,0,88,4,SPB,RU,141,0,KAPITAN SOROKIN,3,345312,31,43,28,5138,39,1,2016-12-14T17:31:04.000Z,st_petersburg,2016-12-14T00:00:00.000Z,50,Tug,St. Petersburg,1
59.88222,30.19493,0,0,88,3,SPB,RU,141,0,KAPITAN SOROKIN,3,345312,31,43,28,5138,39,1,2016-12-14T17:33:03.000Z,st_petersburg,2016-12-14T00:00:00.000Z,50,Tug,St. Petersburg,1
59.88222,30.19493,0,0,88,3,SPB,RU,141,0,KAPITAN SOROKIN,3,345312,31,43,28,5138,39,1,2016-12-14T17:33:05.000Z,st_petersburg,2016-12-14T00:00:00.000Z,50,Tug,St. Petersburg,1
59.88222,30.19493,0,0,88,5,SPB,RU,141,0,KAPITAN SOROKIN,3,345312,31,43,28,5138,39,1,2016-12-14T17:35:03.000Z,st_petersburg,2016-12-14T00:00:00.000Z,50,Tug,St. Petersburg,1
59.88222,30.19493,0,0,88,3,SPB,RU,141,0,KAPITAN SOROKIN,3,345312,31,43,28,5138,39,1,2016-12-14T17:35:04.000Z,st_petersburg,2016-12-14T00:00:00.000Z,50,Tug,St. Petersburg,1
59.88225,30.19493,0,0,88,3,SPB,RU,141,0,KAPITAN SOROKIN,3,345312,31,43,28,5138,39,1,2016-12-14T17:37:04.000Z,st_petersburg,2016-12-14T00:00:00.000Z,50,Tug,St. Petersburg,1
59.88225,30.19493,0,0,88,3,SPB,RU,141,0,KAPITAN SOROKIN,3,345312,31,43,28,5138,39,1,2016-12-14T17:37:05.000Z,st_petersburg,2016-12-14T00:00:00.000Z,50,Tug,St. Petersburg,1
59.88227,30.19495,0,0,88,2,SPB,RU,141,0,KAPITAN SOROKIN,3,345312,31,43,28,5138,39,1,2016-12-14T17:39:03.000Z,st_petersburg,2016-12-14T00:00:00.000Z,50,Tug,St. Petersburg,1
59.88227,30.19495,0,0,88,2,SPB,RU,141,0,KAPITAN SOROKIN,3,345312,31,43,28,5138,39,1,2016-12-14T17:39:04.000Z,st_petersburg,2016-12-14T00:00:00.000Z,50,Tug,St. Petersburg,1
59.88227,30.19495,0,0,88,4,SPB,RU,141,0,KAPITAN SOROKIN,3,345312,31,43,28,5138,39,1,2016-12-14T17:41:03.000Z,st_petersburg,2016-12-14T00:00:00.000Z,50,Tug,St. Petersburg,1
59.88227,30.19495,0,0,88,4,SPB,RU,141,0,KAPITAN SOROKIN,3,345312,31,43,28,5138,39,1,2016-12-14T17:41:04.000Z,st_petersburg,2016-12-14T00:00:00.000Z,50,Tug,St. Petersburg,1
59.88225,30.19495,0,0,88,3,SPB,RU,141,0,KAPITAN SOROKIN,3,345312,31,43,28,5138,39,1,2016-12-14T17:43:04.000Z,st_petersburg,2016-12-14T00:00:00.000Z,50,Tug,St. Petersburg,1
59.88225,30.19495,0,0,88,3,SPB,RU,141,0,KAPITAN SOROKIN,3,345312,31,43,28,5138,39,1,2016-12-14T17:43:05.000Z,st_petersburg,2016-12-14T00:00:00.000Z,50,Tug,St. Petersburg,1
59.88225,30.19496,0,0,88,2,SPB,RU,141,0,KAPITAN SOROKIN,3,345312,31,43,28,5138,39,1,2016-12-14T17:45:03.000Z,st_petersburg,2016-12-14T00:00:00.000Z,50,Tug,St. Petersburg,1
59.88225,30.19495,0,0,88,3,SPB,RU,141,0,KAPITAN SOROKIN,3,345312,31,43,28,5138,39,1,2016-12-14T17:45:04.000Z,st_petersburg,2016-12-14T00:00:00.000Z,50,Tug,St. Petersburg,1
59.88225,30.19496,0,0,88,4,SPB,RU,141,0,KAPITAN SOROKIN,3,345312,31,43,28,5138,39,1,2016-12-14T17:47:15.000Z,st_petersburg,2016-12-14T00:00:00.000Z,50,Tug,St. Petersburg,1
59.88225,30.19496,0,0,88,4,SPB,RU,141,0,KAPITAN SOROKIN,3,345312,31,43,28,5138,39,1,2016-12-14T17:47:16.000Z,st_petersburg,2016-12-14T00:00:00.000Z,50,Tug,St. Petersburg,1
59.88228,30.19498,0,0,88,3,SPB,RU,141,0,KAPITAN SOROKIN,3,345312,31,43,28,5138,39,1,2016-12-14T17:49:03.000Z,st_petersburg,2016-12-14T00:00:00.000Z,50,Tug,St. Petersburg,1
59.88228,30.19498,0,0,88,3,SPB,RU,141,0,KAPITAN SOROKIN,3,345312,31,43,28,5138,39,1,2016-12-14T17:49:04.000Z,st_petersburg,2016-12-14T00:00:00.000Z,50,Tug,St. Petersburg,1
59.88229,30.19494,0,0,88,2,SPB,RU,141,0,KAPITAN SOROKIN,3,345312,31,43,28,5138,39,1,2016-12-14T17:51:04.000Z,st_petersburg,2016-12-14T00:00:00.000Z,50,Tug,St. Petersburg,1
59.88228,30.19498,0,0,88,3,SPB,RU,141,0,KAPITAN SOROKIN,3,345312,31,43,28,5138,39,1,2016-12-14T17:51:04.000Z,st_petersburg,2016-12-14T00:00:00.000Z,50,Tug,St. Petersburg,1
59.88229,30.19494,0,0,88,4,SPB,RU,141,0,KAPITAN SOROKIN,3,345312,31,43,28,5138,39,1,2016-12-14T17:53:04.000Z,st_petersburg,2016-12-14T00:00:00.000Z,50,Tug,St. Petersburg,1
59.88229,30.19494,0,0,88,4,SPB,RU,141,0,KAPITAN SOROKIN,3,345312,31,43,28,5138,39,1,2016-12-14T17:53:05.000Z,st_petersburg,2016-12-14T00:00:00.000Z,50,Tug,St. Petersburg,1
59.88225,30.19493,0,0,88,3,SPB,RU,141,0,KAPITAN SOROKIN,3,345312,31,43,28,5138,39,1,2016-12-14T17:55:03.000Z,st_petersburg,2016-12-14T00:00:00.000Z,50,Tug,St. Petersburg,1
59.88225,30.19493,0,0,88,3,SPB,RU,141,0,KAPITAN SOROKIN,3,345312,31,43,28,5138,39,1,2016-12-14T17:55:05.000Z,st_petersburg,2016-12-14T00:00:00.000Z,50,Tug,St. Petersburg,1
59.88227,30.19494,0,0,88,2,SPB,RU,141,0,KAPITAN SOROKIN,3,345312,31,43,28,5138,39,1,2016-12-14T17:57:03.000Z,st_petersburg,2016-12-14T00:00:00.000Z,50,Tug,St. Petersburg,1
59.88225,30.19493,0,0,88,3,SPB,RU,141,0,KAPITAN SOROKIN,3,345312,31,43,28,5138,39,1,2016-12-14T17:57:04.000Z,st_petersburg,2016-12-14T00:00:00.000Z,50,Tug,St. Petersburg,1
59.88227,30.19494,0,0,88,4,SPB,RU,141,0,KAPITAN SOROKIN,3,345312,31,43,28,5138,39,1,2016-12-14T17:59:04.000Z,st_petersburg,2016-12-14T00:00:00.000Z,50,Tug,St. Petersburg,1
59.88227,30.19494,0,0,88,4,SPB,RU,141,0,KAPITAN SOROKIN,3,345312,31,43,28,5138,39,1,2016-12-14T17:59:05.000Z,st_petersburg,2016-12-14T00:00:00.000Z,50,Tug,St. Petersburg,1
59.88228,30.19491,0,0,88,2,SPB,RU,141,0,KAPITAN SOROKIN,3,345312,31,43,28,5138,39,1,2016-12-14T18:01:10.000Z,st_petersburg,2016-12-14T00:00:00.000Z,50,Tug,St. Petersburg,1
59.88228,30.19491,0,0,88,2,SPB,RU,141,0,KAPITAN SOROKIN,3,345312,31,43,28,5138,39,1,2016-12-14T18:01:11.000Z,st_petersburg,2016-12-14T00:00:00.000Z,50,Tug,St. Petersburg,1
59.88228,30.19491,0,0,88,4,SPB,RU,141,0,KAPITAN SOROKIN,3,345312,31,43,28,5138,39,1,2016-12-14T18:03:03.000Z,st_petersburg,2016-12-14T00:00:00.000Z,50,Tug,St. Petersburg,1
59.88228,30.19491,0,0,88,3,SPB,RU,141,0,KAPITAN SOROKIN,3,345312,31,43,28,5138,39,1,2016-12-14T18:03:04.000Z,st_petersburg,2016-12-14T00:00:00.000Z,50,Tug,St. Petersburg,1
59.88228,30.19495,0,0,88,3,SPB,RU,141,0,KAPITAN SOROKIN,3,345312,31,43,28,5138,39,1,2016-12-14T18:05:04.000Z,st_petersburg,2016-12-14T00:00:00.000Z,50,Tug,St. Petersburg,1
59.88228,30.19495,0,0,88,3,SPB,RU,141,0,KAPITAN SOROKIN,3,345312,31,43,28,5138,39,1,2016-12-14T18:05:05.000Z,st_petersburg,2016-12-14T00:00:00.000Z,50,Tug,St. Petersburg,1
59.88225,30.19496,0,0,88,2,SPB,RU,141,0,KAPITAN SOROKIN,3,345312,31,43,28,5138,39,1,2016-12-14T18:07:03.000Z,st_petersburg,2016-12-14T00:00:00.000Z,50,Tug,St. Petersburg,1
59.88228,30.19495,0,0,88,4,SPB,RU,141,0,KAPITAN SOROKIN,3,345312,31,43,28,5138,39,1,2016-12-14T18:07:04.000Z,st_petersburg,2016-12-14T00:00:00.000Z,50,Tug,St. Petersburg,1
59.88225,30.19496,0,0,88,4,SPB,RU,141,0,KAPITAN SOROKIN,3,345312,31,43,28,5138,39,1,2016-12-14T18:09:04.000Z,st_petersburg,2016-12-14T00:00:00.000Z,50,Tug,St. Petersburg,1
59.88225,30.19496,0,0,88,4,SPB,RU,141,0,KAPITAN SOROKIN,3,345312,31,43,28,5138,39,1,2016-12-14T18:09:05.000Z,st_petersburg,2016-12-14T00:00:00.000Z,50,Tug,St. Petersburg,1
59.88226,30.19497,0,0,88,3,SPB,RU,141,0,KAPITAN SOROKIN,3,345312,31,43,28,5138,39,1,2016-12-14T18:11:04.000Z,st_petersburg,2016-12-14T00:00:00.000Z,50,Tug,St. Petersburg,1
59.88226,30.19497,0,0,88,3,SPB,RU,141,0,KAPITAN SOROKIN,3,345312,31,43,28,5138,39,1,2016-12-14T18:11:05.000Z,st_petersburg,2016-12-14T00:00:00.000Z,50,Tug,St. Petersburg,1
59.88226,30.19497,0,0,88,5,SPB,RU,141,0,KAPITAN SOROKIN,3,345312,31,43,28,5138,39,1,2016-12-14T18:13:03.000Z,st_petersburg,2016-12-14T00:00:00.000Z,50,Tug,St. Petersburg,1
59.88226,30.19497,0,0,88,3,SPB,RU,141,0,KAPITAN SOROKIN,3,345312,31,43,28,5138,39,1,2016-12-14T18:13:04.000Z,st_petersburg,2016-12-14T00:00:00.000Z,50,Tug,St. Petersburg,1
59.88227,30.19495,0,0,88,3,SPB,RU,141,0,KAPITAN SOROKIN,3,345312,31,43,28,5138,39,1,2016-12-14T18:15:04.000Z,st_petersburg,2016-12-14T00:00:00.000Z,50,Tug,St. Petersburg,1
59.88227,30.19495,0,0,88,2,SPB,RU,141,0,KAPITAN SOROKIN,3,345312,31,43,28,5138,39,1,2016-12-14T18:15:05.000Z,st_petersburg,2016-12-14T00:00:00.000Z,50,Tug,St. Petersburg,1
59.88227,30.1949,0,0,88,2,SPB,RU,141,0,KAPITAN SOROKIN,3,345312,31,43,28,5138,39,1,2016-12-14T18:17:03.000Z,st_petersburg,2016-12-14T00:00:00.000Z,50,Tug,St. Petersburg,1
59.88227,30.1949,0,0,88,2,SPB,RU,141,0,KAPITAN SOROKIN,3,345312,31,43,28,5138,39,1,2016-12-14T18:17:04.000Z,st_petersburg,2016-12-14T00:00:00.000Z,50,Tug,St. Petersburg,1
59.88227,30.1949,0,0,88,4,SPB,RU,141,0,KAPITAN SOROKIN,3,345312,31,43,28,5138,39,1,2016-12-14T18:19:04.000Z,st_petersburg,2016-12-14T00:00:00.000Z,50,Tug,St. Petersburg,1
59.88227,30.1949,0,0,88,4,SPB,RU,141,0,KAPITAN SOROKIN,3,345312,31,43,28,5138,39,1,2016-12-14T18:19:05.000Z,st_petersburg,2016-12-14T00:00:00.000Z,50,Tug,St. Petersburg,1
59.88225,30.19495,0,0,88,3,SPB,RU,141,0,KAPITAN SOROKIN,3,345312,31,43,28,5138,39,1,2016-12-14T18:21:04.000Z,st_petersburg,2016-12-14T00:00:00.000Z,50,Tug,St. Petersburg,1
59.88225,30.19495,0,0,88,3,SPB,RU,141,0,KAPITAN SOROKIN,3,345312,31,43,28,5138,39,1,2016-12-14T18:21:05.000Z,st_petersburg,2016-12-14T00:00:00.000Z,50,Tug,St. Petersburg,1
59.88226,30.19494,0,0,88,2,SPB,RU,141,0,KAPITAN SOROKIN,3,345312,31,43,28,5138,39,1,2016-12-14T18:23:04.000Z,st_petersburg,2016-12-14T00:00:00.000Z,50,Tug,St. Petersburg,1
59.88226,30.19494,0,0,88,2,SPB,RU,141,0,KAPITAN SOROKIN,3,345312,31,43,28,5138,39,1,2016-12-14T18:23:04.000Z,st_petersburg,2016-12-14T00:00:00.000Z,50,Tug,St. Petersburg,1
59.88226,30.19494,0,0,88,4,SPB,RU,141,0,KAPITAN SOROKIN,3,345312,31,43,28,5138,39,1,2016-12-14T18:25:03.000Z,st_petersburg,2016-12-14T00:00:00.000Z,50,Tug,St. Petersburg,1
59.88226,30.19494,0,0,88,3,SPB,RU,141,0,KAPITAN SOROKIN,3,345312,31,43,28,5138,39,1,2016-12-14T18:25:04.000Z,st_petersburg,2016-12-14T00:00:00.000Z,50,Tug,St. Petersburg,1
59.88226,30.19494,0,0,88,6,SPB,RU,141,0,KAPITAN SOROKIN,3,345312,31,43,28,5138,39,1,2016-12-14T18:27:04.000Z,st_petersburg,2016-12-14T00:00:00.000Z,50,Tug,St. Petersburg,1
59.88226,30.19494,0,0,88,6,SPB,RU,141,0,KAPITAN SOROKIN,3,345312,31,43,28,5138,39,1,2016-12-14T18:27:05.000Z,st_petersburg,2016-12-14T00:00:00.000Z,50,Tug,St. Petersburg,1
59.88226,30.19494,0,0,88,8,SPB,RU,141,0,KAPITAN SOROKIN,3,345312,31,43,28,5138,39,1,2016-12-14T18:29:03.000Z,st_petersburg,2016-12-14T00:00:00.000Z,50,Tug,St. Petersburg,1
59.88226,30.19494,0,0,88,6,SPB,RU,141,0,KAPITAN SOROKIN,3,345312,31,43,28,5138,39,1,2016-12-14T18:29:04.000Z,st_petersburg,2016-12-14T00:00:00.000Z,50,Tug,St. Petersburg,1
59.88224,30.19497,0,0,88,2,SPB,RU,141,0,KAPITAN SOROKIN,3,345312,31,43,28,5138,39,1,2016-12-14T18:31:03.000Z,st_petersburg,2016-12-14T00:00:00.000Z,50,Tug,St. Petersburg,1
59.88224,30.19497,0,0,88,2,SPB,RU,141,0,KAPITAN SOROKIN,3,345312,31,43,28,5138,39,1,2016-12-14T18:31:04.000Z,st_petersburg,2016-12-14T00:00:00.000Z,50,Tug,St. Petersburg,1
59.88224,30.19497,0,0,88,4,SPB,RU,141,0,KAPITAN SOROKIN,3,345312,31,43,28,5138,39,1,2016-12-14T18:33:04.000Z,st_petersburg,2016-12-14T00:00:00.000Z,50,Tug,St. Petersburg,1
59.88224,30.19497,0,0,88,4,SPB,RU,141,0,KAPITAN SOROKIN,3,345312,31,43,28,5138,39,1,2016-12-14T18:33:05.000Z,st_petersburg,2016-12-14T00:00:00.000Z,50,Tug,St. Petersburg,1
59.88224,30.19497,0,0,88,6,SPB,RU,141,0,KAPITAN SOROKIN,3,345312,31,43,28,5138,39,1,2016-12-14T18:35:03.000Z,st_petersburg,2016-12-14T00:00:00.000Z,50,Tug,St. Petersburg,1
59.88224,30.19497,0,0,88,6,SPB,RU,141,0,KAPITAN SOROKIN,3,345312,31,43,28,5138,39,1,2016-12-14T18:35:04.000Z,st_petersburg,2016-12-14T00:00:00.000Z,50,Tug,St. Petersburg,1
59.88224,30.19497,0,0,88,8,SPB,RU,141,0,KAPITAN SOROKIN,3,345312,31,43,28,5138,39,1,2016-12-14T18:37:04.000Z,st_petersburg,2016-12-14T00:00:00.000Z,50,Tug,St. Petersburg,1
59.88224,30.19497,0,0,88,6,SPB,RU,141,0,KAPITAN SOROKIN,3,345312,31,43,28,5138,39,1,2016-12-14T18:37:05.000Z,st_petersburg,2016-12-14T00:00:00.000Z,50,Tug,St. Petersburg,1
59.88225,30.19491,0,0,88,2,SPB,RU,141,0,KAPITAN SOROKIN,3,345312,31,43,28,5138,39,1,2016-12-14T18:39:03.000Z,st_petersburg,2016-12-14T00:00:00.000Z,50,Tug,St. Petersburg,1
59.88224,30.19497,0,0,88,8,SPB,RU,141,0,KAPITAN SOROKIN,3,345312,31,43,28,5138,39,1,2016-12-14T18:39:04.000Z,st_petersburg,2016-12-14T00:00:00.000Z,50,Tug,St. Petersburg,1
59.88225,30.19491,0,0,88,4,SPB,RU,141,0,KAPITAN SOROKIN,3,345312,31,43,28,5138,39,1,2016-12-14T18:41:03.000Z,st_petersburg,2016-12-14T00:00:00.000Z,50,Tug,St. Petersburg,1
59.88225,30.19491,0,0,88,2,SPB,RU,141,0,KAPITAN SOROKIN,3,345312,31,43,28,5138,39,1,2016-12-14T18:41:04.000Z,st_petersburg,2016-12-14T00:00:00.000Z,50,Tug,St. Petersburg,1
59.88225,30.19496,0,0,88,3,SPB,RU,141,0,KAPITAN SOROKIN,3,345312,31,43,28,5138,39,1,2016-12-14T18:43:03.000Z,st_petersburg,2016-12-14T00:00:00.000Z,50,Tug,St. Petersburg,1
59.88225,30.19496,0,0,88,3,SPB,RU,141,0,KAPITAN SOROKIN,3,345312,31,43,28,5138,39,1,2016-12-14T18:43:04.000Z,st_petersburg,2016-12-14T00:00:00.000Z,50,Tug,St. Petersburg,1
59.88227,30.19496,0,0,88,2,SPB,RU,141,0,KAPITAN SOROKIN,3,345312,31,43,28,5138,39,1,2016-12-14T18:45:04.000Z,st_petersburg,2016-12-14T00:00:00.000Z,50,Tug,St. Petersburg,1
59.88227,30.19496,0,0,88,2,SPB,RU,141,0,KAPITAN SOROKIN,3,345312,31,43,28,5138,39,1,2016-12-14T18:45:05.000Z,st_petersburg,2016-12-14T00:00:00.000Z,50,Tug,St. Petersburg,1
59.88227,30.19496,0,0,88,4,SPB,RU,141,0,KAPITAN SOROKIN,3,345312,31,43,28,5138,39,1,2016-12-14T18:47:03.000Z,st_petersburg,2016-12-14T00:00:00.000Z,50,Tug,St. Petersburg,1
59.88227,30.19496,0,0,88,2,SPB,RU,141,0,KAPITAN SOROKIN,3,345312,31,43,28,5138,39,1,2016-12-14T18:47:04.000Z,st_petersburg,2016-12-14T00:00:00.000Z,50,Tug,St. Petersburg,1
59.88227,30.19496,0,0,88,3,SPB,RU,141,0,KAPITAN SOROKIN,3,345312,31,43,28,5138,39,1,2016-12-14T18:49:03.000Z,st_petersburg,2016-12-14T00:00:00.000Z,50,Tug,St. Petersburg,1
59.88227,30.19496,0,0,88,1,SPB,RU,141,0,KAPITAN SOROKIN,3,345312,31,43,28,5138,39,1,2016-12-14T18:49:04.000Z,st_petersburg,2016-12-14T00:00:00.000Z,50,Tug,St. Petersburg,1
59.88228,30.19498,0,0,88,2,SPB,RU,141,0,KAPITAN SOROKIN,3,345312,31,43,28,5138,39,1,2016-12-14T18:51:03.000Z,st_petersburg,2016-12-14T00:00:00.000Z,50,Tug,St. Petersburg,1
59.88228,30.19498,0,0,88,2,SPB,RU,141,0,KAPITAN SOROKIN,3,345312,31,43,28,5138,39,1,2016-12-14T18:51:04.000Z,st_petersburg,2016-12-14T00:00:00.000Z,50,Tug,St. Petersburg,1
59.88228,30.19498,0,0,88,4,SPB,RU,141,0,KAPITAN SOROKIN,3,345312,31,43,28,5138,39,1,2016-12-14T18:53:04.000Z,st_petersburg,2016-12-14T00:00:00.000Z,50,Tug,St. Petersburg,1
59.88228,30.19498,0,0,88,4,SPB,RU,141,0,KAPITAN SOROKIN,3,345312,31,43,28,5138,39,1,2016-12-14T18:53:05.000Z,st_petersburg,2016-12-14T00:00:00.000Z,50,Tug,St. Petersburg,1
59.88227,30.19497,0,0,88,3,SPB,RU,141,0,KAPITAN SOROKIN,3,345312,31,43,28,5138,39,1,2016-12-14T18:55:03.000Z,st_petersburg,2016-12-14T00:00:00.000Z,50,Tug,St. Petersburg,1
59.88227,30.19497,0,0,88,3,SPB,RU,141,0,KAPITAN SOROKIN,3,345312,31,43,28,5138,39,1,2016-12-14T18:55:04.000Z,st_petersburg,2016-12-14T00:00:00.000Z,50,Tug,St. Petersburg,1
59.88227,30.19497,0,0,88,5,SPB,RU,141,0,KAPITAN SOROKIN,3,345312,31,43,28,5138,39,1,2016-12-14T18:57:03.000Z,st_petersburg,2016-12-14T00:00:00.000Z,50,Tug,St. Petersburg,1
59.88227,30.19497,0,0,88,5,SPB,RU,141,0,KAPITAN SOROKIN,3,345312,31,43,28,5138,39,1,2016-12-14T18:57:04.000Z,st_petersburg,2016-12-14T00:00:00.000Z,50,Tug,St. Petersburg,1
59.88227,30.19497,0,0,88,7,SPB,RU,141,0,KAPITAN SOROKIN,3,345312,31,43,28,5138,39,1,2016-12-14T18:59:04.000Z,st_petersburg,2016-12-14T00:00:00.000Z,50,Tug,St. Petersburg,1
59.88227,30.19497,0,0,88,6,SPB,RU,141,0,KAPITAN SOROKIN,3,345312,31,43,28,5138,39,1,2016-12-14T18:59:04.000Z,st_petersburg,2016-12-14T00:00:00.000Z,50,Tug,St. Petersburg,1
59.88227,30.19497,0,0,88,9,SPB,RU,141,0,KAPITAN SOROKIN,3,345312,31,43,28,5138,39,1,2016-12-14T19:01:04.000Z,st_petersburg,2016-12-14T00:00:00.000Z,50,Tug,St. Petersburg,1
59.88227,30.19497,0,0,88,8,SPB,RU,141,0,KAPITAN SOROKIN,3,345312,31,43,28,5138,39,1,2016-12-14T19:01:05.000Z,st_petersburg,2016-12-14T00:00:00.000Z,50,Tug,St. Petersburg,1
59.88227,30.19495,0,0,88,3,SPB,RU,141,0,KAPITAN SOROKIN,3,345312,31,43,28,5138,39,1,2016-12-14T19:03:04.000Z,st_petersburg,2016-12-14T00:00:00.000Z,50,Tug,St. Petersburg,1
59.88227,30.19495,0,0,88,3,SPB,RU,141,0,KAPITAN SOROKIN,3,345312,31,43,28,5138,39,1,2016-12-14T19:03:04.000Z,st_petersburg,2016-12-14T00:00:00.000Z,50,Tug,St. Petersburg,1
59.88227,30.19495,0,0,88,5,SPB,RU,141,0,KAPITAN SOROKIN,3,345312,31,43,28,5138,39,1,2016-12-14T19:05:04.000Z,st_petersburg,2016-12-14T00:00:00.000Z,50,Tug,St. Petersburg,1
59.88227,30.19495,0,0,88,5,SPB,RU,141,0,KAPITAN SOROKIN,3,345312,31,43,28,5138,39,1,2016-12-14T19:05:05.000Z,st_petersburg,2016-12-14T00:00:00.000Z,50,Tug,St. Petersburg,1
59.88227,30.19495,0,0,88,7,SPB,RU,141,0,KAPITAN SOROKIN,3,345312,31,43,28,5138,39,1,2016-12-14T19:07:03.000Z,st_petersburg,2016-12-14T00:00:00.000Z,50,Tug,St. Petersburg,1
59.88227,30.19495,0,0,88,7,SPB,RU,141,0,KAPITAN SOROKIN,3,345312,31,43,28,5138,39,1,2016-12-14T19:07:04.000Z,st_petersburg,2016-12-14T00:00:00.000Z,50,Tug,St. Petersburg,1
59.88227,30.19495,0,0,88,9,SPB,RU,141,0,KAPITAN SOROKIN,3,345312,31,43,28,5138,39,1,2016-12-14T19:09:03.000Z,st_petersburg,2016-12-14T00:00:00.000Z,50,Tug,St. Petersburg,1
59.88227,30.19495,0,0,88,9,SPB,RU,141,0,KAPITAN SOROKIN,3,345312,31,43,28,5138,39,1,2016-12-14T19:09:04.000Z,st_petersburg,2016-12-14T00:00:00.000Z,50,Tug,St. Petersburg,1
59.88226,30.19497,0,0,88,3,SPB,RU,141,0,KAPITAN SOROKIN,3,345312,31,43,28,5138,39,1,2016-12-14T19:11:03.000Z,st_petersburg,2016-12-14T00:00:00.000Z,50,Tug,St. Petersburg,1
59.88226,30.19497,0,0,88,3,SPB,RU,141,0,KAPITAN SOROKIN,3,345312,31,43,28,5138,39,1,2016-12-14T19:11:04.000Z,st_petersburg,2016-12-14T00:00:00.000Z,50,Tug,St. Petersburg,1
59.88225,30.19497,0,0,88,2,SPB,RU,141,0,KAPITAN SOROKIN,3,345312,31,43,28,5138,39,1,2016-12-14T19:13:04.000Z,st_petersburg,2016-12-14T00:00:00.000Z,50,Tug,St. Petersburg,1
59.88225,30.19497,0,0,88,2,SPB,RU,141,0,KAPITAN SOROKIN,3,345312,31,43,28,5138,39,1,2016-12-14T19:13:05.000Z,st_petersburg,2016-12-14T00:00:00.000Z,50,Tug,St. Petersburg,1
59.88225,30.19497,0,0,88,4,SPB,RU,141,0,KAPITAN SOROKIN,3,345312,31,43,28,5138,39,1,2016-12-14T19:15:03.000Z,st_petersburg,2016-12-14T00:00:00.000Z,50,Tug,St. Petersburg,1
59.88225,30.19497,0,0,88,2,SPB,RU,141,0,KAPITAN SOROKIN,3,345312,31,43,28,5138,39,1,2016-12-14T19:15:04.000Z,st_petersburg,2016-12-14T00:00:00.000Z,50,Tug,St. Petersburg,1
59.88228,30.19491,0,0,88,3,SPB,RU,141,0,KAPITAN SOROKIN,3,345312,31,43,28,5138,39,1,2016-12-14T19:17:04.000Z,st_petersburg,2016-12-14T00:00:00.000Z,50,Tug,St. Petersburg,1
59.88228,30.19491,0,0,88,1,SPB,RU,141,0,KAPITAN SOROKIN,3,345312,31,43,28,5138,39,1,2016-12-14T19:17:05.000Z,st_petersburg,2016-12-14T00:00:00.000Z,50,Tug,St. Petersburg,1
59.88228,30.19491,0,0,88,5,SPB,RU,141,0,KAPITAN SOROKIN,3,345312,31,43,28,5138,39,1,2016-12-14T19:19:03.000Z,st_petersburg,2016-12-14T00:00:00.000Z,50,Tug,St. Petersburg,1
59.88228,30.19491,0,0,88,5,SPB,RU,141,0,KAPITAN SOROKIN,3,345312,31,43,28,5138,39,1,2016-12-14T19:19:04.000Z,st_petersburg,2016-12-14T00:00:00.000Z,50,Tug,St. Petersburg,1
59.88227,30.19495,0,0,88,3,SPB,RU,141,0,KAPITAN SOROKIN,3,345312,31,43,28,5138,39,1,2016-12-14T19:21:03.000Z,st_petersburg,2016-12-14T00:00:00.000Z,50,Tug,St. Petersburg,1
59.88227,30.19495,0,0,88,3,SPB,RU,141,0,KAPITAN SOROKIN,3,345312,31,43,28,5138,39,1,2016-12-14T19:21:04.000Z,st_petersburg,2016-12-14T00:00:00.000Z,50,Tug,St. Petersburg,1
59.88227,30.19495,0,0,88,5,SPB,RU,141,0,KAPITAN SOROKIN,3,345312,31,43,28,5138,39,1,2016-12-14T19:23:04.000Z,st_petersburg,2016-12-14T00:00:00.000Z,50,Tug,St. Petersburg,1
59.88227,30.19495,0,0,88,5,SPB,RU,141,0,KAPITAN SOROKIN,3,345312,31,43,28,5138,39,1,2016-12-14T19:23:04.000Z,st_petersburg,2016-12-14T00:00:00.000Z,50,Tug,St. Petersburg,1
59.88227,30.19495,0,0,88,7,SPB,RU,141,0,KAPITAN SOROKIN,3,345312,31,43,28,5138,39,1,2016-12-14T19:25:03.000Z,st_petersburg,2016-12-14T00:00:00.000Z,50,Tug,St. Petersburg,1
59.88227,30.19495,0,0,88,5,SPB,RU,141,0,KAPITAN SOROKIN,3,345312,31,43,28,5138,39,1,2016-12-14T19:25:04.000Z,st_petersburg,2016-12-14T00:00:00.000Z,50,Tug,St. Petersburg,1
59.88227,30.19495,0,0,88,9,SPB,RU,141,0,KAPITAN SOROKIN,3,345312,31,43,28,5138,39,1,2016-12-14T19:27:03.000Z,st_petersburg,2016-12-14T00:00:00.000Z,50,Tug,St. Petersburg,1
59.88227,30.19495,0,0,88,9,SPB,RU,141,0,KAPITAN SOROKIN,3,345312,31,43,28,5138,39,1,2016-12-14T19:27:04.000Z,st_petersburg,2016-12-14T00:00:00.000Z,50,Tug,St. Petersburg,1
59.88225,30.19494,0,0,88,3,SPB,RU,141,0,KAPITAN SOROKIN,3,345312,31,43,28,5138,39,1,2016-12-14T19:29:04.000Z,st_petersburg,2016-12-14T00:00:00.000Z,50,Tug,St. Petersburg,1
59.88225,30.19494,0,0,88,3,SPB,RU,141,0,KAPITAN SOROKIN,3,345312,31,43,28,5138,39,1,2016-12-14T19:29:05.000Z,st_petersburg,2016-12-14T00:00:00.000Z,50,Tug,St. Petersburg,1
59.88227,30.19495,0,0,88,2,SPB,RU,141,0,KAPITAN SOROKIN,3,345312,31,43,28,5138,39,1,2016-12-14T19:31:03.000Z,st_petersburg,2016-12-14T00:00:00.000Z,50,Tug,St. Petersburg,1
59.88227,30.19495,0,0,88,2,SPB,RU,141,0,KAPITAN SOROKIN,3,345312,31,43,28,5138,39,1,2016-12-14T19:31:04.000Z,st_petersburg,2016-12-14T00:00:00.000Z,50,Tug,St. Petersburg,1
59.88227,30.19495,0,0,88,4,SPB,RU,141,0,KAPITAN SOROKIN,3,345312,31,43,28,5138,39,1,2016-12-14T19:33:04.000Z,st_petersburg,2016-12-14T00:00:00.000Z,50,Tug,St. Petersburg,1
59.88227,30.19495,0,0,88,2,SPB,RU,141,0,KAPITAN SOROKIN,3,345312,31,43,28,5138,39,1,2016-12-14T19:33:04.000Z,st_petersburg,2016-12-14T00:00:00.000Z,50,Tug,St. Petersburg,1
59.88225,30.19496,0,0,88,2,SPB,RU,141,0,KAPITAN SOROKIN,3,345312,31,43,28,5138,39,1,2016-12-14T19:35:04.000Z,st_petersburg,2016-12-14T00:00:00.000Z,50,Tug,St. Petersburg,1
59.88227,30.19495,0,0,88,4,SPB,RU,141,0,KAPITAN SOROKIN,3,345312,31,43,28,5138,39,1,2016-12-14T19:35:04.000Z,st_petersburg,2016-12-14T00:00:00.000Z,50,Tug,St. Petersburg,1
59.88225,30.19496,0,0,88,4,SPB,RU,141,0,KAPITAN SOROKIN,3,345312,31,43,28,5138,39,1,2016-12-14T19:37:03.000Z,st_petersburg,2016-12-14T00:00:00.000Z,50,Tug,St. Petersburg,1
59.88225,30.19496,0,0,88,4,SPB,RU,141,0,KAPITAN SOROKIN,3,345312,31,43,28,5138,39,1,2016-12-14T19:37:04.000Z,st_petersburg,2016-12-14T00:00:00.000Z,50,Tug,St. Petersburg,1
59.88228,30.19493,0,0,88,3,SPB,RU,141,0,KAPITAN SOROKIN,3,345312,31,43,28,5138,39,1,2016-12-14T19:39:04.000Z,st_petersburg,2016-12-14T00:00:00.000Z,50,Tug,St. Petersburg,1
59.88228,30.19493,0,0,88,2,SPB,RU,141,0,KAPITAN SOROKIN,3,345312,31,43,28,5138,39,1,2016-12-14T19:39:04.000Z,st_petersburg,2016-12-14T00:00:00.000Z,50,Tug,St. Petersburg,1
59.88227,30.19495,0,0,88,2,SPB,RU,141,0,KAPITAN SOROKIN,3,345312,31,43,28,5138,39,1,2016-12-14T19:41:03.000Z,st_petersburg,2016-12-14T00:00:00.000Z,50,Tug,St. Petersburg,1
59.88227,30.19495,0,0,88,2,SPB,RU,141,0,KAPITAN SOROKIN,3,345312,31,43,28,5138,39,1,2016-12-14T19:41:04.000Z,st_petersburg,2016-12-14T00:00:00.000Z,50,Tug,St. Petersburg,1
59.88227,30.19495,0,0,88,4,SPB,RU,141,0,KAPITAN SOROKIN,3,345312,31,43,28,5138,39,1,2016-12-14T19:43:04.000Z,st_petersburg,2016-12-14T00:00:00.000Z,50,Tug,St. Petersburg,1
59.88227,30.19495,0,0,88,4,SPB,RU,141,0,KAPITAN SOROKIN,3,345312,31,43,28,5138,39,1,2016-12-14T19:43:05.000Z,st_petersburg,2016-12-14T00:00:00.000Z,50,Tug,St. Petersburg,1
59.88225,30.19494,0,0,88,3,SPB,RU,141,0,KAPITAN SOROKIN,3,345312,31,43,28,5138,39,1,2016-12-14T19:45:03.000Z,st_petersburg,2016-12-14T00:00:00.000Z,50,Tug,St. Petersburg,1
59.88227,30.19495,0,0,88,4,SPB,RU,141,0,KAPITAN SOROKIN,3,345312,31,43,28,5138,39,1,2016-12-14T19:45:04.000Z,st_petersburg,2016-12-14T00:00:00.000Z,50,Tug,St. Petersburg,1
59.88227,30.19494,1,0,88,2,SPB,RU,141,0,KAPITAN SOROKIN,3,345312,31,43,28,5138,39,1,2016-12-14T19:47:03.000Z,st_petersburg,2016-12-14T00:00:00.000Z,50,Tug,St. Petersburg,1
59.88227,30.19494,1,0,88,2,SPB,RU,141,0,KAPITAN SOROKIN,3,345312,31,43,28,5138,39,1,2016-12-14T19:47:04.000Z,st_petersburg,2016-12-14T00:00:00.000Z,50,Tug,St. Petersburg,1
59.88227,30.19494,1,0,88,4,SPB,RU,141,0,KAPITAN SOROKIN,3,345312,31,43,28,5138,39,1,2016-12-14T19:49:04.000Z,st_petersburg,2016-12-14T00:00:00.000Z,50,Tug,St. Petersburg,1
59.88227,30.19494,1,0,88,4,SPB,RU,141,0,KAPITAN SOROKIN,3,345312,31,43,28,5138,39,1,2016-12-14T19:49:05.000Z,st_petersburg,2016-12-14T00:00:00.000Z,50,Tug,St. Petersburg,1
59.88227,30.19494,1,0,88,6,SPB,RU,141,0,KAPITAN SOROKIN,3,345312,31,43,28,5138,39,1,2016-12-14T19:51:04.000Z,st_petersburg,2016-12-14T00:00:00.000Z,50,Tug,St. Petersburg,1
59.88227,30.19494,1,0,88,6,SPB,RU,141,0,KAPITAN SOROKIN,3,345312,31,43,28,5138,39,1,2016-12-14T19:51:05.000Z,st_petersburg,2016-12-14T00:00:00.000Z,50,Tug,St. Petersburg,1
59.88227,30.19494,1,0,88,8,SPB,RU,141,0,KAPITAN SOROKIN,3,345312,31,43,28,5138,39,1,2016-12-14T19:53:03.000Z,st_petersburg,2016-12-14T00:00:00.000Z,50,Tug,St. Petersburg,1
59.88227,30.19494,1,0,88,8,SPB,RU,141,0,KAPITAN SOROKIN,3,345312,31,43,28,5138,39,1,2016-12-14T19:53:04.000Z,st_petersburg,2016-12-14T00:00:00.000Z,50,Tug,St. Petersburg,1
59.88227,30.19494,1,0,88,10,SPB,RU,141,0,KAPITAN SOROKIN,3,345312,31,43,28,5138,39,1,2016-12-14T19:55:03.000Z,st_petersburg,2016-12-14T00:00:00.000Z,50,Tug,St. Petersburg,1
59.88227,30.19494,1,0,88,10,SPB,RU,141,0,KAPITAN SOROKIN,3,345312,31,43,28,5138,39,1,2016-12-14T19:55:04.000Z,st_petersburg,2016-12-14T00:00:00.000Z,50,Tug,St. Petersburg,1
59.88225,30.19494,0,0,88,5,SPB,RU,141,0,KAPITAN SOROKIN,3,345312,31,43,28,5138,39,1,2016-12-14T19:57:03.000Z,st_petersburg,2016-12-14T00:00:00.000Z,50,Tug,St. Petersburg,1
59.88227,30.19494,1,0,88,10,SPB,RU,141,0,KAPITAN SOROKIN,3,345312,31,43,28,5138,39,1,2016-12-14T19:57:04.000Z,st_petersburg,2016-12-14T00:00:00.000Z,50,Tug,St. Petersburg,1
59.88223,30.19498,0,0,88,3,SPB,RU,141,0,KAPITAN SOROKIN,3,345312,31,43,28,5138,39,1,2016-12-14T19:59:04.000Z,st_petersburg,2016-12-14T00:00:00.000Z,50,Tug,St. Petersburg,1
59.88223,30.19498,0,0,88,3,SPB,RU,141,0,KAPITAN SOROKIN,3,345312,31,43,28,5138,39,1,2016-12-14T19:59:04.000Z,st_petersburg,2016-12-14T00:00:00.000Z,50,Tug,St. Petersburg,1
59.88223,30.19498,0,0,88,5,SPB,RU,141,0,KAPITAN SOROKIN,3,345312,31,43,28,5138,39,1,2016-12-14T20:01:04.000Z,st_petersburg,2016-12-14T00:00:00.000Z,50,Tug,St. Petersburg,1
59.88223,30.19498,0,0,88,3,SPB,RU,141,0,KAPITAN SOROKIN,3,345312,31,43,28,5138,39,1,2016-12-14T20:01:04.000Z,st_petersburg,2016-12-14T00:00:00.000Z,50,Tug,St. Petersburg,1
59.88223,30.19498,0,0,88,7,SPB,RU,141,0,KAPITAN SOROKIN,3,345312,31,43,28,5138,39,1,2016-12-14T20:03:03.000Z,st_petersburg,2016-12-14T00:00:00.000Z,50,Tug,St. Petersburg,1
59.88223,30.19498,0,0,88,7,SPB,RU,141,0,KAPITAN SOROKIN,3,345312,31,43,28,5138,39,1,2016-12-14T20:03:04.000Z,st_petersburg,2016-12-14T00:00:00.000Z,50,Tug,St. Petersburg,1
59.88223,30.19498,0,0,88,9,SPB,RU,141,0,KAPITAN SOROKIN,3,345312,31,43,28,5138,39,1,2016-12-14T20:05:03.000Z,st_petersburg,2016-12-14T00:00:00.000Z,50,Tug,St. Petersburg,1
59.88223,30.19498,0,0,88,8,SPB,RU,141,0,KAPITAN SOROKIN,3,345312,31,43,28,5138,39,1,2016-12-14T20:05:04.000Z,st_petersburg,2016-12-14T00:00:00.000Z,50,Tug,St. Petersburg,1
59.88227,30.19493,0,0,88,3,SPB,RU,141,0,KAPITAN SOROKIN,3,345312,31,43,28,5138,39,1,2016-12-14T20:07:03.000Z,st_petersburg,2016-12-14T00:00:00.000Z,50,Tug,St. Petersburg,1
59.88227,30.19493,0,0,88,3,SPB,RU,141,0,KAPITAN SOROKIN,3,345312,31,43,28,5138,39,1,2016-12-14T20:07:04.000Z,st_petersburg,2016-12-14T00:00:00.000Z,50,Tug,St. Petersburg,1
59.88205,30.19553,0,0,88,2,SPB,RU,141,0,KAPITAN SOROKIN,3,345312,31,43,28,5138,39,1,2016-12-14T20:09:04.000Z,st_petersburg,2016-12-14T00:00:00.000Z,50,Tug,St. Petersburg,1
59.88205,30.19553,0,0,88,2,SPB,RU,141,0,KAPITAN SOROKIN,3,345312,31,43,28,5138,39,1,2016-12-14T20:09:04.000Z,st_petersburg,2016-12-14T00:00:00.000Z,50,Tug,St. Petersburg,1
59.88205,30.19553,0,0,88,4,SPB,RU,141,0,KAPITAN SOROKIN,3,345312,31,43,28,5138,39,1,2016-12-14T20:11:04.000Z,st_petersburg,2016-12-14T00:00:00.000Z,50,Tug,St. Petersburg,1
59.88205,30.19553,0,0,88,4,SPB,RU,141,0,KAPITAN SOROKIN,3,345312,31,43,28,5138,39,1,2016-12-14T20:11:05.000Z,st_petersburg,2016-12-14T00:00:00.000Z,50,Tug,St. Petersburg,1
59.88229,30.19494,0,0,88,3,SPB,RU,141,0,KAPITAN SOROKIN,3,345312,31,43,28,5138,39,1,2016-12-14T20:13:04.000Z,st_petersburg,2016-12-14T00:00:00.000Z,50,Tug,St. Petersburg,1
59.88229,30.19494,0,0,88,3,SPB,RU,141,0,KAPITAN SOROKIN,3,345312,31,43,28,5138,39,1,2016-12-14T20:13:05.000Z,st_petersburg,2016-12-14T00:00:00.000Z,50,Tug,St. Petersburg,1
59.88229,30.19494,0,0,88,3,SPB,RU,141,0,KAPITAN SOROKIN,3,345312,31,43,28,5138,39,1,2016-12-14T20:15:03.000Z,st_petersburg,2016-12-14T00:00:00.000Z,50,Tug,St. Petersburg,1
59.88228,30.19494,0,0,88,2,SPB,RU,141,0,KAPITAN SOROKIN,3,345312,31,43,28,5138,39,1,2016-12-14T20:15:04.000Z,st_petersburg,2016-12-14T00:00:00.000Z,50,Tug,St. Petersburg,1
59.88228,30.19494,0,0,88,4,SPB,RU,141,0,KAPITAN SOROKIN,3,345312,31,43,28,5138,39,1,2016-12-14T20:17:03.000Z,st_petersburg,2016-12-14T00:00:00.000Z,50,Tug,St. Petersburg,1
59.88228,30.19494,0,0,88,4,SPB,RU,141,0,KAPITAN SOROKIN,3,345312,31,43,28,5138,39,1,2016-12-14T20:17:04.000Z,st_petersburg,2016-12-14T00:00:00.000Z,50,Tug,St. Petersburg,1
59.88227,30.19492,0,0,88,3,SPB,RU,141,0,KAPITAN SOROKIN,3,345312,31,43,28,5138,39,1,2016-12-14T20:19:03.000Z,st_petersburg,2016-12-14T00:00:00.000Z,50,Tug,St. Petersburg,1
59.88228,30.19494,0,0,88,4,SPB,RU,141,0,KAPITAN SOROKIN,3,345312,31,43,28,5138,39,1,2016-12-14T20:19:04.000Z,st_petersburg,2016-12-14T00:00:00.000Z,50,Tug,St. Petersburg,1
59.88227,30.19492,0,0,88,2,SPB,RU,141,0,KAPITAN SOROKIN,3,345312,31,43,28,5138,39,1,2016-12-14T20:21:03.000Z,st_petersburg,2016-12-14T00:00:00.000Z,50,Tug,St. Petersburg,1
59.88227,30.19492,0,0,88,2,SPB,RU,141,0,KAPITAN SOROKIN,3,345312,31,43,28,5138,39,1,2016-12-14T20:21:04.000Z,st_petersburg,2016-12-14T00:00:00.000Z,50,Tug,St. Petersburg,1
59.88227,30.19492,0,0,88,4,SPB,RU,141,0,KAPITAN SOROKIN,3,345312,31,43,28,5138,39,1,2016-12-14T20:23:03.000Z,st_petersburg,2016-12-14T00:00:00.000Z,50,Tug,St. Petersburg,1
59.88227,30.19492,0,0,88,3,SPB,RU,141,0,KAPITAN SOROKIN,3,345312,31,43,28,5138,39,1,2016-12-14T20:23:04.000Z,st_petersburg,2016-12-14T00:00:00.000Z,50,Tug,St. Petersburg,1
59.88224,30.19497,0,0,88,3,SPB,RU,141,0,KAPITAN SOROKIN,3,345312,31,43,28,5138,39,1,2016-12-14T20:25:03.000Z,st_petersburg,2016-12-14T00:00:00.000Z,50,Tug,St. Petersburg,1
59.88224,30.19497,0,0,88,2,SPB,RU,141,0,KAPITAN SOROKIN,3,345312,31,43,28,5138,39,1,2016-12-14T20:25:04.000Z,st_petersburg,2016-12-14T00:00:00.000Z,50,Tug,St. Petersburg,1
59.88227,30.19495,0,0,88,2,SPB,RU,141,0,KAPITAN SOROKIN,3,345312,31,43,28,5138,39,1,2016-12-14T20:27:03.000Z,st_petersburg,2016-12-14T00:00:00.000Z,50,Tug,St. Petersburg,1
59.88224,30.19497,0,0,88,4,SPB,RU,141,0,KAPITAN SOROKIN,3,345312,31,43,28,5138,39,1,2016-12-14T20:27:04.000Z,st_petersburg,2016-12-14T00:00:00.000Z,50,Tug,St. Petersburg,1
59.88227,30.19495,0,0,88,4,SPB,RU,141,0,KAPITAN SOROKIN,3,345312,31,43,28,5138,39,1,2016-12-14T20:29:03.000Z,st_petersburg,2016-12-14T00:00:00.000Z,50,Tug,St. Petersburg,1
59.88227,30.19495,0,0,88,2,SPB,RU,141,0,KAPITAN SOROKIN,3,345312,31,43,28,5138,39,1,2016-12-14T20:29:04.000Z,st_petersburg,2016-12-14T00:00:00.000Z,50,Tug,St. Petersburg,1
59.88228,30.19494,0,0,88,2,SPB,RU,141,0,KAPITAN SOROKIN,3,345312,31,43,28,5138,39,1,2016-12-14T20:31:03.000Z,st_petersburg,2016-12-14T00:00:00.000Z,50,Tug,St. Petersburg,1
59.88228,30.19494,0,0,88,2,SPB,RU,141,0,KAPITAN SOROKIN,3,345312,31,43,28,5138,39,1,2016-12-14T20:31:04.000Z,st_petersburg,2016-12-14T00:00:00.000Z,50,Tug,St. Petersburg,1
59.88228,30.19494,0,0,88,4,SPB,RU,141,0,KAPITAN SOROKIN,3,345312,31,43,28,5138,39,1,2016-12-14T20:33:04.000Z,st_petersburg,2016-12-14T00:00:00.000Z,50,Tug,St. Petersburg,1
59.88228,30.19494,0,0,88,4,SPB,RU,141,0,KAPITAN SOROKIN,3,345312,31,43,28,5138,39,1,2016-12-14T20:33:04.000Z,st_petersburg,2016-12-14T00:00:00.000Z,50,Tug,St. Petersburg,1
59.88228,30.19494,0,0,88,6,SPB,RU,141,0,KAPITAN SOROKIN,3,345312,31,43,28,5138,39,1,2016-12-14T20:35:04.000Z,st_petersburg,2016-12-14T00:00:00.000Z,50,Tug,St. Petersburg,1
59.88228,30.19494,0,0,88,5,SPB,RU,141,0,KAPITAN SOROKIN,3,345312,31,43,28,5138,39,1,2016-12-14T20:35:05.000Z,st_petersburg,2016-12-14T00:00:00.000Z,50,Tug,St. Petersburg,1
59.88228,30.19494,0,0,88,8,SPB,RU,141,0,KAPITAN SOROKIN,3,345312,31,43,28,5138,39,1,2016-12-14T20:37:04.000Z,st_petersburg,2016-12-14T00:00:00.000Z,50,Tug,St. Petersburg,1
59.88228,30.19494,0,0,88,6,SPB,RU,141,0,KAPITAN SOROKIN,3,345312,31,43,28,5138,39,1,2016-12-14T20:37:05.000Z,st_petersburg,2016-12-14T00:00:00.000Z,50,Tug,St. Petersburg,1
59.88225,30.19496,0,0,88,2,SPB,RU,141,0,KAPITAN SOROKIN,3,345312,31,43,28,5138,39,1,2016-12-14T20:39:04.000Z,st_petersburg,2016-12-14T00:00:00.000Z,50,Tug,St. Petersburg,1
59.88225,30.19496,0,0,88,2,SPB,RU,141,0,KAPITAN SOROKIN,3,345312,31,43,28,5138,39,1,2016-12-14T20:39:05.000Z,st_petersburg,2016-12-14T00:00:00.000Z,50,Tug,St. Petersburg,1
59.88225,30.19496,0,0,88,4,SPB,RU,141,0,KAPITAN SOROKIN,3,345312,31,43,28,5138,39,1,2016-12-14T20:41:04.000Z,st_petersburg,2016-12-14T00:00:00.000Z,50,Tug,St. Petersburg,1
59.88225,30.19496,0,0,88,2,SPB,RU,141,0,KAPITAN SOROKIN,3,345312,31,43,28,5138,39,1,2016-12-14T20:41:05.000Z,st_petersburg,2016-12-14T00:00:00.000Z,50,Tug,St. Petersburg,1
59.88225,30.19497,0,0,88,3,SPB,RU,141,0,KAPITAN SOROKIN,3,345312,31,43,28,5138,39,1,2016-12-14T20:43:04.000Z,st_petersburg,2016-12-14T00:00:00.000Z,50,Tug,St. Petersburg,1
59.88225,30.19497,0,0,88,2,SPB,RU,141,0,KAPITAN SOROKIN,3,345312,31,43,28,5138,39,1,2016-12-14T20:43:04.000Z,st_petersburg,2016-12-14T00:00:00.000Z,50,Tug,St. Petersburg,1
59.88228,30.19495,0,0,88,2,SPB,RU,141,0,KAPITAN SOROKIN,3,345312,31,43,28,5138,39,1,2016-12-14T20:45:04.000Z,st_petersburg,2016-12-14T00:00:00.000Z,50,Tug,St. Petersburg,1
59.88228,30.19495,0,0,88,2,SPB,RU,141,0,KAPITAN SOROKIN,3,345312,31,43,28,5138,39,1,2016-12-14T20:45:05.000Z,st_petersburg,2016-12-14T00:00:00.000Z,50,Tug,St. Petersburg,1
59.88228,30.19495,0,0,88,2,SPB,RU,141,0,KAPITAN SOROKIN,3,345312,31,43,28,5138,39,1,2016-12-14T20:47:03.000Z,st_petersburg,2016-12-14T00:00:00.000Z,50,Tug,St. Petersburg,1
59.88228,30.19495,0,0,88,4,SPB,RU,141,0,KAPITAN SOROKIN,3,345312,31,43,28,5138,39,1,2016-12-14T20:47:04.000Z,st_petersburg,2016-12-14T00:00:00.000Z,50,Tug,St. Petersburg,1
59.88223,30.195,0,0,88,3,SPB,RU,141,0,KAPITAN SOROKIN,3,345312,31,43,28,5138,39,1,2016-12-14T20:49:04.000Z,st_petersburg,2016-12-14T00:00:00.000Z,50,Tug,St. Petersburg,1
59.88223,30.195,0,0,88,3,SPB,RU,141,0,KAPITAN SOROKIN,3,345312,31,43,28,5138,39,1,2016-12-14T20:49:05.000Z,st_petersburg,2016-12-14T00:00:00.000Z,50,Tug,St. Petersburg,1
59.88224,30.19492,0,0,88,2,SPB,RU,141,0,KAPITAN SOROKIN,3,345312,31,43,28,5138,39,1,2016-12-14T20:51:04.000Z,st_petersburg,2016-12-14T00:00:00.000Z,50,Tug,St. Petersburg,1
59.88224,30.19492,0,0,88,2,SPB,RU,141,0,KAPITAN SOROKIN,3,345312,31,43,28,5138,39,1,2016-12-14T20:51:05.000Z,st_petersburg,2016-12-14T00:00:00.000Z,50,Tug,St. Petersburg,1
59.88224,30.19492,0,0,88,4,SPB,RU,141,0,KAPITAN SOROKIN,3,345312,31,43,28,5138,39,1,2016-12-14T20:53:03.000Z,st_petersburg,2016-12-14T00:00:00.000Z,50,Tug,St. Petersburg,1
59.88224,30.19492,0,0,88,4,SPB,RU,141,0,KAPITAN SOROKIN,3,345312,31,43,28,5138,39,1,2016-12-14T20:53:04.000Z,st_petersburg,2016-12-14T00:00:00.000Z,50,Tug,St. Petersburg,1
59.88215,30.19498,0,0,88,3,SPB,RU,141,0,KAPITAN SOROKIN,3,345312,31,43,28,5138,39,1,2016-12-14T20:55:03.000Z,st_petersburg,2016-12-14T00:00:00.000Z,50,Tug,St. Petersburg,1
59.88215,30.19498,0,0,88,3,SPB,RU,141,0,KAPITAN SOROKIN,3,345312,31,43,28,5138,39,1,2016-12-14T20:55:04.000Z,st_petersburg,2016-12-14T00:00:00.000Z,50,Tug,St. Petersburg,1
59.88222,30.19492,0,0,88,2,SPB,RU,141,0,KAPITAN SOROKIN,3,345312,31,43,28,5138,39,1,2016-12-14T20:57:03.000Z,st_petersburg,2016-12-14T00:00:00.000Z,50,Tug,St. Petersburg,1
59.88215,30.19498,0,0,88,3,SPB,RU,141,0,KAPITAN SOROKIN,3,345312,31,43,28,5138,39,1,2016-12-14T20:57:04.000Z,st_petersburg,2016-12-14T00:00:00.000Z,50,Tug,St. Petersburg,1
59.88222,30.19492,0,0,88,4,SPB,RU,141,0,KAPITAN SOROKIN,3,345312,31,43,28,5138,39,1,2016-12-14T20:59:03.000Z,st_petersburg,2016-12-14T00:00:00.000Z,50,Tug,St. Petersburg,1
59.88222,30.19492,0,0,88,2,SPB,RU,141,0,KAPITAN SOROKIN,3,345312,31,43,28,5138,39,1,2016-12-14T20:59:04.000Z,st_petersburg,2016-12-14T00:00:00.000Z,50,Tug,St. Petersburg,1
59.88222,30.19492,0,0,88,6,SPB,RU,141,0,KAPITAN SOROKIN,3,345312,31,43,28,5138,39,1,2016-12-14T21:01:04.000Z,st_petersburg,2016-12-14T00:00:00.000Z,50,Tug,St. Petersburg,1
59.88222,30.19492,0,0,88,6,SPB,RU,141,0,KAPITAN SOROKIN,3,345312,31,43,28,5138,39,1,2016-12-14T21:01:05.000Z,st_petersburg,2016-12-14T00:00:00.000Z,50,Tug,St. Petersburg,1
59.88222,30.19492,0,0,88,8,SPB,RU,141,0,KAPITAN SOROKIN,3,345312,31,43,28,5138,39,1,2016-12-14T21:03:04.000Z,st_petersburg,2016-12-14T00:00:00.000Z,50,Tug,St. Petersburg,1
59.88222,30.19492,0,0,88,8,SPB,RU,141,0,KAPITAN SOROKIN,3,345312,31,43,28,5138,39,1,2016-12-14T21:03:05.000Z,st_petersburg,2016-12-14T00:00:00.000Z,50,Tug,St. Petersburg,1
59.88227,30.19495,0,0,88,2,SPB,RU,141,0,KAPITAN SOROKIN,3,345312,31,43,28,5138,39,1,2016-12-14T21:05:04.000Z,st_petersburg,2016-12-14T00:00:00.000Z,50,Tug,St. Petersburg,1
59.88222,30.19492,0,0,88,8,SPB,RU,141,0,KAPITAN SOROKIN,3,345312,31,43,28,5138,39,1,2016-12-14T21:05:04.000Z,st_petersburg,2016-12-14T00:00:00.000Z,50,Tug,St. Petersburg,1
59.88227,30.19495,0,0,88,4,SPB,RU,141,0,KAPITAN SOROKIN,3,345312,31,43,28,5138,39,1,2016-12-14T21:07:04.000Z,st_petersburg,2016-12-14T00:00:00.000Z,50,Tug,St. Petersburg,1
59.88227,30.19495,0,0,88,4,SPB,RU,141,0,KAPITAN SOROKIN,3,345312,31,43,28,5138,39,1,2016-12-14T21:07:05.000Z,st_petersburg,2016-12-14T00:00:00.000Z,50,Tug,St. Petersburg,1
59.88227,30.19495,0,0,88,6,SPB,RU,141,0,KAPITAN SOROKIN,3,345312,31,43,28,5138,39,1,2016-12-14T21:09:03.000Z,st_petersburg,2016-12-14T00:00:00.000Z,50,Tug,St. Petersburg,1
59.88227,30.19495,0,0,88,6,SPB,RU,141,0,KAPITAN SOROKIN,3,345312,31,43,28,5138,39,1,2016-12-14T21:09:04.000Z,st_petersburg,2016-12-14T00:00:00.000Z,50,Tug,St. Petersburg,1
59.88227,30.19495,0,0,88,8,SPB,RU,141,0,KAPITAN SOROKIN,3,345312,31,43,28,5138,39,1,2016-12-14T21:11:04.000Z,st_petersburg,2016-12-14T00:00:00.000Z,50,Tug,St. Petersburg,1
59.88227,30.19495,0,0,88,8,SPB,RU,141,0,KAPITAN SOROKIN,3,345312,31,43,28,5138,39,1,2016-12-14T21:11:05.000Z,st_petersburg,2016-12-14T00:00:00.000Z,50,Tug,St. Petersburg,1
59.88224,30.19494,0,0,88,2,SPB,RU,141,0,KAPITAN SOROKIN,3,345312,31,43,28,5138,39,1,2016-12-14T21:13:04.000Z,st_petersburg,2016-12-14T00:00:00.000Z,50,Tug,St. Petersburg,1
59.88224,30.19494,0,0,88,2,SPB,RU,141,0,KAPITAN SOROKIN,3,345312,31,43,28,5138,39,1,2016-12-14T21:13:05.000Z,st_petersburg,2016-12-14T00:00:00.000Z,50,Tug,St. Petersburg,1
59.88224,30.19494,0,0,88,4,SPB,RU,141,0,KAPITAN SOROKIN,3,345312,31,43,28,5138,39,1,2016-12-14T21:15:04.000Z,st_petersburg,2016-12-14T00:00:00.000Z,50,Tug,St. Petersburg,1
59.88224,30.19494,0,0,88,4,SPB,RU,141,0,KAPITAN SOROKIN,3,345312,31,43,28,5138,39,1,2016-12-14T21:15:05.000Z,st_petersburg,2016-12-14T00:00:00.000Z,50,Tug,St. Petersburg,1
59.88225,30.19493,0,0,88,3,SPB,RU,141,0,KAPITAN SOROKIN,3,345312,31,43,28,5138,39,1,2016-12-14T21:17:04.000Z,st_petersburg,2016-12-14T00:00:00.000Z,50,Tug,St. Petersburg,1
59.88224,30.19494,0,0,88,4,SPB,RU,141,0,KAPITAN SOROKIN,3,345312,31,43,28,5138,39,1,2016-12-14T21:17:04.000Z,st_petersburg,2016-12-14T00:00:00.000Z,50,Tug,St. Petersburg,1
59.88225,30.19493,0,0,88,5,SPB,RU,141,0,KAPITAN SOROKIN,3,345312,31,43,28,5138,39,1,2016-12-14T21:19:04.000Z,st_petersburg,2016-12-14T00:00:00.000Z,50,Tug,St. Petersburg,1
59.88225,30.19493,0,0,88,5,SPB,RU,141,0,KAPITAN SOROKIN,3,345312,31,43,28,5138,39,1,2016-12-14T21:19:05.000Z,st_petersburg,2016-12-14T00:00:00.000Z,50,Tug,St. Petersburg,1
59.88226,30.19495,0,0,88,3,SPB,RU,141,0,KAPITAN SOROKIN,3,345312,31,43,28,5138,39,1,2016-12-14T21:21:03.000Z,st_petersburg,2016-12-14T00:00:00.000Z,50,Tug,St. Petersburg,1
59.88226,30.19495,0,0,88,3,SPB,RU,141,0,KAPITAN SOROKIN,3,345312,31,43,28,5138,39,1,2016-12-14T21:21:04.000Z,st_petersburg,2016-12-14T00:00:00.000Z,50,Tug,St. Petersburg,1
59.88224,30.19494,0,0,88,2,SPB,RU,141,0,KAPITAN SOROKIN,3,345312,31,43,28,5138,39,1,2016-12-14T21:23:04.000Z,st_petersburg,2016-12-14T00:00:00.000Z,50,Tug,St. Petersburg,1
59.88224,30.19494,0,0,88,2,SPB,RU,141,0,KAPITAN SOROKIN,3,345312,31,43,28,5138,39,1,2016-12-14T21:23:05.000Z,st_petersburg,2016-12-14T00:00:00.000Z,50,Tug,St. Petersburg,1
59.88224,30.19494,0,0,88,4,SPB,RU,141,0,KAPITAN SOROKIN,3,345312,31,43,28,5138,39,1,2016-12-14T21:25:03.000Z,st_petersburg,2016-12-14T00:00:00.000Z,50,Tug,St. Petersburg,1
59.88224,30.19494,0,0,88,4,SPB,RU,141,0,KAPITAN SOROKIN,3,345312,31,43,28,5138,39,1,2016-12-14T21:25:04.000Z,st_petersburg,2016-12-14T00:00:00.000Z,50,Tug,St. Petersburg,1
59.88224,30.19494,0,0,88,2,SPB,RU,141,0,KAPITAN SOROKIN,3,345312,31,43,28,5138,39,1,2016-12-14T21:27:04.000Z,st_petersburg,2016-12-14T00:00:00.000Z,50,Tug,St. Petersburg,1
59.88224,30.19494,0,0,88,4,SPB,RU,141,0,KAPITAN SOROKIN,3,345312,31,43,28,5138,39,1,2016-12-14T21:27:05.000Z,st_petersburg,2016-12-14T00:00:00.000Z,50,Tug,St. Petersburg,1
59.88224,30.19494,0,0,88,4,SPB,RU,141,0,KAPITAN SOROKIN,3,345312,31,43,28,5138,39,1,2016-12-14T21:29:03.000Z,st_petersburg,2016-12-14T00:00:00.000Z,50,Tug,St. Petersburg,1
59.88224,30.19494,0,0,88,3,SPB,RU,141,0,KAPITAN SOROKIN,3,345312,31,43,28,5138,39,1,2016-12-14T21:29:04.000Z,st_petersburg,2016-12-14T00:00:00.000Z,50,Tug,St. Petersburg,1
59.88225,30.19493,0,0,88,2,SPB,RU,141,0,KAPITAN SOROKIN,3,345312,31,43,28,5138,39,1,2016-12-14T21:31:03.000Z,st_petersburg,2016-12-14T00:00:00.000Z,50,Tug,St. Petersburg,1
59.88225,30.19493,0,0,88,3,SPB,RU,141,0,KAPITAN SOROKIN,3,345312,31,43,28,5138,39,1,2016-12-14T21:31:04.000Z,st_petersburg,2016-12-14T00:00:00.000Z,50,Tug,St. Petersburg,1
59.88223,30.19495,0,0,88,2,SPB,RU,141,0,KAPITAN SOROKIN,3,345312,31,43,28,5138,39,1,2016-12-14T21:33:03.000Z,st_petersburg,2016-12-14T00:00:00.000Z,50,Tug,St. Petersburg,1
59.88223,30.19495,0,0,88,2,SPB,RU,141,0,KAPITAN SOROKIN,3,345312,31,43,28,5138,39,1,2016-12-14T21:33:04.000Z,st_petersburg,2016-12-14T00:00:00.000Z,50,Tug,St. Petersburg,1
59.88223,30.19495,0,0,88,4,SPB,RU,141,0,KAPITAN SOROKIN,3,345312,31,43,28,5138,39,1,2016-12-14T21:35:03.000Z,st_petersburg,2016-12-14T00:00:00.000Z,50,Tug,St. Petersburg,1
59.88223,30.19495,0,0,88,4,SPB,RU,141,0,KAPITAN SOROKIN,3,345312,31,43,28,5138,39,1,2016-12-14T21:35:04.000Z,st_petersburg,2016-12-14T00:00:00.000Z,50,Tug,St. Petersburg,1
59.88222,30.19493,0,0,88,3,SPB,RU,141,0,KAPITAN SOROKIN,3,345312,31,43,28,5138,39,1,2016-12-14T21:37:03.000Z,st_petersburg,2016-12-14T00:00:00.000Z,50,Tug,St. Petersburg,1
59.88222,30.19493,0,0,88,2,SPB,RU,141,0,KAPITAN SOROKIN,3,345312,31,43,28,5138,39,1,2016-12-14T21:37:04.000Z,st_petersburg,2016-12-14T00:00:00.000Z,50,Tug,St. Petersburg,1
59.88226,30.19495,0,0,88,2,SPB,RU,141,0,KAPITAN SOROKIN,3,345312,31,43,28,5138,39,1,2016-12-14T21:39:03.000Z,st_petersburg,2016-12-14T00:00:00.000Z,50,Tug,St. Petersburg,1
59.88226,30.19495,0,0,88,2,SPB,RU,141,0,KAPITAN SOROKIN,3,345312,31,43,28,5138,39,1,2016-12-14T21:39:04.000Z,st_petersburg,2016-12-14T00:00:00.000Z,50,Tug,St. Petersburg,1
59.88226,30.19495,0,0,88,4,SPB,RU,141,0,KAPITAN SOROKIN,3,345312,31,43,28,5138,39,1,2016-12-14T21:41:03.000Z,st_petersburg,2016-12-14T00:00:00.000Z,50,Tug,St. Petersburg,1
59.88226,30.19495,0,0,88,4,SPB,RU,141,0,KAPITAN SOROKIN,3,345312,31,43,28,5138,39,1,2016-12-14T21:41:04.000Z,st_petersburg,2016-12-14T00:00:00.000Z,50,Tug,St. Petersburg,1
59.88225,30.19493,0,0,88,3,SPB,RU,141,0,KAPITAN SOROKIN,3,345312,31,43,28,5138,39,1,2016-12-14T21:43:04.000Z,st_petersburg,2016-12-14T00:00:00.000Z,50,Tug,St. Petersburg,1
59.88225,30.19493,0,0,88,3,SPB,RU,141,0,KAPITAN SOROKIN,3,345312,31,43,28,5138,39,1,2016-12-14T21:43:05.000Z,st_petersburg,2016-12-14T00:00:00.000Z,50,Tug,St. Petersburg,1
59.88225,30.19493,0,0,88,5,SPB,RU,141,0,KAPITAN SOROKIN,3,345312,31,43,28,5138,39,1,2016-12-14T21:45:03.000Z,st_petersburg,2016-12-14T00:00:00.000Z,50,Tug,St. Petersburg,1
59.88225,30.19493,0,0,88,5,SPB,RU,141,0,KAPITAN SOROKIN,3,345312,31,43,28,5138,39,1,2016-12-14T21:45:04.000Z,st_petersburg,2016-12-14T00:00:00.000Z,50,Tug,St. Petersburg,1
59.88225,30.19493,0,0,88,7,SPB,RU,141,0,KAPITAN SOROKIN,3,345312,31,43,28,5138,39,1,2016-12-14T21:47:03.000Z,st_petersburg,2016-12-14T00:00:00.000Z,50,Tug,St. Petersburg,1
59.88225,30.19493,0,0,88,7,SPB,RU,141,0,KAPITAN SOROKIN,3,345312,31,43,28,5138,39,1,2016-12-14T21:47:04.000Z,st_petersburg,2016-12-14T00:00:00.000Z,50,Tug,St. Petersburg,1
59.88225,30.19493,0,0,88,9,SPB,RU,141,0,KAPITAN SOROKIN,3,345312,31,43,28,5138,39,1,2016-12-14T21:49:04.000Z,st_petersburg,2016-12-14T00:00:00.000Z,50,Tug,St. Petersburg,1
59.88225,30.19493,0,0,88,9,SPB,RU,141,0,KAPITAN SOROKIN,3,345312,31,43,28,5138,39,1,2016-12-14T21:49:05.000Z,st_petersburg,2016-12-14T00:00:00.000Z,50,Tug,St. Petersburg,1
59.88227,30.19495,0,0,88,3,SPB,RU,141,0,KAPITAN SOROKIN,3,345312,31,43,28,5138,39,1,2016-12-14T21:51:04.000Z,st_petersburg,2016-12-14T00:00:00.000Z,50,Tug,St. Petersburg,1
59.88227,30.19495,0,0,88,3,SPB,RU,141,0,KAPITAN SOROKIN,3,345312,31,43,28,5138,39,1,2016-12-14T21:51:05.000Z,st_petersburg,2016-12-14T00:00:00.000Z,50,Tug,St. Petersburg,1
59.88225,30.19495,0,0,88,2,SPB,RU,141,0,KAPITAN SOROKIN,3,345312,31,43,28,5138,39,1,2016-12-14T21:53:03.000Z,st_petersburg,2016-12-14T00:00:00.000Z,50,Tug,St. Petersburg,1
59.88227,30.19495,0,0,88,4,SPB,RU,141,0,KAPITAN SOROKIN,3,345312,31,43,28,5138,39,1,2016-12-14T21:53:04.000Z,st_petersburg,2016-12-14T00:00:00.000Z,50,Tug,St. Petersburg,1
59.88225,30.19495,0,0,88,4,SPB,RU,141,0,KAPITAN SOROKIN,3,345312,31,43,28,5138,39,1,2016-12-14T21:55:04.000Z,st_petersburg,2016-12-14T00:00:00.000Z,50,Tug,St. Petersburg,1
59.88225,30.19495,0,0,88,4,SPB,RU,141,0,KAPITAN SOROKIN,3,345312,31,43,28,5138,39,1,2016-12-14T21:55:04.000Z,st_petersburg,2016-12-14T00:00:00.000Z,50,Tug,St. Petersburg,1
59.88225,30.19495,0,0,88,6,SPB,RU,141,0,KAPITAN SOROKIN,3,345312,31,43,28,5138,39,1,2016-12-14T21:57:03.000Z,st_petersburg,2016-12-14T00:00:00.000Z,50,Tug,St. Petersburg,1
59.88225,30.19495,0,0,88,6,SPB,RU,141,0,KAPITAN SOROKIN,3,345312,31,43,28,5138,39,1,2016-12-14T21:57:04.000Z,st_petersburg,2016-12-14T00:00:00.000Z,50,Tug,St. Petersburg,1
59.88225,30.19495,0,0,88,8,SPB,RU,141,0,KAPITAN SOROKIN,3,345312,31,43,28,5138,39,1,2016-12-14T21:59:03.000Z,st_petersburg,2016-12-14T00:00:00.000Z,50,Tug,St. Petersburg,1
59.88225,30.19495,0,0,88,8,SPB,RU,141,0,KAPITAN SOROKIN,3,345312,31,43,28,5138,39,1,2016-12-14T21:59:04.000Z,st_petersburg,2016-12-14T00:00:00.000Z,50,Tug,St. Petersburg,1
59.88222,30.19494,0,0,88,2,SPB,RU,141,0,KAPITAN SOROKIN,3,345312,31,43,28,5138,39,1,2016-12-14T22:01:03.000Z,st_petersburg,2016-12-14T00:00:00.000Z,50,Tug,St. Petersburg,1
59.88225,30.19495,0,0,88,8,SPB,RU,141,0,KAPITAN SOROKIN,3,345312,31,43,28,5138,39,1,2016-12-14T22:01:04.000Z,st_petersburg,2016-12-14T00:00:00.000Z,50,Tug,St. Petersburg,1
59.88222,30.19494,0,0,88,4,SPB,RU,141,0,KAPITAN SOROKIN,3,345312,31,43,28,5138,39,1,2016-12-14T22:03:03.000Z,st_petersburg,2016-12-14T00:00:00.000Z,50,Tug,St. Petersburg,1
59.88222,30.19494,0,0,88,4,SPB,RU,141,0,KAPITAN SOROKIN,3,345312,31,43,28,5138,39,1,2016-12-14T22:03:05.000Z,st_petersburg,2016-12-14T00:00:00.000Z,50,Tug,St. Petersburg,1
59.88226,30.19495,0,0,88,3,SPB,RU,141,0,KAPITAN SOROKIN,3,345312,31,43,28,5138,39,1,2016-12-14T22:05:03.000Z,st_petersburg,2016-12-14T00:00:00.000Z,50,Tug,St. Petersburg,1
59.88226,30.19495,0,0,88,1,SPB,RU,141,0,KAPITAN SOROKIN,3,345312,31,43,28,5138,39,1,2016-12-14T22:05:04.000Z,st_petersburg,2016-12-14T00:00:00.000Z,50,Tug,St. Petersburg,1
59.88227,30.19496,0,0,88,2,SPB,RU,141,0,KAPITAN SOROKIN,3,345312,31,43,28,5138,39,1,2016-12-14T22:07:04.000Z,st_petersburg,2016-12-14T00:00:00.000Z,50,Tug,St. Petersburg,1
59.88227,30.19496,0,0,88,2,SPB,RU,141,0,KAPITAN SOROKIN,3,345312,31,43,28,5138,39,1,2016-12-14T22:07:05.000Z,st_petersburg,2016-12-14T00:00:00.000Z,50,Tug,St. Petersburg,1
59.88227,30.19496,0,0,88,2,SPB,RU,141,0,KAPITAN SOROKIN,3,345312,31,43,28,5138,39,1,2016-12-14T22:09:03.000Z,st_petersburg,2016-12-14T00:00:00.000Z,50,Tug,St. Petersburg,1
59.88227,30.19496,0,0,88,3,SPB,RU,141,0,KAPITAN SOROKIN,3,345312,31,43,28,5138,39,1,2016-12-14T22:09:04.000Z,st_petersburg,2016-12-14T00:00:00.000Z,50,Tug,St. Petersburg,1
59.88227,30.19496,0,0,88,6,SPB,RU,141,0,KAPITAN SOROKIN,3,345312,31,43,28,5138,39,1,2016-12-14T22:11:04.000Z,st_petersburg,2016-12-14T00:00:00.000Z,50,Tug,St. Petersburg,1
59.88227,30.19496,0,0,88,5,SPB,RU,141,0,KAPITAN SOROKIN,3,345312,31,43,28,5138,39,1,2016-12-14T22:11:05.000Z,st_petersburg,2016-12-14T00:00:00.000Z,50,Tug,St. Petersburg,1
59.88227,30.19496,0,0,88,8,SPB,RU,141,0,KAPITAN SOROKIN,3,345312,31,43,28,5138,39,1,2016-12-14T22:13:04.000Z,st_petersburg,2016-12-14T00:00:00.000Z,50,Tug,St. Petersburg,1
59.88227,30.19496,0,0,88,8,SPB,RU,141,0,KAPITAN SOROKIN,3,345312,31,43,28,5138,39,1,2016-12-14T22:13:05.000Z,st_petersburg,2016-12-14T00:00:00.000Z,50,Tug,St. Petersburg,1
59.88227,30.19495,0,0,88,2,SPB,RU,141,0,KAPITAN SOROKIN,3,345312,31,43,28,5138,39,1,2016-12-14T22:15:03.000Z,st_petersburg,2016-12-14T00:00:00.000Z,50,Tug,St. Petersburg,1
59.88227,30.19495,0,0,88,2,SPB,RU,141,0,KAPITAN SOROKIN,3,345312,31,43,28,5138,39,1,2016-12-14T22:15:04.000Z,st_petersburg,2016-12-14T00:00:00.000Z,50,Tug,St. Petersburg,1
59.88227,30.19495,0,0,88,4,SPB,RU,141,0,KAPITAN SOROKIN,3,345312,31,43,28,5138,39,1,2016-12-14T22:17:03.000Z,st_petersburg,2016-12-14T00:00:00.000Z,50,Tug,St. Petersburg,1
59.88227,30.19495,0,0,88,3,SPB,RU,141,0,KAPITAN SOROKIN,3,345312,31,43,28,5138,39,1,2016-12-14T22:17:04.000Z,st_petersburg,2016-12-14T00:00:00.000Z,50,Tug,St. Petersburg,1
59.88224,30.19495,0,0,88,3,SPB,RU,141,0,KAPITAN SOROKIN,3,345312,31,43,28,5138,39,1,2016-12-14T22:19:04.000Z,st_petersburg,2016-12-14T00:00:00.000Z,50,Tug,St. Petersburg,1
59.88224,30.19495,0,0,88,3,SPB,RU,141,0,KAPITAN SOROKIN,3,345312,31,43,28,5138,39,1,2016-12-14T22:19:05.000Z,st_petersburg,2016-12-14T00:00:00.000Z,50,Tug,St. Petersburg,1
59.88225,30.19494,0,0,88,2,SPB,RU,141,0,KAPITAN SOROKIN,3,345312,31,43,28,5138,39,1,2016-12-14T22:21:04.000Z,st_petersburg,2016-12-14T00:00:00.000Z,50,Tug,St. Petersburg,1
59.88225,30.19494,0,0,88,2,SPB,RU,141,0,KAPITAN SOROKIN,3,345312,31,43,28,5138,39,1,2016-12-14T22:21:05.000Z,st_petersburg,2016-12-14T00:00:00.000Z,50,Tug,St. Petersburg,1
59.88225,30.19494,0,0,88,4,SPB,RU,141,0,KAPITAN SOROKIN,3,345312,31,43,28,5138,39,1,2016-12-14T22:23:04.000Z,st_petersburg,2016-12-14T00:00:00.000Z,50,Tug,St. Petersburg,1
59.88225,30.19494,0,0,88,4,SPB,RU,141,0,KAPITAN SOROKIN,3,345312,31,43,28,5138,39,1,2016-12-14T22:23:05.000Z,st_petersburg,2016-12-14T00:00:00.000Z,50,Tug,St. Petersburg,1
59.88227,30.19495,0,0,88,3,SPB,RU,141,0,KAPITAN SOROKIN,3,345312,31,43,28,5138,39,1,2016-12-14T22:25:04.000Z,st_petersburg,2016-12-14T00:00:00.000Z,50,Tug,St. Petersburg,1
59.88227,30.19495,0,0,88,2,SPB,RU,141,0,KAPITAN SOROKIN,3,345312,31,43,28,5138,39,1,2016-12-14T22:25:05.000Z,st_petersburg,2016-12-14T00:00:00.000Z,50,Tug,St. Petersburg,1
59.88223,30.19493,0,0,88,2,SPB,RU,141,0,KAPITAN SOROKIN,3,345312,31,43,28,5138,39,1,2016-12-14T22:27:03.000Z,st_petersburg,2016-12-14T00:00:00.000Z,50,Tug,St. Petersburg,1
59.88227,30.19495,0,0,88,3,SPB,RU,141,0,KAPITAN SOROKIN,3,345312,31,43,28,5138,39,1,2016-12-14T22:27:04.000Z,st_petersburg,2016-12-14T00:00:00.000Z,50,Tug,St. Petersburg,1
59.88223,30.19493,0,0,88,4,SPB,RU,141,0,KAPITAN SOROKIN,3,345312,31,43,28,5138,39,1,2016-12-14T22:29:03.000Z,st_petersburg,2016-12-14T00:00:00.000Z,50,Tug,St. Petersburg,1
59.88223,30.19493,0,0,88,3,SPB,RU,141,0,KAPITAN SOROKIN,3,345312,31,43,28,5138,39,1,2016-12-14T22:29:04.000Z,st_petersburg,2016-12-14T00:00:00.000Z,50,Tug,St. Petersburg,1
59.88225,30.19493,0,0,88,3,SPB,RU,141,0,KAPITAN SOROKIN,3,345312,31,43,28,5138,39,1,2016-12-14T22:31:03.000Z,st_petersburg,2016-12-14T00:00:00.000Z,50,Tug,St. Petersburg,1
59.88225,30.19493,0,0,88,2,SPB,RU,141,0,KAPITAN SOROKIN,3,345312,31,43,28,5138,39,1,2016-12-14T22:31:04.000Z,st_petersburg,2016-12-14T00:00:00.000Z,50,Tug,St. Petersburg,1
59.88225,30.19491,0,0,88,2,SPB,RU,141,0,KAPITAN SOROKIN,3,345312,31,43,28,5138,39,1,2016-12-14T22:33:04.000Z,st_petersburg,2016-12-14T00:00:00.000Z,50,Tug,St. Petersburg,1
59.88225,30.19491,0,0,88,2,SPB,RU,141,0,KAPITAN SOROKIN,3,345312,31,43,28,5138,39,1,2016-12-14T22:33:05.000Z,st_petersburg,2016-12-14T00:00:00.000Z,50,Tug,St. Petersburg,1
59.88225,30.19491,0,0,88,4,SPB,RU,141,0,KAPITAN SOROKIN,3,345312,31,43,28,5138,39,1,2016-12-14T22:35:03.000Z,st_petersburg,2016-12-14T00:00:00.000Z,50,Tug,St. Petersburg,1
59.88225,30.19491,0,0,88,4,SPB,RU,141,0,KAPITAN SOROKIN,3,345312,31,43,28,5138,39,1,2016-12-14T22:35:04.000Z,st_petersburg,2016-12-14T00:00:00.000Z,50,Tug,St. Petersburg,1
59.88225,30.19491,0,0,88,6,SPB,RU,141,0,KAPITAN SOROKIN,3,345312,31,43,28,5138,39,1,2016-12-14T22:37:04.000Z,st_petersburg,2016-12-14T00:00:00.000Z,50,Tug,St. Petersburg,1
59.88225,30.19491,0,0,88,4,SPB,RU,141,0,KAPITAN SOROKIN,3,345312,31,43,28,5138,39,1,2016-12-14T22:37:05.000Z,st_petersburg,2016-12-14T00:00:00.000Z,50,Tug,St. Petersburg,1
59.88225,30.19491,0,0,88,8,SPB,RU,141,0,KAPITAN SOROKIN,3,345312,31,43,28,5138,39,1,2016-12-14T22:39:04.000Z,st_petersburg,2016-12-14T00:00:00.000Z,50,Tug,St. Petersburg,1
59.88225,30.19491,0,0,88,8,SPB,RU,141,0,KAPITAN SOROKIN,3,345312,31,43,28,5138,39,1,2016-12-14T22:39:05.000Z,st_petersburg,2016-12-14T00:00:00.000Z,50,Tug,St. Petersburg,1
59.88221,30.19495,0,0,88,2,SPB,RU,141,0,KAPITAN SOROKIN,3,345312,31,43,28,5138,39,1,2016-12-14T22:41:04.000Z,st_petersburg,2016-12-14T00:00:00.000Z,50,Tug,St. Petersburg,1
59.88221,30.19495,0,0,88,2,SPB,RU,141,0,KAPITAN SOROKIN,3,345312,31,43,28,5138,39,1,2016-12-14T22:41:05.000Z,st_petersburg,2016-12-14T00:00:00.000Z,50,Tug,St. Petersburg,1
59.88221,30.19495,0,0,88,4,SPB,RU,141,0,KAPITAN SOROKIN,3,345312,31,43,28,5138,39,1,2016-12-14T22:43:03.000Z,st_petersburg,2016-12-14T00:00:00.000Z,50,Tug,St. Petersburg,1
59.88221,30.19495,0,0,88,4,SPB,RU,141,0,KAPITAN SOROKIN,3,345312,31,43,28,5138,39,1,2016-12-14T22:43:04.000Z,st_petersburg,2016-12-14T00:00:00.000Z,50,Tug,St. Petersburg,1
59.88226,30.19498,0,0,88,3,SPB,RU,141,0,KAPITAN SOROKIN,3,345312,31,43,28,5138,39,1,2016-12-14T22:45:04.000Z,st_petersburg,2016-12-14T00:00:00.000Z,50,Tug,St. Petersburg,1
59.88226,30.19498,0,0,88,3,SPB,RU,141,0,KAPITAN SOROKIN,3,345312,31,43,28,5138,39,1,2016-12-14T22:45:06.000Z,st_petersburg,2016-12-14T00:00:00.000Z,50,Tug,St. Petersburg,1
59.88226,30.19498,0,0,88,5,SPB,RU,141,0,KAPITAN SOROKIN,3,345312,31,43,28,5138,39,1,2016-12-14T22:47:04.000Z,st_petersburg,2016-12-14T00:00:00.000Z,50,Tug,St. Petersburg,1
59.88226,30.19498,0,0,88,4,SPB,RU,141,0,KAPITAN SOROKIN,3,345312,31,43,28,5138,39,1,2016-12-14T22:47:04.000Z,st_petersburg,2016-12-14T00:00:00.000Z,50,Tug,St. Petersburg,1
59.88224,30.19497,0,0,88,3,SPB,RU,141,0,KAPITAN SOROKIN,3,345312,31,43,28,5138,39,1,2016-12-14T22:49:04.000Z,st_petersburg,2016-12-14T00:00:00.000Z,50,Tug,St. Petersburg,1
59.88224,30.19497,0,0,88,3,SPB,RU,141,0,KAPITAN SOROKIN,3,345312,31,43,28,5138,39,1,2016-12-14T22:49:04.000Z,st_petersburg,2016-12-14T00:00:00.000Z,50,Tug,St. Petersburg,1
59.88224,30.19497,0,0,88,5,SPB,RU,141,0,KAPITAN SOROKIN,3,345312,31,43,28,5138,39,1,2016-12-14T22:51:04.000Z,st_petersburg,2016-12-14T00:00:00.000Z,50,Tug,St. Petersburg,1
59.88224,30.19497,0,0,88,5,SPB,RU,141,0,KAPITAN SOROKIN,3,345312,31,43,28,5138,39,1,2016-12-14T22:51:05.000Z,st_petersburg,2016-12-14T00:00:00.000Z,50,Tug,St. Petersburg,1
59.88224,30.19497,0,0,88,7,SPB,RU,141,0,KAPITAN SOROKIN,3,345312,31,43,28,5138,39,1,2016-12-14T22:53:04.000Z,st_petersburg,2016-12-14T00:00:00.000Z,50,Tug,St. Petersburg,1
59.88224,30.19497,0,0,88,7,SPB,RU,141,0,KAPITAN SOROKIN,3,345312,31,43,28,5138,39,1,2016-12-14T22:53:05.000Z,st_petersburg,2016-12-14T00:00:00.000Z,50,Tug,St. Petersburg,1
59.88224,30.19497,0,0,88,9,SPB,RU,141,0,KAPITAN SOROKIN,3,345312,31,43,28,5138,39,1,2016-12-14T22:55:03.000Z,st_petersburg,2016-12-14T00:00:00.000Z,50,Tug,St. Petersburg,1
59.88224,30.19497,0,0,88,9,SPB,RU,141,0,KAPITAN SOROKIN,3,345312,31,43,28,5138,39,1,2016-12-14T22:55:04.000Z,st_petersburg,2016-12-14T00:00:00.000Z,50,Tug,St. Petersburg,1
59.88222,30.19496,0,0,88,3,SPB,RU,141,0,KAPITAN SOROKIN,3,345312,31,43,28,5138,39,1,2016-12-14T22:57:03.000Z,st_petersburg,2016-12-14T00:00:00.000Z,50,Tug,St. Petersburg,1
59.88222,30.19496,0,0,88,3,SPB,RU,141,0,KAPITAN SOROKIN,3,345312,31,43,28,5138,39,1,2016-12-14T22:57:04.000Z,st_petersburg,2016-12-14T00:00:00.000Z,50,Tug,St. Petersburg,1
59.88222,30.19496,0,0,88,5,SPB,RU,141,0,KAPITAN SOROKIN,3,345312,31,43,28,5138,39,1,2016-12-14T22:59:04.000Z,st_petersburg,2016-12-14T00:00:00.000Z,50,Tug,St. Petersburg,1
59.88222,30.19496,0,0,88,5,SPB,RU,141,0,KAPITAN SOROKIN,3,345312,31,43,28,5138,39,1,2016-12-14T22:59:05.000Z,st_petersburg,2016-12-14T00:00:00.000Z,50,Tug,St. Petersburg,1
59.88222,30.19496,0,0,88,7,SPB,RU,141,0,KAPITAN SOROKIN,3,345312,31,43,28,5138,39,1,2016-12-14T23:01:03.000Z,st_petersburg,2016-12-14T00:00:00.000Z,50,Tug,St. Petersburg,1
59.88222,30.19496,0,0,88,7,SPB,RU,141,0,KAPITAN SOROKIN,3,345312,31,43,28,5138,39,1,2016-12-14T23:01:04.000Z,st_petersburg,2016-12-14T00:00:00.000Z,50,Tug,St. Petersburg,1
59.88222,30.19496,0,0,88,9,SPB,RU,141,0,KAPITAN SOROKIN,3,345312,31,43,28,5138,39,1,2016-12-14T23:03:03.000Z,st_petersburg,2016-12-14T00:00:00.000Z,50,Tug,St. Petersburg,1
59.88222,30.19496,0,0,88,9,SPB,RU,141,0,KAPITAN SOROKIN,3,345312,31,43,28,5138,39,1,2016-12-14T23:03:04.000Z,st_petersburg,2016-12-14T00:00:00.000Z,50,Tug,St. Petersburg,1
59.88221,30.19495,0,0,88,3,SPB,RU,141,0,KAPITAN SOROKIN,3,345312,31,43,28,5138,39,1,2016-12-14T23:05:03.000Z,st_petersburg,2016-12-14T00:00:00.000Z,50,Tug,St. Petersburg,1
59.88221,30.19495,0,0,88,3,SPB,RU,141,0,KAPITAN SOROKIN,3,345312,31,43,28,5138,39,1,2016-12-14T23:05:04.000Z,st_petersburg,2016-12-14T00:00:00.000Z,50,Tug,St. Petersburg,1
59.88221,30.19495,0,0,88,5,SPB,RU,141,0,KAPITAN SOROKIN,3,345312,31,43,28,5138,39,1,2016-12-14T23:07:03.000Z,st_petersburg,2016-12-14T00:00:00.000Z,50,Tug,St. Petersburg,1
59.88221,30.19495,0,0,88,5,SPB,RU,141,0,KAPITAN SOROKIN,3,345312,31,43,28,5138,39,1,2016-12-14T23:07:04.000Z,st_petersburg,2016-12-14T00:00:00.000Z,50,Tug,St. Petersburg,1
59.88221,30.19495,0,0,88,7,SPB,RU,141,0,KAPITAN SOROKIN,3,345312,31,43,28,5138,39,1,2016-12-14T23:09:04.000Z,st_petersburg,2016-12-14T00:00:00.000Z,50,Tug,St. Petersburg,1
59.88221,30.19495,0,0,88,7,SPB,RU,141,0,KAPITAN SOROKIN,3,345312,31,43,28,5138,39,1,2016-12-14T23:09:05.000Z,st_petersburg,2016-12-14T00:00:00.000Z,50,Tug,St. Petersburg,1
59.88221,30.19495,0,0,88,8,SPB,RU,141,0,KAPITAN SOROKIN,3,345312,31,43,28,5138,39,1,2016-12-14T23:11:03.000Z,st_petersburg,2016-12-14T00:00:00.000Z,50,Tug,St. Petersburg,1
59.88221,30.19495,0,0,88,9,SPB,RU,141,0,KAPITAN SOROKIN,3,345312,31,43,28,5138,39,1,2016-12-14T23:11:04.000Z,st_petersburg,2016-12-14T00:00:00.000Z,50,Tug,St. Petersburg,1
59.88225,30.19493,0,0,88,3,SPB,RU,141,0,KAPITAN SOROKIN,3,345312,31,43,28,5138,39,1,2016-12-14T23:13:03.000Z,st_petersburg,2016-12-14T00:00:00.000Z,50,Tug,St. Petersburg,1
59.88225,30.19493,0,0,88,3,SPB,RU,141,0,KAPITAN SOROKIN,3,345312,31,43,28,5138,39,1,2016-12-14T23:13:04.000Z,st_petersburg,2016-12-14T00:00:00.000Z,50,Tug,St. Petersburg,1
59.88225,30.19493,0,0,88,5,SPB,RU,141,0,KAPITAN SOROKIN,3,345312,31,43,28,5138,39,1,2016-12-14T23:15:04.000Z,st_petersburg,2016-12-14T00:00:00.000Z,50,Tug,St. Petersburg,1
59.88225,30.19493,0,0,88,5,SPB,RU,141,0,KAPITAN SOROKIN,3,345312,31,43,28,5138,39,1,2016-12-14T23:15:04.000Z,st_petersburg,2016-12-14T00:00:00.000Z,50,Tug,St. Petersburg,1
59.88225,30.19493,0,0,88,7,SPB,RU,141,0,KAPITAN SOROKIN,3,345312,31,43,28,5138,39,1,2016-12-14T23:17:03.000Z,st_petersburg,2016-12-14T00:00:00.000Z,50,Tug,St. Petersburg,1
59.88225,30.19493,0,0,88,5,SPB,RU,141,0,KAPITAN SOROKIN,3,345312,31,43,28,5138,39,1,2016-12-14T23:17:04.000Z,st_petersburg,2016-12-14T00:00:00.000Z,50,Tug,St. Petersburg,1
59.88225,30.19493,0,0,88,9,SPB,RU,141,0,KAPITAN SOROKIN,3,345312,31,43,28,5138,39,1,2016-12-14T23:19:03.000Z,st_petersburg,2016-12-14T00:00:00.000Z,50,Tug,St. Petersburg,1
59.88225,30.19493,0,0,88,9,SPB,RU,141,0,KAPITAN SOROKIN,3,345312,31,43,28,5138,39,1,2016-12-14T23:19:04.000Z,st_petersburg,2016-12-14T00:00:00.000Z,50,Tug,St. Petersburg,1
59.88225,30.19492,0,0,88,3,SPB,RU,141,0,KAPITAN SOROKIN,3,345312,31,43,28,5138,39,1,2016-12-14T23:21:03.000Z,st_petersburg,2016-12-14T00:00:00.000Z,50,Tug,St. Petersburg,1
59.88225,30.19492,0,0,88,3,SPB,RU,141,0,KAPITAN SOROKIN,3,345312,31,43,28,5138,39,1,2016-12-14T23:21:04.000Z,st_petersburg,2016-12-14T00:00:00.000Z,50,Tug,St. Petersburg,1
59.88228,30.19495,0,0,88,2,SPB,RU,141,0,KAPITAN SOROKIN,3,345312,31,43,28,5138,39,1,2016-12-14T23:23:03.000Z,st_petersburg,2016-12-14T00:00:00.000Z,50,Tug,St. Petersburg,1
59.88228,30.19495,0,0,88,2,SPB,RU,141,0,KAPITAN SOROKIN,3,345312,31,43,28,5138,39,1,2016-12-14T23:23:04.000Z,st_petersburg,2016-12-14T00:00:00.000Z,50,Tug,St. Petersburg,1
59.88228,30.19495,0,0,88,4,SPB,RU,141,0,KAPITAN SOROKIN,3,345312,31,43,28,5138,39,1,2016-12-14T23:25:03.000Z,st_petersburg,2016-12-14T00:00:00.000Z,50,Tug,St. Petersburg,1
59.88228,30.19495,0,0,88,4,SPB,RU,141,0,KAPITAN SOROKIN,3,345312,31,43,28,5138,39,1,2016-12-14T23:25:05.000Z,st_petersburg,2016-12-14T00:00:00.000Z,50,Tug,St. Petersburg,1
59.88227,30.19495,0,0,88,3,SPB,RU,141,0,KAPITAN SOROKIN,3,345312,31,43,28,5138,39,1,2016-12-14T23:27:03.000Z,st_petersburg,2016-12-14T00:00:00.000Z,50,Tug,St. Petersburg,1
59.88227,30.19495,0,0,88,3,SPB,RU,141,0,KAPITAN SOROKIN,3,345312,31,43,28,5138,39,1,2016-12-14T23:27:04.000Z,st_petersburg,2016-12-14T00:00:00.000Z,50,Tug,St. Petersburg,1
59.88223,30.19496,0,0,88,2,SPB,RU,141,0,KAPITAN SOROKIN,3,345312,31,43,28,5138,39,1,2016-12-14T23:29:03.000Z,st_petersburg,2016-12-14T00:00:00.000Z,50,Tug,St. Petersburg,1
59.88223,30.19496,0,0,88,2,SPB,RU,141,0,KAPITAN SOROKIN,3,345312,31,43,28,5138,39,1,2016-12-14T23:29:04.000Z,st_petersburg,2016-12-14T00:00:00.000Z,50,Tug,St. Petersburg,1
59.88223,30.19496,0,0,88,4,SPB,RU,141,0,KAPITAN SOROKIN,3,345312,31,43,28,5138,39,1,2016-12-14T23:31:03.000Z,st_petersburg,2016-12-14T00:00:00.000Z,50,Tug,St. Petersburg,1
59.88223,30.19496,0,0,88,4,SPB,RU,141,0,KAPITAN SOROKIN,3,345312,31,43,28,5138,39,1,2016-12-14T23:31:04.000Z,st_petersburg,2016-12-14T00:00:00.000Z,50,Tug,St. Petersburg,1
59.88228,30.19495,0,0,88,3,SPB,RU,141,0,KAPITAN SOROKIN,3,345312,31,43,28,5138,39,1,2016-12-14T23:33:04.000Z,st_petersburg,2016-12-14T00:00:00.000Z,50,Tug,St. Petersburg,1
59.88228,30.19495,0,0,88,3,SPB,RU,141,0,KAPITAN SOROKIN,3,345312,31,43,28,5138,39,1,2016-12-14T23:33:05.000Z,st_petersburg,2016-12-14T00:00:00.000Z,50,Tug,St. Petersburg,1
59.88228,30.19495,0,0,88,3,SPB,RU,141,0,KAPITAN SOROKIN,3,345312,31,43,28,5138,39,1,2016-12-14T23:35:03.000Z,st_petersburg,2016-12-14T00:00:00.000Z,50,Tug,St. Petersburg,1
59.88233,30.19493,0,0,88,2,SPB,RU,141,0,KAPITAN SOROKIN,3,345312,31,43,28,5138,39,1,2016-12-14T23:35:04.000Z,st_petersburg,2016-12-14T00:00:00.000Z,50,Tug,St. Petersburg,1
59.88233,30.19493,0,0,88,4,SPB,RU,141,0,KAPITAN SOROKIN,3,345312,31,43,28,5138,39,1,2016-12-14T23:37:04.000Z,st_petersburg,2016-12-14T00:00:00.000Z,50,Tug,St. Petersburg,1
59.88233,30.19493,0,0,88,4,SPB,RU,141,0,KAPITAN SOROKIN,3,345312,31,43,28,5138,39,1,2016-12-14T23:37:05.000Z,st_petersburg,2016-12-14T00:00:00.000Z,50,Tug,St. Petersburg,1
59.88233,30.19493,0,0,88,4,SPB,RU,141,0,KAPITAN SOROKIN,3,345312,31,43,28,5138,39,1,2016-12-14T23:39:03.000Z,st_petersburg,2016-12-14T00:00:00.000Z,50,Tug,St. Petersburg,1
59.88233,30.19493,0,0,88,6,SPB,RU,141,0,KAPITAN SOROKIN,3,345312,31,43,28,5138,39,1,2016-12-14T23:39:04.000Z,st_petersburg,2016-12-14T00:00:00.000Z,50,Tug,St. Petersburg,1
59.88225,30.19494,1,0,88,2,SPB,RU,141,0,KAPITAN SOROKIN,3,345312,31,43,28,5138,39,1,2016-12-14T23:41:03.000Z,st_petersburg,2016-12-14T00:00:00.000Z,50,Tug,St. Petersburg,1
59.88225,30.19494,1,0,88,2,SPB,RU,141,0,KAPITAN SOROKIN,3,345312,31,43,28,5138,39,1,2016-12-14T23:41:04.000Z,st_petersburg,2016-12-14T00:00:00.000Z,50,Tug,St. Petersburg,1
59.88225,30.19494,1,0,88,4,SPB,RU,141,0,KAPITAN SOROKIN,3,345312,31,43,28,5138,39,1,2016-12-14T23:43:03.000Z,st_petersburg,2016-12-14T00:00:00.000Z,50,Tug,St. Petersburg,1
59.88225,30.19494,1,0,88,4,SPB,RU,141,0,KAPITAN SOROKIN,3,345312,31,43,28,5138,39,1,2016-12-14T23:43:04.000Z,st_petersburg,2016-12-14T00:00:00.000Z,50,Tug,St. Petersburg,1
59.88225,30.19495,0,0,88,3,SPB,RU,141,0,KAPITAN SOROKIN,3,345312,31,43,28,5138,39,1,2016-12-14T23:45:03.000Z,st_petersburg,2016-12-14T00:00:00.000Z,50,Tug,St. Petersburg,1
59.88225,30.19495,0,0,88,2,SPB,RU,141,0,KAPITAN SOROKIN,3,345312,31,43,28,5138,39,1,2016-12-14T23:45:04.000Z,st_petersburg,2016-12-14T00:00:00.000Z,50,Tug,St. Petersburg,1
59.88225,30.19495,0,0,88,5,SPB,RU,141,0,KAPITAN SOROKIN,3,345312,31,43,28,5138,39,1,2016-12-14T23:47:03.000Z,st_petersburg,2016-12-14T00:00:00.000Z,50,Tug,St. Petersburg,1
59.88225,30.19495,0,0,88,5,SPB,RU,141,0,KAPITAN SOROKIN,3,345312,31,43,28,5138,39,1,2016-12-14T23:47:04.000Z,st_petersburg,2016-12-14T00:00:00.000Z,50,Tug,St. Petersburg,1
59.88225,30.19495,0,0,88,7,SPB,RU,141,0,KAPITAN SOROKIN,3,345312,31,43,28,5138,39,1,2016-12-14T23:49:04.000Z,st_petersburg,2016-12-14T00:00:00.000Z,50,Tug,St. Petersburg,1
59.88225,30.19495,0,0,88,7,SPB,RU,141,0,KAPITAN SOROKIN,3,345312,31,43,28,5138,39,1,2016-12-14T23:49:05.000Z,st_petersburg,2016-12-14T00:00:00.000Z,50,Tug,St. Petersburg,1
59.88225,30.19495,0,0,88,9,SPB,RU,141,0,KAPITAN SOROKIN,3,345312,31,43,28,5138,39,1,2016-12-14T23:51:03.000Z,st_petersburg,2016-12-14T00:00:00.000Z,50,Tug,St. Petersburg,1
59.88225,30.19495,0,0,88,9,SPB,RU,141,0,KAPITAN SOROKIN,3,345312,31,43,28,5138,39,1,2016-12-14T23:51:04.000Z,st_petersburg,2016-12-14T00:00:00.000Z,50,Tug,St. Petersburg,1
59.88228,30.19495,0,0,88,3,SPB,RU,141,0,KAPITAN SOROKIN,3,345312,31,43,28,5138,39,1,2016-12-14T23:53:03.000Z,st_petersburg,2016-12-14T00:00:00.000Z,50,Tug,St. Petersburg,1
59.88228,30.19495,0,0,88,3,SPB,RU,141,0,KAPITAN SOROKIN,3,345312,31,43,28,5138,39,1,2016-12-14T23:53:04.000Z,st_petersburg,2016-12-14T00:00:00.000Z,50,Tug,St. Petersburg,1
59.88225,30.19492,0,0,88,2,SPB,RU,141,0,KAPITAN SOROKIN,3,345312,31,43,28,5138,39,1,2016-12-14T23:55:03.000Z,st_petersburg,2016-12-14T00:00:00.000Z,50,Tug,St. Petersburg,1
59.88225,30.19492,0,0,88,2,SPB,RU,141,0,KAPITAN SOROKIN,3,345312,31,43,28,5138,39,1,2016-12-14T23:55:04.000Z,st_petersburg,2016-12-14T00:00:00.000Z,50,Tug,St. Petersburg,1
59.88225,30.19492,0,0,88,4,SPB,RU,141,0,KAPITAN SOROKIN,3,345312,31,43,28,5138,39,1,2016-12-14T23:57:04.000Z,st_petersburg,2016-12-14T00:00:00.000Z,50,Tug,St. Petersburg,1
59.88225,30.19492,0,0,88,4,SPB,RU,141,0,KAPITAN SOROKIN,3,345312,31,43,28,5138,39,1,2016-12-14T23:57:05.000Z,st_petersburg,2016-12-14T00:00:00.000Z,50,Tug,St. Petersburg,1
59.88224,30.19493,0,0,88,3,SPB,RU,141,0,KAPITAN SOROKIN,3,345312,31,43,28,5138,39,1,2016-12-14T23:59:03.000Z,st_petersburg,2016-12-14T00:00:00.000Z,50,Tug,St. Petersburg,1
59.88224,30.19493,0,0,88,2,SPB,RU,141,0,KAPITAN SOROKIN,3,345312,31,43,28,5138,39,1,2016-12-14T23:59:04.000Z,st_petersburg,2016-12-14T00:00:00.000Z,50,Tug,St. Petersburg,1
59.88229,30.19496,0,0,88,2,SPB,RU,141,0,KAPITAN SOROKIN,3,345312,31,43,28,5138,39,1,2016-12-15T00:01:03.000Z,st_petersburg,2016-12-15T00:00:00.000Z,50,Tug,St. Petersburg,1
59.88229,30.19496,0,0,88,2,SPB,RU,141,0,KAPITAN SOROKIN,3,345312,31,43,28,5138,39,1,2016-12-15T00:01:05.000Z,st_petersburg,2016-12-15T00:00:00.000Z,50,Tug,St. Petersburg,1
59.88229,30.19496,0,0,88,4,SPB,RU,141,0,KAPITAN SOROKIN,3,345312,31,43,28,5138,39,1,2016-12-15T00:03:04.000Z,st_petersburg,2016-12-15T00:00:00.000Z,50,Tug,St. Petersburg,1
59.88229,30.19496,0,0,88,4,SPB,RU,141,0,KAPITAN SOROKIN,3,345312,31,43,28,5138,39,1,2016-12-15T00:03:05.000Z,st_petersburg,2016-12-15T00:00:00.000Z,50,Tug,St. Petersburg,1
59.88229,30.19496,0,0,88,4,SPB,RU,141,0,KAPITAN SOROKIN,3,345312,31,43,28,5138,39,1,2016-12-15T00:05:03.000Z,st_petersburg,2016-12-15T00:00:00.000Z,50,Tug,St. Petersburg,1
59.88228,30.19494,0,0,88,2,SPB,RU,141,0,KAPITAN SOROKIN,3,345312,31,43,28,5138,39,1,2016-12-15T00:05:04.000Z,st_petersburg,2016-12-15T00:00:00.000Z,50,Tug,St. Petersburg,1
59.88228,30.19498,0,0,88,2,SPB,RU,141,0,KAPITAN SOROKIN,3,345312,31,43,28,5138,39,1,2016-12-15T00:07:03.000Z,st_petersburg,2016-12-15T00:00:00.000Z,50,Tug,St. Petersburg,1
59.88228,30.19498,0,0,88,2,SPB,RU,141,0,KAPITAN SOROKIN,3,345312,31,43,28,5138,39,1,2016-12-15T00:07:04.000Z,st_petersburg,2016-12-15T00:00:00.000Z,50,Tug,St. Petersburg,1
59.88228,30.19498,0,0,88,4,SPB,RU,141,0,KAPITAN SOROKIN,3,345312,31,43,28,5138,39,1,2016-12-15T00:09:04.000Z,st_petersburg,2016-12-15T00:00:00.000Z,50,Tug,St. Petersburg,1
59.88228,30.19498,0,0,88,4,SPB,RU,141,0,KAPITAN SOROKIN,3,345312,31,43,28,5138,39,1,2016-12-15T00:09:05.000Z,st_petersburg,2016-12-15T00:00:00.000Z,50,Tug,St. Petersburg,1
59.88227,30.19496,0,0,88,3,SPB,RU,141,0,KAPITAN SOROKIN,3,345312,31,43,28,5138,39,1,2016-12-15T00:11:03.000Z,st_petersburg,2016-12-15T00:00:00.000Z,50,Tug,St. Petersburg,1
59.88227,30.19496,0,0,88,3,SPB,RU,141,0,KAPITAN SOROKIN,3,345312,31,43,28,5138,39,1,2016-12-15T00:11:04.000Z,st_petersburg,2016-12-15T00:00:00.000Z,50,Tug,St. Petersburg,1
59.88227,30.19496,0,0,88,5,SPB,RU,141,0,KAPITAN SOROKIN,3,345312,31,43,28,5138,39,1,2016-12-15T00:13:04.000Z,st_petersburg,2016-12-15T00:00:00.000Z,50,Tug,St. Petersburg,1
59.88227,30.19496,0,0,88,5,SPB,RU,141,0,KAPITAN SOROKIN,3,345312,31,43,28,5138,39,1,2016-12-15T00:13:05.000Z,st_petersburg,2016-12-15T00:00:00.000Z,50,Tug,St. Petersburg,1
59.88224,30.19497,0,0,88,3,SPB,RU,141,0,KAPITAN SOROKIN,3,345312,31,43,28,5138,39,1,2016-12-15T00:15:04.000Z,st_petersburg,2016-12-15T00:00:00.000Z,50,Tug,St. Petersburg,1
59.88224,30.19497,0,0,88,3,SPB,RU,141,0,KAPITAN SOROKIN,3,345312,31,43,28,5138,39,1,2016-12-15T00:15:05.000Z,st_petersburg,2016-12-15T00:00:00.000Z,50,Tug,St. Petersburg,1
59.88227,30.19496,0,0,88,2,SPB,RU,141,0,KAPITAN SOROKIN,3,345312,31,43,28,5138,39,1,2016-12-15T00:17:03.000Z,st_petersburg,2016-12-15T00:00:00.000Z,50,Tug,St. Petersburg,1
59.88227,30.19496,0,0,88,1,SPB,RU,141,0,KAPITAN SOROKIN,3,345312,31,43,28,5138,39,1,2016-12-15T00:17:04.000Z,st_petersburg,2016-12-15T00:00:00.000Z,50,Tug,St. Petersburg,1
59.88227,30.19496,0,0,88,4,SPB,RU,141,0,KAPITAN SOROKIN,3,345312,31,43,28,5138,39,1,2016-12-15T00:19:03.000Z,st_petersburg,2016-12-15T00:00:00.000Z,50,Tug,St. Petersburg,1
59.88227,30.19496,0,0,88,4,SPB,RU,141,0,KAPITAN SOROKIN,3,345312,31,43,28,5138,39,1,2016-12-15T00:19:04.000Z,st_petersburg,2016-12-15T00:00:00.000Z,50,Tug,St. Petersburg,1
59.88223,30.195,0,0,88,3,SPB,RU,141,0,KAPITAN SOROKIN,3,345312,31,43,28,5138,39,1,2016-12-15T00:21:03.000Z,st_petersburg,2016-12-15T00:00:00.000Z,50,Tug,St. Petersburg,1
59.88223,30.195,0,0,88,3,SPB,RU,141,0,KAPITAN SOROKIN,3,345312,31,43,28,5138,39,1,2016-12-15T00:21:05.000Z,st_petersburg,2016-12-15T00:00:00.000Z,50,Tug,St. Petersburg,1
59.88227,30.19498,0,0,88,2,SPB,RU,141,0,KAPITAN SOROKIN,3,345312,31,43,28,5138,39,1,2016-12-15T00:23:03.000Z,st_petersburg,2016-12-15T00:00:00.000Z,50,Tug,St. Petersburg,1
59.88223,30.195,0,0,88,3,SPB,RU,141,0,KAPITAN SOROKIN,3,345312,31,43,28,5138,39,1,2016-12-15T00:23:04.000Z,st_petersburg,2016-12-15T00:00:00.000Z,50,Tug,St. Petersburg,1
59.88227,30.19498,0,0,88,4,SPB,RU,141,0,KAPITAN SOROKIN,3,345312,31,43,28,5138,39,1,2016-12-15T00:25:03.000Z,st_petersburg,2016-12-15T00:00:00.000Z,50,Tug,St. Petersburg,1
59.88227,30.19498,0,0,88,4,SPB,RU,141,0,KAPITAN SOROKIN,3,345312,31,43,28,5138,39,1,2016-12-15T00:25:04.000Z,st_petersburg,2016-12-15T00:00:00.000Z,50,Tug,St. Petersburg,1
59.88225,30.19495,0,0,88,3,SPB,RU,141,0,KAPITAN SOROKIN,3,345312,31,43,28,5138,39,1,2016-12-15T00:27:03.000Z,st_petersburg,2016-12-15T00:00:00.000Z,50,Tug,St. Petersburg,1
59.88225,30.19495,0,0,88,3,SPB,RU,141,0,KAPITAN SOROKIN,3,345312,31,43,28,5138,39,1,2016-12-15T00:27:04.000Z,st_petersburg,2016-12-15T00:00:00.000Z,50,Tug,St. Petersburg,1
59.88225,30.19494,0,0,88,2,SPB,RU,141,0,KAPITAN SOROKIN,3,345312,31,43,28,5138,39,1,2016-12-15T00:29:03.000Z,st_petersburg,2016-12-15T00:00:00.000Z,50,Tug,St. Petersburg,1
59.88225,30.19494,0,0,88,2,SPB,RU,141,0,KAPITAN SOROKIN,3,345312,31,43,28,5138,39,1,2016-12-15T00:29:04.000Z,st_petersburg,2016-12-15T00:00:00.000Z,50,Tug,St. Petersburg,1
59.88225,30.19494,0,0,88,3,SPB,RU,141,0,KAPITAN SOROKIN,3,345312,31,43,28,5138,39,1,2016-12-15T00:31:03.000Z,st_petersburg,2016-12-15T00:00:00.000Z,50,Tug,St. Petersburg,1
59.88225,30.19494,0,0,88,4,SPB,RU,141,0,KAPITAN SOROKIN,3,345312,31,43,28,5138,39,1,2016-12-15T00:31:04.000Z,st_petersburg,2016-12-15T00:00:00.000Z,50,Tug,St. Petersburg,1
59.88225,30.19498,0,0,88,2,SPB,RU,141,0,KAPITAN SOROKIN,3,345312,31,43,28,5138,39,1,2016-12-15T00:33:04.000Z,st_petersburg,2016-12-15T00:00:00.000Z,50,Tug,St. Petersburg,1
59.88225,30.19498,0,0,88,2,SPB,RU,141,0,KAPITAN SOROKIN,3,345312,31,43,28,5138,39,1,2016-12-15T00:33:05.000Z,st_petersburg,2016-12-15T00:00:00.000Z,50,Tug,St. Petersburg,1
59.88225,30.19498,0,0,88,4,SPB,RU,141,0,KAPITAN SOROKIN,3,345312,31,43,28,5138,39,1,2016-12-15T00:35:04.000Z,st_petersburg,2016-12-15T00:00:00.000Z,50,Tug,St. Petersburg,1
59.88225,30.19498,0,0,88,3,SPB,RU,141,0,KAPITAN SOROKIN,3,345312,31,43,28,5138,39,1,2016-12-15T00:35:05.000Z,st_petersburg,2016-12-15T00:00:00.000Z,50,Tug,St. Petersburg,1
59.88226,30.19498,0,0,88,3,SPB,RU,141,0,KAPITAN SOROKIN,3,345312,31,43,28,5138,39,1,2016-12-15T00:37:03.000Z,st_petersburg,2016-12-15T00:00:00.000Z,50,Tug,St. Petersburg,1
59.88226,30.19498,0,0,88,3,SPB,RU,141,0,KAPITAN SOROKIN,3,345312,31,43,28,5138,39,1,2016-12-15T00:37:04.000Z,st_petersburg,2016-12-15T00:00:00.000Z,50,Tug,St. Petersburg,1
59.88226,30.19498,0,0,88,5,SPB,RU,141,0,KAPITAN SOROKIN,3,345312,31,43,28,5138,39,1,2016-12-15T00:39:04.000Z,st_petersburg,2016-12-15T00:00:00.000Z,50,Tug,St. Petersburg,1
59.88226,30.19498,0,0,88,5,SPB,RU,141,0,KAPITAN SOROKIN,3,345312,31,43,28,5138,39,1,2016-12-15T00:39:05.000Z,st_petersburg,2016-12-15T00:00:00.000Z,50,Tug,St. Petersburg,1
59.88226,30.19498,0,0,88,7,SPB,RU,141,0,KAPITAN SOROKIN,3,345312,31,43,28,5138,39,1,2016-12-15T00:41:04.000Z,st_petersburg,2016-12-15T00:00:00.000Z,50,Tug,St. Petersburg,1
59.88226,30.19498,0,0,88,7,SPB,RU,141,0,KAPITAN SOROKIN,3,345312,31,43,28,5138,39,1,2016-12-15T00:41:05.000Z,st_petersburg,2016-12-15T00:00:00.000Z,50,Tug,St. Petersburg,1
59.88225,30.19494,0,0,88,3,SPB,RU,141,0,KAPITAN SOROKIN,3,345312,31,43,28,5138,39,1,2016-12-15T00:43:04.000Z,st_petersburg,2016-12-15T00:00:00.000Z,50,Tug,St. Petersburg,1
59.88225,30.19494,0,0,88,3,SPB,RU,141,0,KAPITAN SOROKIN,3,345312,31,43,28,5138,39,1,2016-12-15T00:43:05.000Z,st_petersburg,2016-12-15T00:00:00.000Z,50,Tug,St. Petersburg,1
59.88224,30.19493,0,0,88,2,SPB,RU,141,0,KAPITAN SOROKIN,3,345312,31,43,28,5138,39,1,2016-12-15T00:45:03.000Z,st_petersburg,2016-12-15T00:00:00.000Z,50,Tug,St. Petersburg,1
59.88224,30.19493,0,0,88,1,SPB,RU,141,0,KAPITAN SOROKIN,3,345312,31,43,28,5138,39,1,2016-12-15T00:45:04.000Z,st_petersburg,2016-12-15T00:00:00.000Z,50,Tug,St. Petersburg,1
59.88224,30.19493,0,0,88,4,SPB,RU,141,0,KAPITAN SOROKIN,3,345312,31,43,28,5138,39,1,2016-12-15T00:47:04.000Z,st_petersburg,2016-12-15T00:00:00.000Z,50,Tug,St. Petersburg,1
59.88224,30.19493,0,0,88,4,SPB,RU,141,0,KAPITAN SOROKIN,3,345312,31,43,28,5138,39,1,2016-12-15T00:47:05.000Z,st_petersburg,2016-12-15T00:00:00.000Z,50,Tug,St. Petersburg,1
59.88228,30.19493,0,0,88,3,SPB,RU,141,0,KAPITAN SOROKIN,3,345312,31,43,28,5138,39,1,2016-12-15T00:49:03.000Z,st_petersburg,2016-12-15T00:00:00.000Z,50,Tug,St. Petersburg,1
59.88228,30.19493,0,0,88,3,SPB,RU,141,0,KAPITAN SOROKIN,3,345312,31,43,28,5138,39,1,2016-12-15T00:49:04.000Z,st_petersburg,2016-12-15T00:00:00.000Z,50,Tug,St. Petersburg,1
59.88227,30.19493,0,0,88,2,SPB,RU,141,0,KAPITAN SOROKIN,3,345312,31,43,28,5138,39,1,2016-12-15T00:51:04.000Z,st_petersburg,2016-12-15T00:00:00.000Z,50,Tug,St. Petersburg,1
59.88227,30.19493,0,0,88,1,SPB,RU,141,0,KAPITAN SOROKIN,3,345312,31,43,28,5138,39,1,2016-12-15T00:51:04.000Z,st_petersburg,2016-12-15T00:00:00.000Z,50,Tug,St. Petersburg,1
59.88227,30.19493,0,0,88,4,SPB,RU,141,0,KAPITAN SOROKIN,3,345312,31,43,28,5138,39,1,2016-12-15T00:53:03.000Z,st_petersburg,2016-12-15T00:00:00.000Z,50,Tug,St. Petersburg,1
59.88227,30.19493,0,0,88,4,SPB,RU,141,0,KAPITAN SOROKIN,3,345312,31,43,28,5138,39,1,2016-12-15T00:53:04.000Z,st_petersburg,2016-12-15T00:00:00.000Z,50,Tug,St. Petersburg,1
59.88224,30.19495,0,0,88,3,SPB,RU,141,0,KAPITAN SOROKIN,3,345312,31,43,28,5138,39,1,2016-12-15T00:55:03.000Z,st_petersburg,2016-12-15T00:00:00.000Z,50,Tug,St. Petersburg,1
59.88224,30.19495,0,0,88,3,SPB,RU,141,0,KAPITAN SOROKIN,3,345312,31,43,28,5138,39,1,2016-12-15T00:55:04.000Z,st_petersburg,2016-12-15T00:00:00.000Z,50,Tug,St. Petersburg,1
59.88223,30.19496,0,0,88,2,SPB,RU,141,0,KAPITAN SOROKIN,3,345312,31,43,28,5138,39,1,2016-12-15T00:57:04.000Z,st_petersburg,2016-12-15T00:00:00.000Z,50,Tug,St. Petersburg,1
59.88223,30.19496,0,0,88,2,SPB,RU,141,0,KAPITAN SOROKIN,3,345312,31,43,28,5138,39,1,2016-12-15T00:57:05.000Z,st_petersburg,2016-12-15T00:00:00.000Z,50,Tug,St. Petersburg,1
59.88223,30.19496,0,0,88,4,SPB,RU,141,0,KAPITAN SOROKIN,3,345312,31,43,28,5138,39,1,2016-12-15T00:59:04.000Z,st_petersburg,2016-12-15T00:00:00.000Z,50,Tug,St. Petersburg,1
59.88223,30.19496,0,0,88,4,SPB,RU,141,0,KAPITAN SOROKIN,3,345312,31,43,28,5138,39,1,2016-12-15T00:59:04.000Z,st_petersburg,2016-12-15T00:00:00.000Z,50,Tug,St. Petersburg,1
59.88223,30.19496,0,0,88,6,SPB,RU,141,0,KAPITAN SOROKIN,3,345312,31,43,28,5138,39,1,2016-12-15T01:01:04.000Z,st_petersburg,2016-12-15T00:00:00.000Z,50,Tug,St. Petersburg,1
59.88223,30.19496,0,0,88,6,SPB,RU,141,0,KAPITAN SOROKIN,3,345312,31,43,28,5138,39,1,2016-12-15T01:01:05.000Z,st_petersburg,2016-12-15T00:00:00.000Z,50,Tug,St. Petersburg,1
59.88223,30.19496,0,0,88,8,SPB,RU,141,0,KAPITAN SOROKIN,3,345312,31,43,28,5138,39,1,2016-12-15T01:03:04.000Z,st_petersburg,2016-12-15T00:00:00.000Z,50,Tug,St. Petersburg,1
59.88223,30.19496,0,0,88,8,SPB,RU,141,0,KAPITAN SOROKIN,3,345312,31,43,28,5138,39,1,2016-12-15T01:03:05.000Z,st_petersburg,2016-12-15T00:00:00.000Z,50,Tug,St. Petersburg,1
59.88224,30.19495,0,0,88,2,SPB,RU,141,0,KAPITAN SOROKIN,3,345312,31,43,28,5138,39,1,2016-12-15T01:05:04.000Z,st_petersburg,2016-12-15T00:00:00.000Z,50,Tug,St. Petersburg,1
59.88224,30.19495,0,0,88,1,SPB,RU,141,0,KAPITAN SOROKIN,3,345312,31,43,28,5138,39,1,2016-12-15T01:05:05.000Z,st_petersburg,2016-12-15T00:00:00.000Z,50,Tug,St. Petersburg,1
59.88224,30.19495,0,0,88,4,SPB,RU,141,0,KAPITAN SOROKIN,3,345312,31,43,28,5138,39,1,2016-12-15T01:07:04.000Z,st_petersburg,2016-12-15T00:00:00.000Z,50,Tug,St. Petersburg,1
59.88224,30.19495,0,0,88,4,SPB,RU,141,0,KAPITAN SOROKIN,3,345312,31,43,28,5138,39,1,2016-12-15T01:07:05.000Z,st_petersburg,2016-12-15T00:00:00.000Z,50,Tug,St. Petersburg,1
59.88223,30.19493,0,0,88,3,SPB,RU,141,0,KAPITAN SOROKIN,3,345312,31,43,28,5138,39,1,2016-12-15T01:09:03.000Z,st_petersburg,2016-12-15T00:00:00.000Z,50,Tug,St. Petersburg,1
59.88223,30.19493,0,0,88,3,SPB,RU,141,0,KAPITAN SOROKIN,3,345312,31,43,28,5138,39,1,2016-12-15T01:09:04.000Z,st_petersburg,2016-12-15T00:00:00.000Z,50,Tug,St. Petersburg,1
59.88224,30.19493,0,0,88,2,SPB,RU,141,0,KAPITAN SOROKIN,3,345312,31,43,28,5138,39,1,2016-12-15T01:11:04.000Z,st_petersburg,2016-12-15T00:00:00.000Z,50,Tug,St. Petersburg,1
59.88224,30.19493,0,0,88,2,SPB,RU,141,0,KAPITAN SOROKIN,3,345312,31,43,28,5138,39,1,2016-12-15T01:11:04.000Z,st_petersburg,2016-12-15T00:00:00.000Z,50,Tug,St. Petersburg,1
59.88224,30.19493,0,0,88,4,SPB,RU,141,0,KAPITAN SOROKIN,3,345312,31,43,28,5138,39,1,2016-12-15T01:13:03.000Z,st_petersburg,2016-12-15T00:00:00.000Z,50,Tug,St. Petersburg,1
59.88224,30.19493,0,0,88,4,SPB,RU,141,0,KAPITAN SOROKIN,3,345312,31,43,28,5138,39,1,2016-12-15T01:13:04.000Z,st_petersburg,2016-12-15T00:00:00.000Z,50,Tug,St. Petersburg,1
59.88226,30.19495,0,0,88,3,SPB,RU,141,0,KAPITAN SOROKIN,3,345312,31,43,28,5138,39,1,2016-12-15T01:15:04.000Z,st_petersburg,2016-12-15T00:00:00.000Z,50,Tug,St. Petersburg,1
59.88226,30.19495,0,0,88,3,SPB,RU,141,0,KAPITAN SOROKIN,3,345312,31,43,28,5138,39,1,2016-12-15T01:15:05.000Z,st_petersburg,2016-12-15T00:00:00.000Z,50,Tug,St. Petersburg,1
59.88225,30.19494,0,0,88,2,SPB,RU,141,0,KAPITAN SOROKIN,3,345312,31,43,28,5138,39,1,2016-12-15T01:17:04.000Z,st_petersburg,2016-12-15T00:00:00.000Z,50,Tug,St. Petersburg,1
59.88225,30.19494,0,0,88,2,SPB,RU,141,0,KAPITAN SOROKIN,3,345312,31,43,28,5138,39,1,2016-12-15T01:17:05.000Z,st_petersburg,2016-12-15T00:00:00.000Z,50,Tug,St. Petersburg,1
59.88225,30.19494,0,0,88,4,SPB,RU,141,0,KAPITAN SOROKIN,3,345312,31,43,28,5138,39,1,2016-12-15T01:19:03.000Z,st_petersburg,2016-12-15T00:00:00.000Z,50,Tug,St. Petersburg,1
59.88225,30.19494,0,0,88,4,SPB,RU,141,0,KAPITAN SOROKIN,3,345312,31,43,28,5138,39,1,2016-12-15T01:19:04.000Z,st_petersburg,2016-12-15T00:00:00.000Z,50,Tug,St. Petersburg,1
59.88227,30.19495,0,0,88,3,SPB,RU,141,0,KAPITAN SOROKIN,3,345312,31,43,28,5138,39,1,2016-12-15T01:21:03.000Z,st_petersburg,2016-12-15T00:00:00.000Z,50,Tug,St. Petersburg,1
59.88227,30.19495,0,0,88,3,SPB,RU,141,0,KAPITAN SOROKIN,3,345312,31,43,28,5138,39,1,2016-12-15T01:21:04.000Z,st_petersburg,2016-12-15T00:00:00.000Z,50,Tug,St. Petersburg,1
59.88227,30.19495,0,0,88,5,SPB,RU,141,0,KAPITAN SOROKIN,3,345312,31,43,28,5138,39,1,2016-12-15T01:23:03.000Z,st_petersburg,2016-12-15T00:00:00.000Z,50,Tug,St. Petersburg,1
59.88227,30.19495,0,0,88,5,SPB,RU,141,0,KAPITAN SOROKIN,3,345312,31,43,28,5138,39,1,2016-12-15T01:23:04.000Z,st_petersburg,2016-12-15T00:00:00.000Z,50,Tug,St. Petersburg,1
59.88227,30.19495,0,0,88,7,SPB,RU,141,0,KAPITAN SOROKIN,3,345312,31,43,28,5138,39,1,2016-12-15T01:25:03.000Z,st_petersburg,2016-12-15T00:00:00.000Z,50,Tug,St. Petersburg,1
59.88227,30.19495,0,0,88,7,SPB,RU,141,0,KAPITAN SOROKIN,3,345312,31,43,28,5138,39,1,2016-12-15T01:25:04.000Z,st_petersburg,2016-12-15T00:00:00.000Z,50,Tug,St. Petersburg,1
59.88227,30.19495,0,0,88,9,SPB,RU,141,0,KAPITAN SOROKIN,3,345312,31,43,28,5138,39,1,2016-12-15T01:27:04.000Z,st_petersburg,2016-12-15T00:00:00.000Z,50,Tug,St. Petersburg,1
59.88227,30.19495,0,0,88,9,SPB,RU,141,0,KAPITAN SOROKIN,3,345312,31,43,28,5138,39,1,2016-12-15T01:27:04.000Z,st_petersburg,2016-12-15T00:00:00.000Z,50,Tug,St. Petersburg,1
59.88221,30.19495,0,0,88,3,SPB,RU,141,0,KAPITAN SOROKIN,3,345312,31,43,28,5138,39,1,2016-12-15T01:29:03.000Z,st_petersburg,2016-12-15T00:00:00.000Z,50,Tug,St. Petersburg,1
59.88221,30.19495,0,0,88,3,SPB,RU,141,0,KAPITAN SOROKIN,3,345312,31,43,28,5138,39,1,2016-12-15T01:29:05.000Z,st_petersburg,2016-12-15T00:00:00.000Z,50,Tug,St. Petersburg,1
59.88221,30.19495,0,0,88,4,SPB,RU,141,0,KAPITAN SOROKIN,3,345312,31,43,28,5138,39,1,2016-12-15T01:31:04.000Z,st_petersburg,2016-12-15T00:00:00.000Z,50,Tug,St. Petersburg,1
59.88226,30.19496,0,0,88,2,SPB,RU,141,0,KAPITAN SOROKIN,3,345312,31,43,28,5138,39,1,2016-12-15T01:31:05.000Z,st_petersburg,2016-12-15T00:00:00.000Z,50,Tug,St. Petersburg,1
59.88226,30.19496,0,0,88,4,SPB,RU,141,0,KAPITAN SOROKIN,3,345312,31,43,28,5138,39,1,2016-12-15T01:33:03.000Z,st_petersburg,2016-12-15T00:00:00.000Z,50,Tug,St. Petersburg,1
59.88226,30.19496,0,0,88,2,SPB,RU,141,0,KAPITAN SOROKIN,3,345312,31,43,28,5138,39,1,2016-12-15T01:33:04.000Z,st_petersburg,2016-12-15T00:00:00.000Z,50,Tug,St. Petersburg,1
59.88223,30.19497,0,0,88,3,SPB,RU,141,0,KAPITAN SOROKIN,3,345312,31,43,28,5138,39,1,2016-12-15T01:35:03.000Z,st_petersburg,2016-12-15T00:00:00.000Z,50,Tug,St. Petersburg,1
59.88223,30.19497,0,0,88,3,SPB,RU,141,0,KAPITAN SOROKIN,3,345312,31,43,28,5138,39,1,2016-12-15T01:35:04.000Z,st_petersburg,2016-12-15T00:00:00.000Z,50,Tug,St. Petersburg,1
59.88223,30.19495,0,0,88,2,SPB,RU,141,0,KAPITAN SOROKIN,3,345312,31,43,28,5138,39,1,2016-12-15T01:37:03.000Z,st_petersburg,2016-12-15T00:00:00.000Z,50,Tug,St. Petersburg,1
59.88223,30.19497,0,0,88,3,SPB,RU,141,0,KAPITAN SOROKIN,3,345312,31,43,28,5138,39,1,2016-12-15T01:37:04.000Z,st_petersburg,2016-12-15T00:00:00.000Z,50,Tug,St. Petersburg,1
59.88223,30.19495,0,0,88,4,SPB,RU,141,0,KAPITAN SOROKIN,3,345312,31,43,28,5138,39,1,2016-12-15T01:39:03.000Z,st_petersburg,2016-12-15T00:00:00.000Z,50,Tug,St. Petersburg,1
59.88223,30.19495,0,0,88,4,SPB,RU,141,0,KAPITAN SOROKIN,3,345312,31,43,28,5138,39,1,2016-12-15T01:39:04.000Z,st_petersburg,2016-12-15T00:00:00.000Z,50,Tug,St. Petersburg,1
59.88225,30.19495,0,0,88,3,SPB,RU,141,0,KAPITAN SOROKIN,3,345312,31,43,28,5138,39,1,2016-12-15T01:41:03.000Z,st_petersburg,2016-12-15T00:00:00.000Z,50,Tug,St. Petersburg,1
59.88225,30.19495,0,0,88,3,SPB,RU,141,0,KAPITAN SOROKIN,3,345312,31,43,28,5138,39,1,2016-12-15T01:41:04.000Z,st_petersburg,2016-12-15T00:00:00.000Z,50,Tug,St. Petersburg,1
59.88225,30.19495,0,0,88,5,SPB,RU,141,0,KAPITAN SOROKIN,3,345312,31,43,28,5138,39,1,2016-12-15T01:43:04.000Z,st_petersburg,2016-12-15T00:00:00.000Z,50,Tug,St. Petersburg,1
59.88225,30.19495,0,0,88,5,SPB,RU,141,0,KAPITAN SOROKIN,3,345312,31,43,28,5138,39,1,2016-12-15T01:43:04.000Z,st_petersburg,2016-12-15T00:00:00.000Z,50,Tug,St. Petersburg,1
59.88225,30.19496,0,0,88,3,SPB,RU,141,0,KAPITAN SOROKIN,3,345312,31,43,28,5138,39,1,2016-12-15T01:45:03.000Z,st_petersburg,2016-12-15T00:00:00.000Z,50,Tug,St. Petersburg,1
59.88225,30.19496,0,0,88,3,SPB,RU,141,0,KAPITAN SOROKIN,3,345312,31,43,28,5138,39,1,2016-12-15T01:45:04.000Z,st_petersburg,2016-12-15T00:00:00.000Z,50,Tug,St. Petersburg,1
59.88225,30.19496,0,0,88,5,SPB,RU,141,0,KAPITAN SOROKIN,3,345312,31,43,28,5138,39,1,2016-12-15T01:47:04.000Z,st_petersburg,2016-12-15T00:00:00.000Z,50,Tug,St. Petersburg,1
59.88225,30.19496,0,0,88,5,SPB,RU,141,0,KAPITAN SOROKIN,3,345312,31,43,28,5138,39,1,2016-12-15T01:47:04.000Z,st_petersburg,2016-12-15T00:00:00.000Z,50,Tug,St. Petersburg,1
59.88225,30.19496,0,0,88,7,SPB,RU,141,0,KAPITAN SOROKIN,3,345312,31,43,28,5138,39,1,2016-12-15T01:49:04.000Z,st_petersburg,2016-12-15T00:00:00.000Z,50,Tug,St. Petersburg,1
59.88225,30.19496,0,0,88,7,SPB,RU,141,0,KAPITAN SOROKIN,3,345312,31,43,28,5138,39,1,2016-12-15T01:49:04.000Z,st_petersburg,2016-12-15T00:00:00.000Z,50,Tug,St. Petersburg,1
59.88225,30.19496,0,0,88,9,SPB,RU,141,0,KAPITAN SOROKIN,3,345312,31,43,28,5138,39,1,2016-12-15T01:51:03.000Z,st_petersburg,2016-12-15T00:00:00.000Z,50,Tug,St. Petersburg,1
59.88225,30.19496,0,0,88,9,SPB,RU,141,0,KAPITAN SOROKIN,3,345312,31,43,28,5138,39,1,2016-12-15T01:51:04.000Z,st_petersburg,2016-12-15T00:00:00.000Z,50,Tug,St. Petersburg,1
59.88223,30.19493,0,0,88,3,SPB,RU,141,0,KAPITAN SOROKIN,3,345312,31,43,28,5138,39,1,2016-12-15T01:53:04.000Z,st_petersburg,2016-12-15T00:00:00.000Z,50,Tug,St. Petersburg,1
59.88223,30.19493,0,0,88,3,SPB,RU,141,0,KAPITAN SOROKIN,3,345312,31,43,28,5138,39,1,2016-12-15T01:53:04.000Z,st_petersburg,2016-12-15T00:00:00.000Z,50,Tug,St. Petersburg,1
59.88224,30.19496,0,0,88,2,SPB,RU,141,0,KAPITAN SOROKIN,3,345312,31,43,28,5138,39,1,2016-12-15T01:55:04.000Z,st_petersburg,2016-12-15T00:00:00.000Z,50,Tug,St. Petersburg,1
59.88224,30.19496,0,0,88,1,SPB,RU,141,0,KAPITAN SOROKIN,3,345312,31,43,28,5138,39,1,2016-12-15T01:55:05.000Z,st_petersburg,2016-12-15T00:00:00.000Z,50,Tug,St. Petersburg,1
59.88224,30.19496,0,0,88,4,SPB,RU,141,0,KAPITAN SOROKIN,3,345312,31,43,28,5138,39,1,2016-12-15T01:57:04.000Z,st_petersburg,2016-12-15T00:00:00.000Z,50,Tug,St. Petersburg,1
59.88224,30.19496,0,0,88,2,SPB,RU,141,0,KAPITAN SOROKIN,3,345312,31,43,28,5138,39,1,2016-12-15T01:57:04.000Z,st_petersburg,2016-12-15T00:00:00.000Z,50,Tug,St. Petersburg,1
59.88225,30.19496,0,0,88,3,SPB,RU,141,0,KAPITAN SOROKIN,3,345312,31,43,28,5138,39,1,2016-12-15T01:59:03.000Z,st_petersburg,2016-12-15T00:00:00.000Z,50,Tug,St. Petersburg,1
59.88225,30.19496,0,0,88,3,SPB,RU,141,0,KAPITAN SOROKIN,3,345312,31,43,28,5138,39,1,2016-12-15T01:59:04.000Z,st_petersburg,2016-12-15T00:00:00.000Z,50,Tug,St. Petersburg,1
59.88225,30.19496,0,0,88,4,SPB,RU,141,0,KAPITAN SOROKIN,3,345312,31,43,28,5138,39,1,2016-12-15T02:01:03.000Z,st_petersburg,2016-12-15T00:00:00.000Z,50,Tug,St. Petersburg,1
59.88225,30.19496,0,0,88,4,SPB,RU,141,0,KAPITAN SOROKIN,3,345312,31,43,28,5138,39,1,2016-12-15T02:01:04.000Z,st_petersburg,2016-12-15T00:00:00.000Z,50,Tug,St. Petersburg,1
59.88225,30.19496,0,0,88,7,SPB,RU,141,0,KAPITAN SOROKIN,3,345312,31,43,28,5138,39,1,2016-12-15T02:03:03.000Z,st_petersburg,2016-12-15T00:00:00.000Z,50,Tug,St. Petersburg,1
59.88225,30.19496,0,0,88,7,SPB,RU,141,0,KAPITAN SOROKIN,3,345312,31,43,28,5138,39,1,2016-12-15T02:03:04.000Z,st_petersburg,2016-12-15T00:00:00.000Z,50,Tug,St. Petersburg,1
59.88225,30.19496,0,0,88,9,SPB,RU,141,0,KAPITAN SOROKIN,3,345312,31,43,28,5138,39,1,2016-12-15T02:05:04.000Z,st_petersburg,2016-12-15T00:00:00.000Z,50,Tug,St. Petersburg,1
59.88225,30.19496,0,0,88,9,SPB,RU,141,0,KAPITAN SOROKIN,3,345312,31,43,28,5138,39,1,2016-12-15T02:05:04.000Z,st_petersburg,2016-12-15T00:00:00.000Z,50,Tug,St. Petersburg,1
59.88225,30.19495,0,0,88,3,SPB,RU,141,0,KAPITAN SOROKIN,3,345312,31,43,28,5138,39,1,2016-12-15T02:07:04.000Z,st_petersburg,2016-12-15T00:00:00.000Z,50,Tug,St. Petersburg,1
59.88225,30.19495,0,0,88,3,SPB,RU,141,0,KAPITAN SOROKIN,3,345312,31,43,28,5138,39,1,2016-12-15T02:07:05.000Z,st_petersburg,2016-12-15T00:00:00.000Z,50,Tug,St. Petersburg,1
59.88225,30.19495,0,0,88,5,SPB,RU,141,0,KAPITAN SOROKIN,3,345312,31,43,28,5138,39,1,2016-12-15T02:09:05.000Z,st_petersburg,2016-12-15T00:00:00.000Z,50,Tug,St. Petersburg,1
59.88225,30.19495,0,0,88,5,SPB,RU,141,0,KAPITAN SOROKIN,3,345312,31,43,28,5138,39,1,2016-12-15T02:09:06.000Z,st_petersburg,2016-12-15T00:00:00.000Z,50,Tug,St. Petersburg,1
59.88225,30.19495,0,0,88,7,SPB,RU,141,0,KAPITAN SOROKIN,3,345312,31,43,28,5138,39,1,2016-12-15T02:11:03.000Z,st_petersburg,2016-12-15T00:00:00.000Z,50,Tug,St. Petersburg,1
59.88225,30.19495,0,0,88,7,SPB,RU,141,0,KAPITAN SOROKIN,3,345312,31,43,28,5138,39,1,2016-12-15T02:11:04.000Z,st_petersburg,2016-12-15T00:00:00.000Z,50,Tug,St. Petersburg,1
59.88225,30.19495,0,0,88,9,SPB,RU,141,0,KAPITAN SOROKIN,3,345312,31,43,28,5138,39,1,2016-12-15T02:13:03.000Z,st_petersburg,2016-12-15T00:00:00.000Z,50,Tug,St. Petersburg,1
59.88225,30.19495,0,0,88,9,SPB,RU,141,0,KAPITAN SOROKIN,3,345312,31,43,28,5138,39,1,2016-12-15T02:13:04.000Z,st_petersburg,2016-12-15T00:00:00.000Z,50,Tug,St. Petersburg,1
59.88225,30.19492,0,0,88,3,SPB,RU,141,0,KAPITAN SOROKIN,3,345312,31,43,28,5138,39,1,2016-12-15T02:15:04.000Z,st_petersburg,2016-12-15T00:00:00.000Z,50,Tug,St. Petersburg,1
59.88225,30.19492,0,0,88,3,SPB,RU,141,0,KAPITAN SOROKIN,3,345312,31,43,28,5138,39,1,2016-12-15T02:15:05.000Z,st_petersburg,2016-12-15T00:00:00.000Z,50,Tug,St. Petersburg,1
59.88226,30.19495,0,0,88,2,SPB,RU,141,0,KAPITAN SOROKIN,3,345312,31,43,28,5138,39,1,2016-12-15T02:17:04.000Z,st_petersburg,2016-12-15T00:00:00.000Z,50,Tug,St. Petersburg,1
59.88226,30.19495,0,0,88,2,SPB,RU,141,0,KAPITAN SOROKIN,3,345312,31,43,28,5138,39,1,2016-12-15T02:17:04.000Z,st_petersburg,2016-12-15T00:00:00.000Z,50,Tug,St. Petersburg,1
59.88226,30.19495,0,0,88,4,SPB,RU,141,0,KAPITAN SOROKIN,3,345312,31,43,28,5138,39,1,2016-12-15T02:19:03.000Z,st_petersburg,2016-12-15T00:00:00.000Z,50,Tug,St. Petersburg,1
59.88226,30.19495,0,0,88,4,SPB,RU,141,0,KAPITAN SOROKIN,3,345312,31,43,28,5138,39,1,2016-12-15T02:19:04.000Z,st_petersburg,2016-12-15T00:00:00.000Z,50,Tug,St. Petersburg,1
59.88224,30.19494,0,0,88,3,SPB,RU,141,0,KAPITAN SOROKIN,3,345312,31,43,28,5138,39,1,2016-12-15T02:21:04.000Z,st_petersburg,2016-12-15T00:00:00.000Z,50,Tug,St. Petersburg,1
59.88224,30.19494,0,0,88,3,SPB,RU,141,0,KAPITAN SOROKIN,3,345312,31,43,28,5138,39,1,2016-12-15T02:21:05.000Z,st_petersburg,2016-12-15T00:00:00.000Z,50,Tug,St. Petersburg,1
59.88224,30.19494,0,0,88,3,SPB,RU,141,0,KAPITAN SOROKIN,3,345312,31,43,28,5138,39,1,2016-12-15T02:23:03.000Z,st_petersburg,2016-12-15T00:00:00.000Z,50,Tug,St. Petersburg,1
59.88226,30.19494,0,0,88,2,SPB,RU,141,0,KAPITAN SOROKIN,3,345312,31,43,28,5138,39,1,2016-12-15T02:23:04.000Z,st_petersburg,2016-12-15T00:00:00.000Z,50,Tug,St. Petersburg,1
59.88226,30.19494,0,0,88,4,SPB,RU,141,0,KAPITAN SOROKIN,3,345312,31,43,28,5138,39,1,2016-12-15T02:25:04.000Z,st_petersburg,2016-12-15T00:00:00.000Z,50,Tug,St. Petersburg,1
59.88226,30.19494,0,0,88,2,SPB,RU,141,0,KAPITAN SOROKIN,3,345312,31,43,28,5138,39,1,2016-12-15T02:25:04.000Z,st_petersburg,2016-12-15T00:00:00.000Z,50,Tug,St. Petersburg,1
59.88226,30.19494,0,0,88,4,SPB,RU,141,0,KAPITAN SOROKIN,3,345312,31,43,28,5138,39,1,2016-12-15T02:27:03.000Z,st_petersburg,2016-12-15T00:00:00.000Z,50,Tug,St. Petersburg,1
59.88228,30.19493,0,0,88,3,SPB,RU,141,0,KAPITAN SOROKIN,3,345312,31,43,28,5138,39,1,2016-12-15T02:27:04.000Z,st_petersburg,2016-12-15T00:00:00.000Z,50,Tug,St. Petersburg,1
59.88228,30.19493,0,0,88,5,SPB,RU,141,0,KAPITAN SOROKIN,3,345312,31,43,28,5138,39,1,2016-12-15T02:29:03.000Z,st_petersburg,2016-12-15T00:00:00.000Z,50,Tug,St. Petersburg,1
59.88228,30.19493,0,0,88,5,SPB,RU,141,0,KAPITAN SOROKIN,3,345312,31,43,28,5138,39,1,2016-12-15T02:29:04.000Z,st_petersburg,2016-12-15T00:00:00.000Z,50,Tug,St. Petersburg,1
59.88226,30.19492,0,0,88,3,SPB,RU,141,0,KAPITAN SOROKIN,3,345312,31,43,28,5138,39,1,2016-12-15T02:31:03.000Z,st_petersburg,2016-12-15T00:00:00.000Z,50,Tug,St. Petersburg,1
59.88226,30.19492,0,0,88,2,SPB,RU,141,0,KAPITAN SOROKIN,3,345312,31,43,28,5138,39,1,2016-12-15T02:31:04.000Z,st_petersburg,2016-12-15T00:00:00.000Z,50,Tug,St. Petersburg,1
59.88226,30.19492,0,0,88,5,SPB,RU,141,0,KAPITAN SOROKIN,3,345312,31,43,28,5138,39,1,2016-12-15T02:33:04.000Z,st_petersburg,2016-12-15T00:00:00.000Z,50,Tug,St. Petersburg,1
59.88226,30.19492,0,0,88,3,SPB,RU,141,0,KAPITAN SOROKIN,3,345312,31,43,28,5138,39,1,2016-12-15T02:33:04.000Z,st_petersburg,2016-12-15T00:00:00.000Z,50,Tug,St. Petersburg,1
59.88226,30.19492,0,0,88,7,SPB,RU,141,0,KAPITAN SOROKIN,3,345312,31,43,28,5138,39,1,2016-12-15T02:35:03.000Z,st_petersburg,2016-12-15T00:00:00.000Z,50,Tug,St. Petersburg,1
59.88226,30.19492,0,0,88,7,SPB,RU,141,0,KAPITAN SOROKIN,3,345312,31,43,28,5138,39,1,2016-12-15T02:35:04.000Z,st_petersburg,2016-12-15T00:00:00.000Z,50,Tug,St. Petersburg,1
59.88226,30.19492,0,0,88,9,SPB,RU,141,0,KAPITAN SOROKIN,3,345312,31,43,28,5138,39,1,2016-12-15T02:37:04.000Z,st_petersburg,2016-12-15T00:00:00.000Z,50,Tug,St. Petersburg,1
59.88226,30.19492,0,0,88,9,SPB,RU,141,0,KAPITAN SOROKIN,3,345312,31,43,28,5138,39,1,2016-12-15T02:37:05.000Z,st_petersburg,2016-12-15T00:00:00.000Z,50,Tug,St. Petersburg,1
59.88226,30.19492,0,0,88,9,SPB,RU,141,0,KAPITAN SOROKIN,3,345312,31,43,28,5138,39,1,2016-12-15T02:39:03.000Z,st_petersburg,2016-12-15T00:00:00.000Z,50,Tug,St. Petersburg,1
59.88225,30.19493,0,0,88,3,SPB,RU,141,0,KAPITAN SOROKIN,3,345312,31,43,28,5138,39,1,2016-12-15T02:39:04.000Z,st_petersburg,2016-12-15T00:00:00.000Z,50,Tug,St. Petersburg,1
59.88225,30.19494,0,0,88,2,SPB,RU,141,0,KAPITAN SOROKIN,3,345312,31,43,28,5138,39,1,2016-12-15T02:41:03.000Z,st_petersburg,2016-12-15T00:00:00.000Z,50,Tug,St. Petersburg,1
59.88225,30.19494,0,0,88,1,SPB,RU,141,0,KAPITAN SOROKIN,3,345312,31,43,28,5138,39,1,2016-12-15T02:41:04.000Z,st_petersburg,2016-12-15T00:00:00.000Z,50,Tug,St. Petersburg,1
59.88225,30.19494,0,0,88,4,SPB,RU,141,0,KAPITAN SOROKIN,3,345312,31,43,28,5138,39,1,2016-12-15T02:43:04.000Z,st_petersburg,2016-12-15T00:00:00.000Z,50,Tug,St. Petersburg,1
59.88225,30.19494,0,0,88,4,SPB,RU,141,0,KAPITAN SOROKIN,3,345312,31,43,28,5138,39,1,2016-12-15T02:43:04.000Z,st_petersburg,2016-12-15T00:00:00.000Z,50,Tug,St. Petersburg,1
59.88226,30.19497,0,0,88,3,SPB,RU,141,0,KAPITAN SOROKIN,3,345312,31,43,28,5138,39,1,2016-12-15T02:45:03.000Z,st_petersburg,2016-12-15T00:00:00.000Z,50,Tug,St. Petersburg,1
59.88226,30.19497,0,0,88,3,SPB,RU,141,0,KAPITAN SOROKIN,3,345312,31,43,28,5138,39,1,2016-12-15T02:45:04.000Z,st_petersburg,2016-12-15T00:00:00.000Z,50,Tug,St. Petersburg,1
59.88231,30.19493,0,0,88,2,SPB,RU,141,0,KAPITAN SOROKIN,3,345312,31,43,28,5138,39,1,2016-12-15T02:47:03.000Z,st_petersburg,2016-12-15T00:00:00.000Z,50,Tug,St. Petersburg,1
59.88231,30.19493,0,0,88,2,SPB,RU,141,0,KAPITAN SOROKIN,3,345312,31,43,28,5138,39,1,2016-12-15T02:47:04.000Z,st_petersburg,2016-12-15T00:00:00.000Z,50,Tug,St. Petersburg,1
59.88231,30.19493,0,0,88,4,SPB,RU,141,0,KAPITAN SOROKIN,3,345312,31,43,28,5138,39,1,2016-12-15T02:49:03.000Z,st_petersburg,2016-12-15T00:00:00.000Z,50,Tug,St. Petersburg,1
59.88231,30.19493,0,0,88,4,SPB,RU,141,0,KAPITAN SOROKIN,3,345312,31,43,28,5138,39,1,2016-12-15T02:49:04.000Z,st_petersburg,2016-12-15T00:00:00.000Z,50,Tug,St. Petersburg,1
59.88227,30.19491,0,0,88,3,SPB,RU,141,0,KAPITAN SOROKIN,3,345312,31,43,28,5138,39,1,2016-12-15T02:51:04.000Z,st_petersburg,2016-12-15T00:00:00.000Z,50,Tug,St. Petersburg,1
59.88227,30.19491,0,0,88,3,SPB,RU,141,0,KAPITAN SOROKIN,3,345312,31,43,28,5138,39,1,2016-12-15T02:51:05.000Z,st_petersburg,2016-12-15T00:00:00.000Z,50,Tug,St. Petersburg,1
59.88226,30.19496,0,0,88,2,SPB,RU,141,0,KAPITAN SOROKIN,3,345312,31,43,28,5138,39,1,2016-12-15T02:53:03.000Z,st_petersburg,2016-12-15T00:00:00.000Z,50,Tug,St. Petersburg,1
59.88226,30.19496,0,0,88,2,SPB,RU,141,0,KAPITAN SOROKIN,3,345312,31,43,28,5138,39,1,2016-12-15T02:53:04.000Z,st_petersburg,2016-12-15T00:00:00.000Z,50,Tug,St. Petersburg,1
59.88226,30.19496,0,0,88,4,SPB,RU,141,0,KAPITAN SOROKIN,3,345312,31,43,28,5138,39,1,2016-12-15T02:55:03.000Z,st_petersburg,2016-12-15T00:00:00.000Z,50,Tug,St. Petersburg,1
59.88226,30.19496,0,0,88,4,SPB,RU,141,0,KAPITAN SOROKIN,3,345312,31,43,28,5138,39,1,2016-12-15T02:55:04.000Z,st_petersburg,2016-12-15T00:00:00.000Z,50,Tug,St. Petersburg,1
59.88226,30.19496,0,0,88,6,SPB,RU,141,0,KAPITAN SOROKIN,3,345312,31,43,28,5138,39,1,2016-12-15T02:57:04.000Z,st_petersburg,2016-12-15T00:00:00.000Z,50,Tug,St. Petersburg,1
59.88226,30.19496,0,0,88,4,SPB,RU,141,0,KAPITAN SOROKIN,3,345312,31,43,28,5138,39,1,2016-12-15T02:57:05.000Z,st_petersburg,2016-12-15T00:00:00.000Z,50,Tug,St. Petersburg,1
59.88231,30.19493,0,0,88,2,SPB,RU,141,0,KAPITAN SOROKIN,3,345312,31,43,28,5138,39,1,2016-12-15T02:59:04.000Z,st_petersburg,2016-12-15T00:00:00.000Z,50,Tug,St. Petersburg,1
59.88231,30.19493,0,0,88,1,SPB,RU,141,0,KAPITAN SOROKIN,3,345312,31,43,28,5138,39,1,2016-12-15T02:59:05.000Z,st_petersburg,2016-12-15T00:00:00.000Z,50,Tug,St. Petersburg,1
59.88231,30.19493,0,0,88,3,SPB,RU,141,0,KAPITAN SOROKIN,3,345312,31,43,28,5138,39,1,2016-12-15T03:01:04.000Z,st_petersburg,2016-12-15T00:00:00.000Z,50,Tug,St. Petersburg,1
59.88231,30.19493,0,0,88,3,SPB,RU,141,0,KAPITAN SOROKIN,3,345312,31,43,28,5138,39,1,2016-12-15T03:01:04.000Z,st_petersburg,2016-12-15T00:00:00.000Z,50,Tug,St. Petersburg,1
59.88231,30.19493,0,0,88,6,SPB,RU,141,0,KAPITAN SOROKIN,3,345312,31,43,28,5138,39,1,2016-12-15T03:03:03.000Z,st_petersburg,2016-12-15T00:00:00.000Z,50,Tug,St. Petersburg,1
59.88231,30.19493,0,0,88,4,SPB,RU,141,0,KAPITAN SOROKIN,3,345312,31,43,28,5138,39,1,2016-12-15T03:03:04.000Z,st_petersburg,2016-12-15T00:00:00.000Z,50,Tug,St. Petersburg,1
59.88223,30.19496,0,0,88,2,SPB,RU,141,0,KAPITAN SOROKIN,3,345312,31,43,28,5138,39,1,2016-12-15T03:05:03.000Z,st_petersburg,2016-12-15T00:00:00.000Z,50,Tug,St. Petersburg,1
59.88223,30.19496,0,0,88,2,SPB,RU,141,0,KAPITAN SOROKIN,3,345312,31,43,28,5138,39,1,2016-12-15T03:05:04.000Z,st_petersburg,2016-12-15T00:00:00.000Z,50,Tug,St. Petersburg,1
59.88223,30.19496,0,0,88,4,SPB,RU,141,0,KAPITAN SOROKIN,3,345312,31,43,28,5138,39,1,2016-12-15T03:07:03.000Z,st_petersburg,2016-12-15T00:00:00.000Z,50,Tug,St. Petersburg,1
59.88223,30.19496,0,0,88,4,SPB,RU,141,0,KAPITAN SOROKIN,3,345312,31,43,28,5138,39,1,2016-12-15T03:07:04.000Z,st_petersburg,2016-12-15T00:00:00.000Z,50,Tug,St. Petersburg,1
59.88229,30.19495,0,0,88,3,SPB,RU,141,0,KAPITAN SOROKIN,3,345312,31,43,28,5138,39,1,2016-12-15T03:09:04.000Z,st_petersburg,2016-12-15T00:00:00.000Z,50,Tug,St. Petersburg,1
59.88229,30.19495,0,0,88,2,SPB,RU,141,0,KAPITAN SOROKIN,3,345312,31,43,28,5138,39,1,2016-12-15T03:09:04.000Z,st_petersburg,2016-12-15T00:00:00.000Z,50,Tug,St. Petersburg,1
59.88229,30.19495,0,0,88,5,SPB,RU,141,0,KAPITAN SOROKIN,3,345312,31,43,28,5138,39,1,2016-12-15T03:11:04.000Z,st_petersburg,2016-12-15T00:00:00.000Z,50,Tug,St. Petersburg,1
59.88229,30.19495,0,0,88,5,SPB,RU,141,0,KAPITAN SOROKIN,3,345312,31,43,28,5138,39,1,2016-12-15T03:11:05.000Z,st_petersburg,2016-12-15T00:00:00.000Z,50,Tug,St. Petersburg,1
59.88225,30.19496,0,0,88,3,SPB,RU,141,0,KAPITAN SOROKIN,3,345312,31,43,28,5138,39,1,2016-12-15T03:13:03.000Z,st_petersburg,2016-12-15T00:00:00.000Z,50,Tug,St. Petersburg,1
59.88225,30.19496,0,0,88,3,SPB,RU,141,0,KAPITAN SOROKIN,3,345312,31,43,28,5138,39,1,2016-12-15T03:13:04.000Z,st_petersburg,2016-12-15T00:00:00.000Z,50,Tug,St. Petersburg,1
59.88228,30.19493,0,0,88,2,SPB,RU,141,0,KAPITAN SOROKIN,3,345312,31,43,28,5138,39,1,2016-12-15T03:15:04.000Z,st_petersburg,2016-12-15T00:00:00.000Z,50,Tug,St. Petersburg,1
59.88228,30.19493,0,0,88,2,SPB,RU,141,0,KAPITAN SOROKIN,3,345312,31,43,28,5138,39,1,2016-12-15T03:15:05.000Z,st_petersburg,2016-12-15T00:00:00.000Z,50,Tug,St. Petersburg,1
59.88228,30.19493,0,0,88,4,SPB,RU,141,0,KAPITAN SOROKIN,3,345312,31,43,28,5138,39,1,2016-12-15T03:17:03.000Z,st_petersburg,2016-12-15T00:00:00.000Z,50,Tug,St. Petersburg,1
59.88228,30.19493,0,0,88,4,SPB,RU,141,0,KAPITAN SOROKIN,3,345312,31,43,28,5138,39,1,2016-12-15T03:17:04.000Z,st_petersburg,2016-12-15T00:00:00.000Z,50,Tug,St. Petersburg,1
59.88228,30.19495,0,0,88,2,SPB,RU,141,0,KAPITAN SOROKIN,3,345312,31,43,28,5138,39,1,2016-12-15T03:19:04.000Z,st_petersburg,2016-12-15T00:00:00.000Z,50,Tug,St. Petersburg,1
59.88228,30.19495,0,0,88,2,SPB,RU,141,0,KAPITAN SOROKIN,3,345312,31,43,28,5138,39,1,2016-12-15T03:19:04.000Z,st_petersburg,2016-12-15T00:00:00.000Z,50,Tug,St. Petersburg,1
59.88228,30.19495,0,0,88,4,SPB,RU,141,0,KAPITAN SOROKIN,3,345312,31,43,28,5138,39,1,2016-12-15T03:21:04.000Z,st_petersburg,2016-12-15T00:00:00.000Z,50,Tug,St. Petersburg,1
59.88228,30.19495,0,0,88,4,SPB,RU,141,0,KAPITAN SOROKIN,3,345312,31,43,28,5138,39,1,2016-12-15T03:21:05.000Z,st_petersburg,2016-12-15T00:00:00.000Z,50,Tug,St. Petersburg,1
59.88226,30.19493,0,0,88,3,SPB,RU,141,0,KAPITAN SOROKIN,3,345312,31,43,28,5138,39,1,2016-12-15T03:23:03.000Z,st_petersburg,2016-12-15T00:00:00.000Z,50,Tug,St. Petersburg,1
59.88228,30.19495,0,0,88,4,SPB,RU,141,0,KAPITAN SOROKIN,3,345312,31,43,28,5138,39,1,2016-12-15T03:23:04.000Z,st_petersburg,2016-12-15T00:00:00.000Z,50,Tug,St. Petersburg,1
59.88223,30.19489,0,0,88,1,SPB,RU,141,0,KAPITAN SOROKIN,3,345312,31,43,28,5138,39,1,2016-12-15T03:25:03.000Z,st_petersburg,2016-12-15T00:00:00.000Z,50,Tug,St. Petersburg,1
59.88226,30.19493,0,0,88,3,SPB,RU,141,0,KAPITAN SOROKIN,3,345312,31,43,28,5138,39,1,2016-12-15T03:25:04.000Z,st_petersburg,2016-12-15T00:00:00.000Z,50,Tug,St. Petersburg,1
59.88223,30.19489,0,0,88,4,SPB,RU,141,0,KAPITAN SOROKIN,3,345312,31,43,28,5138,39,1,2016-12-15T03:27:04.000Z,st_petersburg,2016-12-15T00:00:00.000Z,50,Tug,St. Petersburg,1
59.88223,30.19489,0,0,88,4,SPB,RU,141,0,KAPITAN SOROKIN,3,345312,31,43,28,5138,39,1,2016-12-15T03:27:05.000Z,st_petersburg,2016-12-15T00:00:00.000Z,50,Tug,St. Petersburg,1
59.88225,30.19493,0,0,88,3,SPB,RU,141,0,KAPITAN SOROKIN,3,345312,31,43,28,5138,39,1,2016-12-15T03:29:03.000Z,st_petersburg,2016-12-15T00:00:00.000Z,50,Tug,St. Petersburg,1
59.88225,30.19493,0,0,88,1,SPB,RU,141,0,KAPITAN SOROKIN,3,345312,31,43,28,5138,39,1,2016-12-15T03:29:04.000Z,st_petersburg,2016-12-15T00:00:00.000Z,50,Tug,St. Petersburg,1
59.88225,30.19493,0,0,88,5,SPB,RU,141,0,KAPITAN SOROKIN,3,345312,31,43,28,5138,39,1,2016-12-15T03:31:03.000Z,st_petersburg,2016-12-15T00:00:00.000Z,50,Tug,St. Petersburg,1
59.88225,30.19493,0,0,88,5,SPB,RU,141,0,KAPITAN SOROKIN,3,345312,31,43,28,5138,39,1,2016-12-15T03:31:04.000Z,st_petersburg,2016-12-15T00:00:00.000Z,50,Tug,St. Petersburg,1
59.88225,30.19493,0,0,88,7,SPB,RU,141,0,KAPITAN SOROKIN,3,345312,31,43,28,5138,39,1,2016-12-15T03:33:04.000Z,st_petersburg,2016-12-15T00:00:00.000Z,50,Tug,St. Petersburg,1
59.88225,30.19493,0,0,88,7,SPB,RU,141,0,KAPITAN SOROKIN,3,345312,31,43,28,5138,39,1,2016-12-15T03:33:05.000Z,st_petersburg,2016-12-15T00:00:00.000Z,50,Tug,St. Petersburg,1
59.88225,30.19493,0,0,88,9,SPB,RU,141,0,KAPITAN SOROKIN,3,345312,31,43,28,5138,39,1,2016-12-15T03:35:03.000Z,st_petersburg,2016-12-15T00:00:00.000Z,50,Tug,St. Petersburg,1
59.88225,30.19493,0,0,88,9,SPB,RU,141,0,KAPITAN SOROKIN,3,345312,31,43,28,5138,39,1,2016-12-15T03:35:04.000Z,st_petersburg,2016-12-15T00:00:00.000Z,50,Tug,St. Petersburg,1
59.88224,30.19496,0,0,88,3,SPB,RU,141,0,KAPITAN SOROKIN,3,345312,31,43,28,5138,39,1,2016-12-15T03:37:03.000Z,st_petersburg,2016-12-15T00:00:00.000Z,50,Tug,St. Petersburg,1
59.88224,30.19496,0,0,88,3,SPB,RU,141,0,KAPITAN SOROKIN,3,345312,31,43,28,5138,39,1,2016-12-15T03:37:04.000Z,st_petersburg,2016-12-15T00:00:00.000Z,50,Tug,St. Petersburg,1
59.88224,30.19496,0,0,88,5,SPB,RU,141,0,KAPITAN SOROKIN,3,345312,31,43,28,5138,39,1,2016-12-15T03:39:03.000Z,st_petersburg,2016-12-15T00:00:00.000Z,50,Tug,St. Petersburg,1
59.88224,30.19496,0,0,88,3,SPB,RU,141,0,KAPITAN SOROKIN,3,345312,31,43,28,5138,39,1,2016-12-15T03:39:04.000Z,st_petersburg,2016-12-15T00:00:00.000Z,50,Tug,St. Petersburg,1
59.88224,30.19496,0,0,88,7,SPB,RU,141,0,KAPITAN SOROKIN,3,345312,31,43,28,5138,39,1,2016-12-15T03:41:03.000Z,st_petersburg,2016-12-15T00:00:00.000Z,50,Tug,St. Petersburg,1
59.88224,30.19496,0,0,88,7,SPB,RU,141,0,KAPITAN SOROKIN,3,345312,31,43,28,5138,39,1,2016-12-15T03:41:04.000Z,st_petersburg,2016-12-15T00:00:00.000Z,50,Tug,St. Petersburg,1
59.88224,30.19496,0,0,88,9,SPB,RU,141,0,KAPITAN SOROKIN,3,345312,31,43,28,5138,39,1,2016-12-15T03:43:03.000Z,st_petersburg,2016-12-15T00:00:00.000Z,50,Tug,St. Petersburg,1
59.88224,30.19496,0,0,88,7,SPB,RU,141,0,KAPITAN SOROKIN,3,345312,31,43,28,5138,39,1,2016-12-15T03:43:04.000Z,st_petersburg,2016-12-15T00:00:00.000Z,50,Tug,St. Petersburg,1
59.88226,30.19493,0,0,88,3,SPB,RU,141,0,KAPITAN SOROKIN,3,345312,31,43,28,5138,39,1,2016-12-15T03:45:03.000Z,st_petersburg,2016-12-15T00:00:00.000Z,50,Tug,St. Petersburg,1
59.88226,30.19493,0,0,88,3,SPB,RU,141,0,KAPITAN SOROKIN,3,345312,31,43,28,5138,39,1,2016-12-15T03:45:04.000Z,st_petersburg,2016-12-15T00:00:00.000Z,50,Tug,St. Petersburg,1
59.88227,30.1949,0,0,88,2,SPB,RU,141,0,KAPITAN SOROKIN,3,345312,31,43,28,5138,39,1,2016-12-15T03:47:03.000Z,st_petersburg,2016-12-15T00:00:00.000Z,50,Tug,St. Petersburg,1
59.88227,30.1949,0,0,88,2,SPB,RU,141,0,KAPITAN SOROKIN,3,345312,31,43,28,5138,39,1,2016-12-15T03:47:04.000Z,st_petersburg,2016-12-15T00:00:00.000Z,50,Tug,St. Petersburg,1
59.88227,30.1949,0,0,88,4,SPB,RU,141,0,KAPITAN SOROKIN,3,345312,31,43,28,5138,39,1,2016-12-15T03:49:03.000Z,st_petersburg,2016-12-15T00:00:00.000Z,50,Tug,St. Petersburg,1
59.88227,30.1949,0,0,88,4,SPB,RU,141,0,KAPITAN SOROKIN,3,345312,31,43,28,5138,39,1,2016-12-15T03:49:04.000Z,st_petersburg,2016-12-15T00:00:00.000Z,50,Tug,St. Petersburg,1
59.88227,30.19495,0,0,88,3,SPB,RU,141,0,KAPITAN SOROKIN,3,345312,31,43,28,5138,39,1,2016-12-15T03:51:03.000Z,st_petersburg,2016-12-15T00:00:00.000Z,50,Tug,St. Petersburg,1
59.88227,30.19495,0,0,88,3,SPB,RU,141,0,KAPITAN SOROKIN,3,345312,31,43,28,5138,39,1,2016-12-15T03:51:04.000Z,st_petersburg,2016-12-15T00:00:00.000Z,50,Tug,St. Petersburg,1
59.88227,30.19495,0,0,88,2,SPB,RU,141,0,KAPITAN SOROKIN,3,345312,31,43,28,5138,39,1,2016-12-15T03:53:04.000Z,st_petersburg,2016-12-15T00:00:00.000Z,50,Tug,St. Petersburg,1
59.88227,30.19495,0,0,88,2,SPB,RU,141,0,KAPITAN SOROKIN,3,345312,31,43,28,5138,39,1,2016-12-15T03:53:04.000Z,st_petersburg,2016-12-15T00:00:00.000Z,50,Tug,St. Petersburg,1
59.88227,30.19495,0,0,88,4,SPB,RU,141,0,KAPITAN SOROKIN,3,345312,31,43,28,5138,39,1,2016-12-15T03:55:03.000Z,st_petersburg,2016-12-15T00:00:00.000Z,50,Tug,St. Petersburg,1
59.88227,30.19495,0,0,88,4,SPB,RU,141,0,KAPITAN SOROKIN,3,345312,31,43,28,5138,39,1,2016-12-15T03:55:04.000Z,st_petersburg,2016-12-15T00:00:00.000Z,50,Tug,St. Petersburg,1
59.88225,30.19496,0,0,88,3,SPB,RU,141,0,KAPITAN SOROKIN,3,345312,31,43,28,5138,39,1,2016-12-15T03:57:04.000Z,st_petersburg,2016-12-15T00:00:00.000Z,50,Tug,St. Petersburg,1
59.88225,30.19496,0,0,88,3,SPB,RU,141,0,KAPITAN SOROKIN,3,345312,31,43,28,5138,39,1,2016-12-15T03:57:05.000Z,st_petersburg,2016-12-15T00:00:00.000Z,50,Tug,St. Petersburg,1
59.88225,30.19496,0,0,88,3,SPB,RU,141,0,KAPITAN SOROKIN,3,345312,31,43,28,5138,39,1,2016-12-15T03:59:03.000Z,st_petersburg,2016-12-15T00:00:00.000Z,50,Tug,St. Petersburg,1
59.88225,30.19496,0,0,88,3,SPB,RU,141,0,KAPITAN SOROKIN,3,345312,31,43,28,5138,39,1,2016-12-15T03:59:04.000Z,st_petersburg,2016-12-15T00:00:00.000Z,50,Tug,St. Petersburg,1
59.88227,30.19498,0,0,88,4,SPB,RU,141,0,KAPITAN SOROKIN,3,345312,31,43,28,5138,39,1,2016-12-15T04:01:03.000Z,st_petersburg,2016-12-15T00:00:00.000Z,50,Tug,St. Petersburg,1
59.88227,30.19498,0,0,88,4,SPB,RU,141,0,KAPITAN SOROKIN,3,345312,31,43,28,5138,39,1,2016-12-15T04:01:04.000Z,st_petersburg,2016-12-15T00:00:00.000Z,50,Tug,St. Petersburg,1
59.88225,30.19497,0,0,88,3,SPB,RU,141,0,KAPITAN SOROKIN,3,345312,31,43,28,5138,39,1,2016-12-15T04:03:03.000Z,st_petersburg,2016-12-15T00:00:00.000Z,50,Tug,St. Petersburg,1
59.88225,30.19497,0,0,88,3,SPB,RU,141,0,KAPITAN SOROKIN,3,345312,31,43,28,5138,39,1,2016-12-15T04:03:04.000Z,st_petersburg,2016-12-15T00:00:00.000Z,50,Tug,St. Petersburg,1
59.88227,30.19495,0,0,88,2,SPB,RU,141,0,KAPITAN SOROKIN,3,345312,31,43,28,5138,39,1,2016-12-15T04:05:04.000Z,st_petersburg,2016-12-15T00:00:00.000Z,50,Tug,St. Petersburg,1
59.88227,30.19495,0,0,88,2,SPB,RU,141,0,KAPITAN SOROKIN,3,345312,31,43,28,5138,39,1,2016-12-15T04:05:05.000Z,st_petersburg,2016-12-15T00:00:00.000Z,50,Tug,St. Petersburg,1
59.88227,30.19495,0,0,88,4,SPB,RU,141,0,KAPITAN SOROKIN,3,345312,31,43,28,5138,39,1,2016-12-15T04:07:03.000Z,st_petersburg,2016-12-15T00:00:00.000Z,50,Tug,St. Petersburg,1
59.88227,30.19495,0,0,88,4,SPB,RU,141,0,KAPITAN SOROKIN,3,345312,31,43,28,5138,39,1,2016-12-15T04:07:04.000Z,st_petersburg,2016-12-15T00:00:00.000Z,50,Tug,St. Petersburg,1
59.88225,30.19494,0,0,88,3,SPB,RU,141,0,KAPITAN SOROKIN,3,345312,31,43,28,5138,39,1,2016-12-15T04:09:03.000Z,st_petersburg,2016-12-15T00:00:00.000Z,50,Tug,St. Petersburg,1
59.88225,30.19494,0,0,88,3,SPB,RU,141,0,KAPITAN SOROKIN,3,345312,31,43,28,5138,39,1,2016-12-15T04:09:04.000Z,st_petersburg,2016-12-15T00:00:00.000Z,50,Tug,St. Petersburg,1
59.88225,30.19494,0,0,88,5,SPB,RU,141,0,KAPITAN SOROKIN,3,345312,31,43,28,5138,39,1,2016-12-15T04:11:03.000Z,st_petersburg,2016-12-15T00:00:00.000Z,50,Tug,St. Petersburg,1
59.88225,30.19494,0,0,88,5,SPB,RU,141,0,KAPITAN SOROKIN,3,345312,31,43,28,5138,39,1,2016-12-15T04:11:04.000Z,st_petersburg,2016-12-15T00:00:00.000Z,50,Tug,St. Petersburg,1
59.88225,30.19494,0,0,88,7,SPB,RU,141,0,KAPITAN SOROKIN,3,345312,31,43,28,5138,39,1,2016-12-15T04:13:03.000Z,st_petersburg,2016-12-15T00:00:00.000Z,50,Tug,St. Petersburg,1
59.88225,30.19494,0,0,88,7,SPB,RU,141,0,KAPITAN SOROKIN,3,345312,31,43,28,5138,39,1,2016-12-15T04:13:04.000Z,st_petersburg,2016-12-15T00:00:00.000Z,50,Tug,St. Petersburg,1
59.88225,30.19494,0,0,88,9,SPB,RU,141,0,KAPITAN SOROKIN,3,345312,31,43,28,5138,39,1,2016-12-15T04:15:03.000Z,st_petersburg,2016-12-15T00:00:00.000Z,50,Tug,St. Petersburg,1
59.88225,30.19494,0,0,88,9,SPB,RU,141,0,KAPITAN SOROKIN,3,345312,31,43,28,5138,39,1,2016-12-15T04:15:04.000Z,st_petersburg,2016-12-15T00:00:00.000Z,50,Tug,St. Petersburg,1
59.88228,30.19493,0,0,88,3,SPB,RU,141,0,KAPITAN SOROKIN,3,345312,31,43,28,5138,39,1,2016-12-15T04:17:03.000Z,st_petersburg,2016-12-15T00:00:00.000Z,50,Tug,St. Petersburg,1
59.88228,30.19493,0,0,88,3,SPB,RU,141,0,KAPITAN SOROKIN,3,345312,31,43,28,5138,39,1,2016-12-15T04:17:04.000Z,st_petersburg,2016-12-15T00:00:00.000Z,50,Tug,St. Petersburg,1
59.88225,30.19498,0,0,88,2,SPB,RU,141,0,KAPITAN SOROKIN,3,345312,31,43,28,5138,39,1,2016-12-15T04:19:04.000Z,st_petersburg,2016-12-15T00:00:00.000Z,50,Tug,St. Petersburg,1
59.88225,30.19498,0,0,88,2,SPB,RU,141,0,KAPITAN SOROKIN,3,345312,31,43,28,5138,39,1,2016-12-15T04:19:04.000Z,st_petersburg,2016-12-15T00:00:00.000Z,50,Tug,St. Petersburg,1
59.88225,30.19498,0,0,88,4,SPB,RU,141,0,KAPITAN SOROKIN,3,345312,31,43,28,5138,39,1,2016-12-15T04:21:03.000Z,st_petersburg,2016-12-15T00:00:00.000Z,50,Tug,St. Petersburg,1
59.88225,30.19498,0,0,88,4,SPB,RU,141,0,KAPITAN SOROKIN,3,345312,31,43,28,5138,39,1,2016-12-15T04:21:04.000Z,st_petersburg,2016-12-15T00:00:00.000Z,50,Tug,St. Petersburg,1
59.88227,30.19494,0,0,88,2,SPB,RU,141,0,KAPITAN SOROKIN,3,345312,31,43,28,5138,39,1,2016-12-15T04:23:03.000Z,st_petersburg,2016-12-15T00:00:00.000Z,50,Tug,St. Petersburg,1
59.88227,30.19494,0,0,88,2,SPB,RU,141,0,KAPITAN SOROKIN,3,345312,31,43,28,5138,39,1,2016-12-15T04:23:05.000Z,st_petersburg,2016-12-15T00:00:00.000Z,50,Tug,St. Petersburg,1
59.88227,30.19494,0,0,88,4,SPB,RU,141,0,KAPITAN SOROKIN,3,345312,31,43,28,5138,39,1,2016-12-15T04:25:04.000Z,st_petersburg,2016-12-15T00:00:00.000Z,50,Tug,St. Petersburg,1
59.88227,30.19494,0,0,88,4,SPB,RU,141,0,KAPITAN SOROKIN,3,345312,31,43,28,5138,39,1,2016-12-15T04:25:05.000Z,st_petersburg,2016-12-15T00:00:00.000Z,50,Tug,St. Petersburg,1
59.88225,30.19494,0,0,88,3,SPB,RU,141,0,KAPITAN SOROKIN,3,345312,31,43,28,5138,39,1,2016-12-15T04:27:04.000Z,st_petersburg,2016-12-15T00:00:00.000Z,50,Tug,St. Petersburg,1
59.88225,30.19494,0,0,88,1,SPB,RU,141,0,KAPITAN SOROKIN,3,345312,31,43,28,5138,39,1,2016-12-15T04:27:05.000Z,st_petersburg,2016-12-15T00:00:00.000Z,50,Tug,St. Petersburg,1
59.88225,30.19494,0,0,88,5,SPB,RU,141,0,KAPITAN SOROKIN,3,345312,31,43,28,5138,39,1,2016-12-15T04:29:04.000Z,st_petersburg,2016-12-15T00:00:00.000Z,50,Tug,St. Petersburg,1
59.88225,30.19494,0,0,88,4,SPB,RU,141,0,KAPITAN SOROKIN,3,345312,31,43,28,5138,39,1,2016-12-15T04:29:05.000Z,st_petersburg,2016-12-15T00:00:00.000Z,50,Tug,St. Petersburg,1
59.88227,30.19493,0,0,88,2,SPB,RU,141,0,KAPITAN SOROKIN,3,345312,31,43,28,5138,39,1,2016-12-15T04:31:03.000Z,st_petersburg,2016-12-15T00:00:00.000Z,50,Tug,St. Petersburg,1
59.88227,30.19493,0,0,88,3,SPB,RU,141,0,KAPITAN SOROKIN,3,345312,31,43,28,5138,39,1,2016-12-15T04:31:04.000Z,st_petersburg,2016-12-15T00:00:00.000Z,50,Tug,St. Petersburg,1
59.88227,30.19493,0,0,88,5,SPB,RU,141,0,KAPITAN SOROKIN,3,345312,31,43,28,5138,39,1,2016-12-15T04:33:03.000Z,st_petersburg,2016-12-15T00:00:00.000Z,50,Tug,St. Petersburg,1
59.88227,30.19493,0,0,88,5,SPB,RU,141,0,KAPITAN SOROKIN,3,345312,31,43,28,5138,39,1,2016-12-15T04:33:04.000Z,st_petersburg,2016-12-15T00:00:00.000Z,50,Tug,St. Petersburg,1
59.88227,30.19493,0,0,88,7,SPB,RU,141,0,KAPITAN SOROKIN,3,345312,31,43,28,5138,39,1,2016-12-15T04:35:03.000Z,st_petersburg,2016-12-15T00:00:00.000Z,50,Tug,St. Petersburg,1
59.88227,30.19493,0,0,88,7,SPB,RU,141,0,KAPITAN SOROKIN,3,345312,31,43,28,5138,39,1,2016-12-15T04:35:04.000Z,st_petersburg,2016-12-15T00:00:00.000Z,50,Tug,St. Petersburg,1
59.88227,30.19493,0,0,88,9,SPB,RU,141,0,KAPITAN SOROKIN,3,345312,31,43,28,5138,39,1,2016-12-15T04:37:04.000Z,st_petersburg,2016-12-15T00:00:00.000Z,50,Tug,St. Petersburg,1
59.88227,30.19493,0,0,88,9,SPB,RU,141,0,KAPITAN SOROKIN,3,345312,31,43,28,5138,39,1,2016-12-15T04:37:05.000Z,st_petersburg,2016-12-15T00:00:00.000Z,50,Tug,St. Petersburg,1
59.88225,30.19493,0,0,88,3,SPB,RU,141,0,KAPITAN SOROKIN,3,345312,31,43,28,5138,39,1,2016-12-15T04:39:03.000Z,st_petersburg,2016-12-15T00:00:00.000Z,50,Tug,St. Petersburg,1
59.88225,30.19493,0,0,88,3,SPB,RU,141,0,KAPITAN SOROKIN,3,345312,31,43,28,5138,39,1,2016-12-15T04:39:04.000Z,st_petersburg,2016-12-15T00:00:00.000Z,50,Tug,St. Petersburg,1
59.88225,30.19493,0,0,88,5,SPB,RU,141,0,KAPITAN SOROKIN,3,345312,31,43,28,5138,39,1,2016-12-15T04:41:03.000Z,st_petersburg,2016-12-15T00:00:00.000Z,50,Tug,St. Petersburg,1
59.88225,30.19493,0,0,88,5,SPB,RU,141,0,KAPITAN SOROKIN,3,345312,31,43,28,5138,39,1,2016-12-15T04:41:04.000Z,st_petersburg,2016-12-15T00:00:00.000Z,50,Tug,St. Petersburg,1
59.88225,30.19493,0,0,88,7,SPB,RU,141,0,KAPITAN SOROKIN,3,345312,31,43,28,5138,39,1,2016-12-15T04:43:03.000Z,st_petersburg,2016-12-15T00:00:00.000Z,50,Tug,St. Petersburg,1
59.88225,30.19493,0,0,88,6,SPB,RU,141,0,KAPITAN SOROKIN,3,345312,31,43,28,5138,39,1,2016-12-15T04:43:04.000Z,st_petersburg,2016-12-15T00:00:00.000Z,50,Tug,St. Petersburg,1
59.88225,30.19493,0,0,88,9,SPB,RU,141,0,KAPITAN SOROKIN,3,345312,31,43,28,5138,39,1,2016-12-15T04:45:03.000Z,st_petersburg,2016-12-15T00:00:00.000Z,50,Tug,St. Petersburg,1
59.88225,30.19493,0,0,88,9,SPB,RU,141,0,KAPITAN SOROKIN,3,345312,31,43,28,5138,39,1,2016-12-15T04:45:04.000Z,st_petersburg,2016-12-15T00:00:00.000Z,50,Tug,St. Petersburg,1
59.88227,30.19495,1,0,88,3,SPB,RU,141,0,KAPITAN SOROKIN,3,345312,31,43,28,5138,39,1,2016-12-15T04:47:04.000Z,st_petersburg,2016-12-15T00:00:00.000Z,50,Tug,St. Petersburg,1
59.88227,30.19495,1,0,88,3,SPB,RU,141,0,KAPITAN SOROKIN,3,345312,31,43,28,5138,39,1,2016-12-15T04:47:04.000Z,st_petersburg,2016-12-15T00:00:00.000Z,50,Tug,St. Petersburg,1
59.88225,30.19495,0,0,88,2,SPB,RU,141,0,KAPITAN SOROKIN,3,345312,31,43,28,5138,39,1,2016-12-15T04:49:04.000Z,st_petersburg,2016-12-15T00:00:00.000Z,50,Tug,St. Petersburg,1
59.88225,30.19495,0,0,88,2,SPB,RU,141,0,KAPITAN SOROKIN,3,345312,31,43,28,5138,39,1,2016-12-15T04:49:05.000Z,st_petersburg,2016-12-15T00:00:00.000Z,50,Tug,St. Petersburg,1
59.88225,30.19495,0,0,88,4,SPB,RU,141,0,KAPITAN SOROKIN,3,345312,31,43,28,5138,39,1,2016-12-15T04:51:04.000Z,st_petersburg,2016-12-15T00:00:00.000Z,50,Tug,St. Petersburg,1
59.88225,30.19495,0,0,88,4,SPB,RU,141,0,KAPITAN SOROKIN,3,345312,31,43,28,5138,39,1,2016-12-15T04:51:05.000Z,st_petersburg,2016-12-15T00:00:00.000Z,50,Tug,St. Petersburg,1
59.88225,30.19495,0,0,88,6,SPB,RU,141,0,KAPITAN SOROKIN,3,345312,31,43,28,5138,39,1,2016-12-15T04:53:04.000Z,st_petersburg,2016-12-15T00:00:00.000Z,50,Tug,St. Petersburg,1
59.88225,30.19495,0,0,88,4,SPB,RU,141,0,KAPITAN SOROKIN,3,345312,31,43,28,5138,39,1,2016-12-15T04:53:04.000Z,st_petersburg,2016-12-15T00:00:00.000Z,50,Tug,St. Petersburg,1
59.88225,30.19495,0,0,88,8,SPB,RU,141,0,KAPITAN SOROKIN,3,345312,31,43,28,5138,39,1,2016-12-15T04:55:04.000Z,st_petersburg,2016-12-15T00:00:00.000Z,50,Tug,St. Petersburg,1
59.88225,30.19495,0,0,88,8,SPB,RU,141,0,KAPITAN SOROKIN,3,345312,31,43,28,5138,39,1,2016-12-15T04:55:05.000Z,st_petersburg,2016-12-15T00:00:00.000Z,50,Tug,St. Petersburg,1
59.88227,30.19498,0,0,88,2,SPB,RU,141,0,KAPITAN SOROKIN,3,345312,31,43,28,5138,39,1,2016-12-15T04:57:04.000Z,st_petersburg,2016-12-15T00:00:00.000Z,50,Tug,St. Petersburg,1
59.88227,30.19498,0,0,88,2,SPB,RU,141,0,KAPITAN SOROKIN,3,345312,31,43,28,5138,39,1,2016-12-15T04:57:04.000Z,st_petersburg,2016-12-15T00:00:00.000Z,50,Tug,St. Petersburg,1
59.88227,30.19498,0,0,88,4,SPB,RU,141,0,KAPITAN SOROKIN,3,345312,31,43,28,5138,39,1,2016-12-15T04:59:03.000Z,st_petersburg,2016-12-15T00:00:00.000Z,50,Tug,St. Petersburg,1
59.88227,30.19498,0,0,88,4,SPB,RU,141,0,KAPITAN SOROKIN,3,345312,31,43,28,5138,39,1,2016-12-15T04:59:04.000Z,st_petersburg,2016-12-15T00:00:00.000Z,50,Tug,St. Petersburg,1
59.88227,30.19498,0,0,88,5,SPB,RU,141,0,KAPITAN SOROKIN,3,345312,31,43,28,5138,39,1,2016-12-15T05:01:03.000Z,st_petersburg,2016-12-15T00:00:00.000Z,50,Tug,St. Petersburg,1
59.88227,30.19498,0,0,88,6,SPB,RU,141,0,KAPITAN SOROKIN,3,345312,31,43,28,5138,39,1,2016-12-15T05:01:04.000Z,st_petersburg,2016-12-15T00:00:00.000Z,50,Tug,St. Petersburg,1
59.88227,30.19498,0,0,88,8,SPB,RU,141,0,KAPITAN SOROKIN,3,345312,31,43,28,5138,39,1,2016-12-15T05:03:03.000Z,st_petersburg,2016-12-15T00:00:00.000Z,50,Tug,St. Petersburg,1
59.88227,30.19498,0,0,88,8,SPB,RU,141,0,KAPITAN SOROKIN,3,345312,31,43,28,5138,39,1,2016-12-15T05:03:04.000Z,st_petersburg,2016-12-15T00:00:00.000Z,50,Tug,St. Petersburg,1
59.88225,30.19495,0,0,88,2,SPB,RU,141,0,KAPITAN SOROKIN,3,345312,31,43,28,5138,39,1,2016-12-15T05:05:04.000Z,st_petersburg,2016-12-15T00:00:00.000Z,50,Tug,St. Petersburg,1
59.88225,30.19495,0,0,88,2,SPB,RU,141,0,KAPITAN SOROKIN,3,345312,31,43,28,5138,39,1,2016-12-15T05:05:05.000Z,st_petersburg,2016-12-15T00:00:00.000Z,50,Tug,St. Petersburg,1
59.88225,30.19495,0,0,88,4,SPB,RU,141,0,KAPITAN SOROKIN,3,345312,31,43,28,5138,39,1,2016-12-15T05:07:04.000Z,st_petersburg,2016-12-15T00:00:00.000Z,50,Tug,St. Petersburg,1
59.88225,30.19495,0,0,88,4,SPB,RU,141,0,KAPITAN SOROKIN,3,345312,31,43,28,5138,39,1,2016-12-15T05:07:05.000Z,st_petersburg,2016-12-15T00:00:00.000Z,50,Tug,St. Petersburg,1
59.88227,30.19496,0,0,88,3,SPB,RU,141,0,KAPITAN SOROKIN,3,345312,31,43,28,5138,39,1,2016-12-15T05:09:03.000Z,st_petersburg,2016-12-15T00:00:00.000Z,50,Tug,St. Petersburg,1
59.88227,30.19496,0,0,88,2,SPB,RU,141,0,KAPITAN SOROKIN,3,345312,31,43,28,5138,39,1,2016-12-15T05:09:04.000Z,st_petersburg,2016-12-15T00:00:00.000Z,50,Tug,St. Petersburg,1
59.88225,30.19494,0,0,88,2,SPB,RU,141,0,KAPITAN SOROKIN,3,345312,31,43,28,5138,39,1,2016-12-15T05:11:03.000Z,st_petersburg,2016-12-15T00:00:00.000Z,50,Tug,St. Petersburg,1
59.88225,30.19494,0,0,88,2,SPB,RU,141,0,KAPITAN SOROKIN,3,345312,31,43,28,5138,39,1,2016-12-15T05:11:04.000Z,st_petersburg,2016-12-15T00:00:00.000Z,50,Tug,St. Petersburg,1
59.88225,30.19494,0,0,88,4,SPB,RU,141,0,KAPITAN SOROKIN,3,345312,31,43,28,5138,39,1,2016-12-15T05:13:03.000Z,st_petersburg,2016-12-15T00:00:00.000Z,50,Tug,St. Petersburg,1
59.88225,30.19494,0,0,88,4,SPB,RU,141,0,KAPITAN SOROKIN,3,345312,31,43,28,5138,39,1,2016-12-15T05:13:04.000Z,st_petersburg,2016-12-15T00:00:00.000Z,50,Tug,St. Petersburg,1
59.88226,30.19495,0,0,88,3,SPB,RU,141,0,KAPITAN SOROKIN,3,345312,31,43,28,5138,39,1,2016-12-15T05:15:03.000Z,st_petersburg,2016-12-15T00:00:00.000Z,50,Tug,St. Petersburg,1
59.88226,30.19495,0,0,88,3,SPB,RU,141,0,KAPITAN SOROKIN,3,345312,31,43,28,5138,39,1,2016-12-15T05:15:04.000Z,st_petersburg,2016-12-15T00:00:00.000Z,50,Tug,St. Petersburg,1
59.88224,30.19495,0,0,88,2,SPB,RU,141,0,KAPITAN SOROKIN,3,345312,31,43,28,5138,39,1,2016-12-15T05:17:04.000Z,st_petersburg,2016-12-15T00:00:00.000Z,50,Tug,St. Petersburg,1
59.88224,30.19495,0,0,88,2,SPB,RU,141,0,KAPITAN SOROKIN,3,345312,31,43,28,5138,39,1,2016-12-15T05:17:05.000Z,st_petersburg,2016-12-15T00:00:00.000Z,50,Tug,St. Petersburg,1
59.88224,30.19495,0,0,88,4,SPB,RU,141,0,KAPITAN SOROKIN,3,345312,31,43,28,5138,39,1,2016-12-15T05:19:03.000Z,st_petersburg,2016-12-15T00:00:00.000Z,50,Tug,St. Petersburg,1
59.88224,30.19495,0,0,88,4,SPB,RU,141,0,KAPITAN SOROKIN,3,345312,31,43,28,5138,39,1,2016-12-15T05:19:04.000Z,st_petersburg,2016-12-15T00:00:00.000Z,50,Tug,St. Petersburg,1
59.88224,30.19491,0,0,88,3,SPB,RU,141,0,KAPITAN SOROKIN,3,345312,31,43,28,5138,39,1,2016-12-15T05:21:04.000Z,st_petersburg,2016-12-15T00:00:00.000Z,50,Tug,St. Petersburg,1
59.88224,30.19491,0,0,88,1,SPB,RU,141,0,KAPITAN SOROKIN,3,345312,31,43,28,5138,39,1,2016-12-15T05:21:04.000Z,st_petersburg,2016-12-15T00:00:00.000Z,50,Tug,St. Petersburg,1
59.88227,30.19494,0,0,88,2,SPB,RU,141,0,KAPITAN SOROKIN,3,345312,31,43,28,5138,39,1,2016-12-15T05:23:04.000Z,st_petersburg,2016-12-15T00:00:00.000Z,50,Tug,St. Petersburg,1
59.88227,30.19494,0,0,88,2,SPB,RU,141,0,KAPITAN SOROKIN,3,345312,31,43,28,5138,39,1,2016-12-15T05:23:05.000Z,st_petersburg,2016-12-15T00:00:00.000Z,50,Tug,St. Petersburg,1
59.88227,30.19494,0,0,88,4,SPB,RU,141,0,KAPITAN SOROKIN,3,345312,31,43,28,5138,39,1,2016-12-15T05:25:03.000Z,st_petersburg,2016-12-15T00:00:00.000Z,50,Tug,St. Petersburg,1
59.88227,30.19494,0,0,88,4,SPB,RU,141,0,KAPITAN SOROKIN,3,345312,31,43,28,5138,39,1,2016-12-15T05:25:04.000Z,st_petersburg,2016-12-15T00:00:00.000Z,50,Tug,St. Petersburg,1
59.88221,30.19495,0,0,88,2,SPB,RU,141,0,KAPITAN SOROKIN,3,345312,31,43,28,5138,39,1,2016-12-15T05:27:03.000Z,st_petersburg,2016-12-15T00:00:00.000Z,50,Tug,St. Petersburg,1
59.88221,30.19495,0,0,88,1,SPB,RU,141,0,KAPITAN SOROKIN,3,345312,31,43,28,5138,39,1,2016-12-15T05:27:04.000Z,st_petersburg,2016-12-15T00:00:00.000Z,50,Tug,St. Petersburg,1
59.88221,30.19495,0,0,88,4,SPB,RU,141,0,KAPITAN SOROKIN,3,345312,31,43,28,5138,39,1,2016-12-15T05:29:03.000Z,st_petersburg,2016-12-15T00:00:00.000Z,50,Tug,St. Petersburg,1
59.88221,30.19495,0,0,88,3,SPB,RU,141,0,KAPITAN SOROKIN,3,345312,31,43,28,5138,39,1,2016-12-15T05:29:04.000Z,st_petersburg,2016-12-15T00:00:00.000Z,50,Tug,St. Petersburg,1
59.88221,30.19495,0,0,88,6,SPB,RU,141,0,KAPITAN SOROKIN,3,345312,31,43,28,5138,39,1,2016-12-15T05:31:03.000Z,st_petersburg,2016-12-15T00:00:00.000Z,50,Tug,St. Petersburg,1
59.88221,30.19495,0,0,88,6,SPB,RU,141,0,KAPITAN SOROKIN,3,345312,31,43,28,5138,39,1,2016-12-15T05:31:04.000Z,st_petersburg,2016-12-15T00:00:00.000Z,50,Tug,St. Petersburg,1
59.88221,30.19495,0,0,88,8,SPB,RU,141,0,KAPITAN SOROKIN,3,345312,31,43,28,5138,39,1,2016-12-15T05:33:03.000Z,st_petersburg,2016-12-15T00:00:00.000Z,50,Tug,St. Petersburg,1
59.88221,30.19495,0,0,88,7,SPB,RU,141,0,KAPITAN SOROKIN,3,345312,31,43,28,5138,39,1,2016-12-15T05:33:04.000Z,st_petersburg,2016-12-15T00:00:00.000Z,50,Tug,St. Petersburg,1
59.88225,30.19495,0,0,88,2,SPB,RU,141,0,KAPITAN SOROKIN,3,345312,31,43,28,5138,39,1,2016-12-15T05:35:04.000Z,st_petersburg,2016-12-15T00:00:00.000Z,50,Tug,St. Petersburg,1
59.88221,30.19495,0,0,88,8,SPB,RU,141,0,KAPITAN SOROKIN,3,345312,31,43,28,5138,39,1,2016-12-15T05:35:05.000Z,st_petersburg,2016-12-15T00:00:00.000Z,50,Tug,St. Petersburg,1
59.88225,30.19495,0,0,88,2,SPB,RU,141,0,KAPITAN SOROKIN,3,345312,31,43,28,5138,39,1,2016-12-15T05:37:03.000Z,st_petersburg,2016-12-15T00:00:00.000Z,50,Tug,St. Petersburg,1
59.88225,30.19495,0,0,88,4,SPB,RU,141,0,KAPITAN SOROKIN,3,345312,31,43,28,5138,39,1,2016-12-15T05:37:04.000Z,st_petersburg,2016-12-15T00:00:00.000Z,50,Tug,St. Petersburg,1
59.88228,30.19496,0,0,88,3,SPB,RU,141,0,KAPITAN SOROKIN,3,345312,31,43,28,5138,39,1,2016-12-15T05:39:04.000Z,st_petersburg,2016-12-15T00:00:00.000Z,50,Tug,St. Petersburg,1
59.88228,30.19496,0,0,88,2,SPB,RU,141,0,KAPITAN SOROKIN,3,345312,31,43,28,5138,39,1,2016-12-15T05:39:05.000Z,st_petersburg,2016-12-15T00:00:00.000Z,50,Tug,St. Petersburg,1
59.88227,30.19494,0,0,88,2,SPB,RU,141,0,KAPITAN SOROKIN,3,345312,31,43,28,5138,39,1,2016-12-15T05:41:03.000Z,st_petersburg,2016-12-15T00:00:00.000Z,50,Tug,St. Petersburg,1
59.88227,30.19494,0,0,88,2,SPB,RU,141,0,KAPITAN SOROKIN,3,345312,31,43,28,5138,39,1,2016-12-15T05:41:04.000Z,st_petersburg,2016-12-15T00:00:00.000Z,50,Tug,St. Petersburg,1
59.88227,30.19494,0,0,88,4,SPB,RU,141,0,KAPITAN SOROKIN,3,345312,31,43,28,5138,39,1,2016-12-15T05:43:03.000Z,st_petersburg,2016-12-15T00:00:00.000Z,50,Tug,St. Petersburg,1
59.88227,30.19494,0,0,88,4,SPB,RU,141,0,KAPITAN SOROKIN,3,345312,31,43,28,5138,39,1,2016-12-15T05:43:04.000Z,st_petersburg,2016-12-15T00:00:00.000Z,50,Tug,St. Petersburg,1
59.88223,30.19491,0,0,88,3,SPB,RU,141,0,KAPITAN SOROKIN,3,345312,31,43,28,5138,39,1,2016-12-15T05:45:04.000Z,st_petersburg,2016-12-15T00:00:00.000Z,50,Tug,St. Petersburg,1
59.88223,30.19491,0,0,88,3,SPB,RU,141,0,KAPITAN SOROKIN,3,345312,31,43,28,5138,39,1,2016-12-15T05:45:05.000Z,st_petersburg,2016-12-15T00:00:00.000Z,50,Tug,St. Petersburg,1
59.88227,30.19496,0,0,88,2,SPB,RU,141,0,KAPITAN SOROKIN,3,345312,31,43,28,5138,39,1,2016-12-15T05:47:04.000Z,st_petersburg,2016-12-15T00:00:00.000Z,50,Tug,St. Petersburg,1
59.88223,30.19491,0,0,88,4,SPB,RU,141,0,KAPITAN SOROKIN,3,345312,31,43,28,5138,39,1,2016-12-15T05:47:05.000Z,st_petersburg,2016-12-15T00:00:00.000Z,50,Tug,St. Petersburg,1
59.88227,30.19496,0,0,88,4,SPB,RU,141,0,KAPITAN SOROKIN,3,345312,31,43,28,5138,39,1,2016-12-15T05:49:03.000Z,st_petersburg,2016-12-15T00:00:00.000Z,50,Tug,St. Petersburg,1
59.88227,30.19496,0,0,88,4,SPB,RU,141,0,KAPITAN SOROKIN,3,345312,31,43,28,5138,39,1,2016-12-15T05:49:04.000Z,st_petersburg,2016-12-15T00:00:00.000Z,50,Tug,St. Petersburg,1
59.88224,30.19496,0,0,88,3,SPB,RU,141,0,KAPITAN SOROKIN,3,345312,31,43,28,5138,39,1,2016-12-15T05:51:03.000Z,st_petersburg,2016-12-15T00:00:00.000Z,50,Tug,St. Petersburg,1
59.88224,30.19496,0,0,88,3,SPB,RU,141,0,KAPITAN SOROKIN,3,345312,31,43,28,5138,39,1,2016-12-15T05:51:04.000Z,st_petersburg,2016-12-15T00:00:00.000Z,50,Tug,St. Petersburg,1
59.88223,30.19495,0,0,88,2,SPB,RU,141,0,KAPITAN SOROKIN,3,345312,31,43,28,5138,39,1,2016-12-15T05:53:05.000Z,st_petersburg,2016-12-15T00:00:00.000Z,50,Tug,St. Petersburg,1
59.88223,30.19495,0,0,88,2,SPB,RU,141,0,KAPITAN SOROKIN,3,345312,31,43,28,5138,39,1,2016-12-15T05:53:06.000Z,st_petersburg,2016-12-15T00:00:00.000Z,50,Tug,St. Petersburg,1
59.88223,30.19495,0,0,88,4,SPB,RU,141,0,KAPITAN SOROKIN,3,345312,31,43,28,5138,39,1,2016-12-15T05:55:03.000Z,st_petersburg,2016-12-15T00:00:00.000Z,50,Tug,St. Petersburg,1
59.88223,30.19495,0,0,88,2,SPB,RU,141,0,KAPITAN SOROKIN,3,345312,31,43,28,5138,39,1,2016-12-15T05:55:04.000Z,st_petersburg,2016-12-15T00:00:00.000Z,50,Tug,St. Petersburg,1
59.88226,30.19495,0,0,88,3,SPB,RU,141,0,KAPITAN SOROKIN,3,345312,31,43,28,5138,39,1,2016-12-15T05:57:03.000Z,st_petersburg,2016-12-15T00:00:00.000Z,50,Tug,St. Petersburg,1
59.88226,30.19495,0,0,88,2,SPB,RU,141,0,KAPITAN SOROKIN,3,345312,31,43,28,5138,39,1,2016-12-15T05:57:04.000Z,st_petersburg,2016-12-15T00:00:00.000Z,50,Tug,St. Petersburg,1
59.88228,30.19494,0,0,88,2,SPB,RU,141,0,KAPITAN SOROKIN,3,345312,31,43,28,5138,39,1,2016-12-15T05:59:03.000Z,st_petersburg,2016-12-15T00:00:00.000Z,50,Tug,St. Petersburg,1
59.88226,30.19495,0,0,88,4,SPB,RU,141,0,KAPITAN SOROKIN,3,345312,31,43,28,5138,39,1,2016-12-15T05:59:04.000Z,st_petersburg,2016-12-15T00:00:00.000Z,50,Tug,St. Petersburg,1
59.88228,30.19494,0,0,88,4,SPB,RU,141,0,KAPITAN SOROKIN,3,345312,31,43,28,5138,39,1,2016-12-15T06:01:04.000Z,st_petersburg,2016-12-15T00:00:00.000Z,50,Tug,St. Petersburg,1
59.88228,30.19494,0,0,88,4,SPB,RU,141,0,KAPITAN SOROKIN,3,345312,31,43,28,5138,39,1,2016-12-15T06:01:05.000Z,st_petersburg,2016-12-15T00:00:00.000Z,50,Tug,St. Petersburg,1
59.88225,30.19499,0,0,88,3,SPB,RU,141,0,KAPITAN SOROKIN,3,345312,31,43,28,5138,39,1,2016-12-15T06:03:04.000Z,st_petersburg,2016-12-15T00:00:00.000Z,50,Tug,St. Petersburg,1
59.88225,30.19499,0,0,88,3,SPB,RU,141,0,KAPITAN SOROKIN,3,345312,31,43,28,5138,39,1,2016-12-15T06:03:05.000Z,st_petersburg,2016-12-15T00:00:00.000Z,50,Tug,St. Petersburg,1
59.88225,30.19495,0,0,88,2,SPB,RU,141,0,KAPITAN SOROKIN,3,345312,31,43,28,5138,39,1,2016-12-15T06:05:04.000Z,st_petersburg,2016-12-15T00:00:00.000Z,50,Tug,St. Petersburg,1
59.88225,30.19495,0,0,88,1,SPB,RU,141,0,KAPITAN SOROKIN,3,345312,31,43,28,5138,39,1,2016-12-15T06:05:05.000Z,st_petersburg,2016-12-15T00:00:00.000Z,50,Tug,St. Petersburg,1
59.88225,30.19495,0,0,88,4,SPB,RU,141,0,KAPITAN SOROKIN,3,345312,31,43,28,5138,39,1,2016-12-15T06:07:03.000Z,st_petersburg,2016-12-15T00:00:00.000Z,50,Tug,St. Petersburg,1
59.88225,30.19495,0,0,88,2,SPB,RU,141,0,KAPITAN SOROKIN,3,345312,31,43,28,5138,39,1,2016-12-15T06:07:05.000Z,st_petersburg,2016-12-15T00:00:00.000Z,50,Tug,St. Petersburg,1
59.88229,30.19491,0,0,88,3,SPB,RU,141,0,KAPITAN SOROKIN,3,345312,31,43,28,5138,39,1,2016-12-15T06:09:03.000Z,st_petersburg,2016-12-15T00:00:00.000Z,50,Tug,St. Petersburg,1
59.88229,30.19491,0,0,88,3,SPB,RU,141,0,KAPITAN SOROKIN,3,345312,31,43,28,5138,39,1,2016-12-15T06:09:04.000Z,st_petersburg,2016-12-15T00:00:00.000Z,50,Tug,St. Petersburg,1
59.88223,30.19491,0,0,88,2,SPB,RU,141,0,KAPITAN SOROKIN,3,345312,31,43,28,5138,39,1,2016-12-15T06:11:04.000Z,st_petersburg,2016-12-15T00:00:00.000Z,50,Tug,St. Petersburg,1
59.88223,30.19491,0,0,88,2,SPB,RU,141,0,KAPITAN SOROKIN,3,345312,31,43,28,5138,39,1,2016-12-15T06:11:05.000Z,st_petersburg,2016-12-15T00:00:00.000Z,50,Tug,St. Petersburg,1
59.88223,30.19491,0,0,88,4,SPB,RU,141,0,KAPITAN SOROKIN,3,345312,31,43,28,5138,39,1,2016-12-15T06:13:04.000Z,st_petersburg,2016-12-15T00:00:00.000Z,50,Tug,St. Petersburg,1
59.88223,30.19491,0,0,88,4,SPB,RU,141,0,KAPITAN SOROKIN,3,345312,31,43,28,5138,39,1,2016-12-15T06:13:05.000Z,st_petersburg,2016-12-15T00:00:00.000Z,50,Tug,St. Petersburg,1
59.88225,30.19494,0,0,88,3,SPB,RU,141,0,KAPITAN SOROKIN,3,345312,31,43,28,5138,39,1,2016-12-15T06:15:03.000Z,st_petersburg,2016-12-15T00:00:00.000Z,50,Tug,St. Petersburg,1
59.88225,30.19494,0,0,88,2,SPB,RU,141,0,KAPITAN SOROKIN,3,345312,31,43,28,5138,39,1,2016-12-15T06:15:04.000Z,st_petersburg,2016-12-15T00:00:00.000Z,50,Tug,St. Petersburg,1
59.88225,30.19494,0,0,88,5,SPB,RU,141,0,KAPITAN SOROKIN,3,345312,31,43,28,5138,39,1,2016-12-15T06:17:04.000Z,st_petersburg,2016-12-15T00:00:00.000Z,50,Tug,St. Petersburg,1
59.88225,30.19494,0,0,88,5,SPB,RU,141,0,KAPITAN SOROKIN,3,345312,31,43,28,5138,39,1,2016-12-15T06:17:05.000Z,st_petersburg,2016-12-15T00:00:00.000Z,50,Tug,St. Petersburg,1
59.88225,30.19494,0,0,88,7,SPB,RU,141,0,KAPITAN SOROKIN,3,345312,31,43,28,5138,39,1,2016-12-15T06:19:03.000Z,st_petersburg,2016-12-15T00:00:00.000Z,50,Tug,St. Petersburg,1
59.88225,30.19494,0,0,88,5,SPB,RU,141,0,KAPITAN SOROKIN,3,345312,31,43,28,5138,39,1,2016-12-15T06:19:04.000Z,st_petersburg,2016-12-15T00:00:00.000Z,50,Tug,St. Petersburg,1
59.88225,30.19494,0,0,88,9,SPB,RU,141,0,KAPITAN SOROKIN,3,345312,31,43,28,5138,39,1,2016-12-15T06:21:04.000Z,st_petersburg,2016-12-15T00:00:00.000Z,50,Tug,St. Petersburg,1
59.88225,30.19494,0,0,88,9,SPB,RU,141,0,KAPITAN SOROKIN,3,345312,31,43,28,5138,39,1,2016-12-15T06:21:05.000Z,st_petersburg,2016-12-15T00:00:00.000Z,50,Tug,St. Petersburg,1
59.88225,30.19494,0,0,88,9,SPB,RU,141,0,KAPITAN SOROKIN,3,345312,31,43,28,5138,39,1,2016-12-15T06:23:03.000Z,st_petersburg,2016-12-15T00:00:00.000Z,50,Tug,St. Petersburg,1
59.88228,30.19492,0,0,88,3,SPB,RU,141,0,KAPITAN SOROKIN,3,345312,31,43,28,5138,39,1,2016-12-15T06:23:04.000Z,st_petersburg,2016-12-15T00:00:00.000Z,50,Tug,St. Petersburg,1
59.88224,30.19493,0,0,88,2,SPB,RU,141,0,KAPITAN SOROKIN,3,345312,31,43,28,5138,39,1,2016-12-15T06:25:05.000Z,st_petersburg,2016-12-15T00:00:00.000Z,50,Tug,St. Petersburg,1
59.88224,30.19493,0,0,88,2,SPB,RU,141,0,KAPITAN SOROKIN,3,345312,31,43,28,5138,39,1,2016-12-15T06:25:06.000Z,st_petersburg,2016-12-15T00:00:00.000Z,50,Tug,St. Petersburg,1
59.88224,30.19493,0,0,88,4,SPB,RU,141,0,KAPITAN SOROKIN,3,345312,31,43,28,5138,39,1,2016-12-15T06:27:04.000Z,st_petersburg,2016-12-15T00:00:00.000Z,50,Tug,St. Petersburg,1
59.88224,30.19493,0,0,88,2,SPB,RU,141,0,KAPITAN SOROKIN,3,345312,31,43,28,5138,39,1,2016-12-15T06:27:05.000Z,st_petersburg,2016-12-15T00:00:00.000Z,50,Tug,St. Petersburg,1
59.88225,30.19495,0,0,88,3,SPB,RU,141,0,KAPITAN SOROKIN,3,345312,31,43,28,5138,39,1,2016-12-15T06:29:03.000Z,st_petersburg,2016-12-15T00:00:00.000Z,50,Tug,St. Petersburg,1
59.88225,30.19495,0,0,88,3,SPB,RU,141,0,KAPITAN SOROKIN,3,345312,31,43,28,5138,39,1,2016-12-15T06:29:04.000Z,st_petersburg,2016-12-15T00:00:00.000Z,50,Tug,St. Petersburg,1
59.88225,30.19491,0,0,88,2,SPB,RU,141,0,KAPITAN SOROKIN,3,345312,31,43,28,5138,39,1,2016-12-15T06:31:03.000Z,st_petersburg,2016-12-15T00:00:00.000Z,50,Tug,St. Petersburg,1
59.88225,30.19491,0,0,88,2,SPB,RU,141,0,KAPITAN SOROKIN,3,345312,31,43,28,5138,39,1,2016-12-15T06:31:04.000Z,st_petersburg,2016-12-15T00:00:00.000Z,50,Tug,St. Petersburg,1
59.88225,30.19491,0,0,88,4,SPB,RU,141,0,KAPITAN SOROKIN,3,345312,31,43,28,5138,39,1,2016-12-15T06:33:03.000Z,st_petersburg,2016-12-15T00:00:00.000Z,50,Tug,St. Petersburg,1
59.88225,30.19491,0,0,88,4,SPB,RU,141,0,KAPITAN SOROKIN,3,345312,31,43,28,5138,39,1,2016-12-15T06:33:04.000Z,st_petersburg,2016-12-15T00:00:00.000Z,50,Tug,St. Petersburg,1
59.88226,30.19495,0,0,88,3,SPB,RU,141,0,KAPITAN SOROKIN,3,345312,31,43,28,5138,39,1,2016-12-15T06:35:04.000Z,st_petersburg,2016-12-15T00:00:00.000Z,50,Tug,St. Petersburg,1
59.88226,30.19495,0,0,88,3,SPB,RU,141,0,KAPITAN SOROKIN,3,345312,31,43,28,5138,39,1,2016-12-15T06:35:05.000Z,st_petersburg,2016-12-15T00:00:00.000Z,50,Tug,St. Petersburg,1
59.88225,30.19494,0,0,88,2,SPB,RU,141,0,KAPITAN SOROKIN,3,345312,31,43,28,5138,39,1,2016-12-15T06:37:04.000Z,st_petersburg,2016-12-15T00:00:00.000Z,50,Tug,St. Petersburg,1
59.88225,30.19494,0,0,88,2,SPB,RU,141,0,KAPITAN SOROKIN,3,345312,31,43,28,5138,39,1,2016-12-15T06:37:05.000Z,st_petersburg,2016-12-15T00:00:00.000Z,50,Tug,St. Petersburg,1
59.88225,30.19494,0,0,88,4,SPB,RU,141,0,KAPITAN SOROKIN,3,345312,31,43,28,5138,39,1,2016-12-15T06:39:03.000Z,st_petersburg,2016-12-15T00:00:00.000Z,50,Tug,St. Petersburg,1
59.88225,30.19494,0,0,88,4,SPB,RU,141,0,KAPITAN SOROKIN,3,345312,31,43,28,5138,39,1,2016-12-15T06:39:04.000Z,st_petersburg,2016-12-15T00:00:00.000Z,50,Tug,St. Petersburg,1
59.88225,30.19495,0,0,88,3,SPB,RU,141,0,KAPITAN SOROKIN,3,345312,31,43,28,5138,39,1,2016-12-15T06:41:03.000Z,st_petersburg,2016-12-15T00:00:00.000Z,50,Tug,St. Petersburg,1
59.88225,30.19495,0,0,88,3,SPB,RU,141,0,KAPITAN SOROKIN,3,345312,31,43,28,5138,39,1,2016-12-15T06:41:04.000Z,st_petersburg,2016-12-15T00:00:00.000Z,50,Tug,St. Petersburg,1
59.88227,30.19493,0,0,88,2,SPB,RU,141,0,KAPITAN SOROKIN,3,345312,31,43,28,5138,39,1,2016-12-15T06:43:03.000Z,st_petersburg,2016-12-15T00:00:00.000Z,50,Tug,St. Petersburg,1
59.88225,30.19495,0,0,88,3,SPB,RU,141,0,KAPITAN SOROKIN,3,345312,31,43,28,5138,39,1,2016-12-15T06:43:04.000Z,st_petersburg,2016-12-15T00:00:00.000Z,50,Tug,St. Petersburg,1
59.88227,30.19493,0,0,88,4,SPB,RU,141,0,KAPITAN SOROKIN,3,345312,31,43,28,5138,39,1,2016-12-15T06:45:03.000Z,st_petersburg,2016-12-15T00:00:00.000Z,50,Tug,St. Petersburg,1
59.88227,30.19493,0,0,88,2,SPB,RU,141,0,KAPITAN SOROKIN,3,345312,31,43,28,5138,39,1,2016-12-15T06:45:04.000Z,st_petersburg,2016-12-15T00:00:00.000Z,50,Tug,St. Petersburg,1
59.88225,30.19493,0,0,88,3,SPB,RU,141,0,KAPITAN SOROKIN,3,345312,31,43,28,5138,39,1,2016-12-15T06:47:03.000Z,st_petersburg,2016-12-15T00:00:00.000Z,50,Tug,St. Petersburg,1
59.88225,30.19493,0,0,88,2,SPB,RU,141,0,KAPITAN SOROKIN,3,345312,31,43,28,5138,39,1,2016-12-15T06:47:04.000Z,st_petersburg,2016-12-15T00:00:00.000Z,50,Tug,St. Petersburg,1
59.88225,30.19495,0,0,88,2,SPB,RU,141,0,KAPITAN SOROKIN,3,345312,31,43,28,5138,39,1,2016-12-15T06:49:04.000Z,st_petersburg,2016-12-15T00:00:00.000Z,50,Tug,St. Petersburg,1
59.88225,30.19495,0,0,88,2,SPB,RU,141,0,KAPITAN SOROKIN,3,345312,31,43,28,5138,39,1,2016-12-15T06:49:05.000Z,st_petersburg,2016-12-15T00:00:00.000Z,50,Tug,St. Petersburg,1
59.88225,30.19495,0,0,88,4,SPB,RU,141,0,KAPITAN SOROKIN,3,345312,31,43,28,5138,39,1,2016-12-15T06:51:03.000Z,st_petersburg,2016-12-15T00:00:00.000Z,50,Tug,St. Petersburg,1
59.88225,30.19495,0,0,88,4,SPB,RU,141,0,KAPITAN SOROKIN,3,345312,31,43,28,5138,39,1,2016-12-15T06:51:04.000Z,st_petersburg,2016-12-15T00:00:00.000Z,50,Tug,St. Petersburg,1
59.88228,30.19491,0,0,88,3,SPB,RU,141,0,KAPITAN SOROKIN,3,345312,31,43,28,5138,39,1,2016-12-15T06:53:04.000Z,st_petersburg,2016-12-15T00:00:00.000Z,50,Tug,St. Petersburg,1
59.88228,30.19491,0,0,88,3,SPB,RU,141,0,KAPITAN SOROKIN,3,345312,31,43,28,5138,39,1,2016-12-15T06:53:05.000Z,st_petersburg,2016-12-15T00:00:00.000Z,50,Tug,St. Petersburg,1
59.88225,30.19494,0,0,88,2,SPB,RU,141,0,KAPITAN SOROKIN,3,345312,31,43,28,5138,39,1,2016-12-15T06:55:03.000Z,st_petersburg,2016-12-15T00:00:00.000Z,50,Tug,St. Petersburg,1
59.88225,30.19494,0,0,88,2,SPB,RU,141,0,KAPITAN SOROKIN,3,345312,31,43,28,5138,39,1,2016-12-15T06:55:05.000Z,st_petersburg,2016-12-15T00:00:00.000Z,50,Tug,St. Petersburg,1
59.88225,30.19494,0,0,88,4,SPB,RU,141,0,KAPITAN SOROKIN,3,345312,31,43,28,5138,39,1,2016-12-15T06:57:04.000Z,st_petersburg,2016-12-15T00:00:00.000Z,50,Tug,St. Petersburg,1
59.88225,30.19494,0,0,88,3,SPB,RU,141,0,KAPITAN SOROKIN,3,345312,31,43,28,5138,39,1,2016-12-15T06:57:04.000Z,st_petersburg,2016-12-15T00:00:00.000Z,50,Tug,St. Petersburg,1
59.88225,30.19494,0,0,88,6,SPB,RU,141,0,KAPITAN SOROKIN,3,345312,31,43,28,5138,39,1,2016-12-15T06:59:03.000Z,st_petersburg,2016-12-15T00:00:00.000Z,50,Tug,St. Petersburg,1
59.88225,30.19494,0,0,88,6,SPB,RU,141,0,KAPITAN SOROKIN,3,345312,31,43,28,5138,39,1,2016-12-15T06:59:04.000Z,st_petersburg,2016-12-15T00:00:00.000Z,50,Tug,St. Petersburg,1
59.88225,30.19494,0,0,88,8,SPB,RU,141,0,KAPITAN SOROKIN,3,345312,31,43,28,5138,39,1,2016-12-15T07:01:03.000Z,st_petersburg,2016-12-15T00:00:00.000Z,50,Tug,St. Petersburg,1
59.88225,30.19494,0,0,88,8,SPB,RU,141,0,KAPITAN SOROKIN,3,345312,31,43,28,5138,39,1,2016-12-15T07:01:04.000Z,st_petersburg,2016-12-15T00:00:00.000Z,50,Tug,St. Petersburg,1
59.88228,30.19492,0,0,88,2,SPB,RU,141,0,KAPITAN SOROKIN,3,345312,31,43,28,5138,39,1,2016-12-15T07:03:03.000Z,st_petersburg,2016-12-15T00:00:00.000Z,50,Tug,St. Petersburg,1
59.88228,30.19492,0,0,88,2,SPB,RU,141,0,KAPITAN SOROKIN,3,345312,31,43,28,5138,39,1,2016-12-15T07:03:04.000Z,st_petersburg,2016-12-15T00:00:00.000Z,50,Tug,St. Petersburg,1
59.88228,30.19492,0,0,88,4,SPB,RU,141,0,KAPITAN SOROKIN,3,345312,31,43,28,5138,39,1,2016-12-15T07:05:03.000Z,st_petersburg,2016-12-15T00:00:00.000Z,50,Tug,St. Petersburg,1
59.88228,30.19492,0,0,88,2,SPB,RU,141,0,KAPITAN SOROKIN,3,345312,31,43,28,5138,39,1,2016-12-15T07:05:04.000Z,st_petersburg,2016-12-15T00:00:00.000Z,50,Tug,St. Petersburg,1
59.88224,30.19494,0,0,88,3,SPB,RU,141,0,KAPITAN SOROKIN,3,345312,31,43,28,5138,39,1,2016-12-15T07:07:03.000Z,st_petersburg,2016-12-15T00:00:00.000Z,50,Tug,St. Petersburg,1
59.88224,30.19494,0,0,88,1,SPB,RU,141,0,KAPITAN SOROKIN,3,345312,31,43,28,5138,39,1,2016-12-15T07:07:04.000Z,st_petersburg,2016-12-15T00:00:00.000Z,50,Tug,St. Petersburg,1
59.88224,30.19494,0,0,88,5,SPB,RU,141,0,KAPITAN SOROKIN,3,345312,31,43,28,5138,39,1,2016-12-15T07:09:04.000Z,st_petersburg,2016-12-15T00:00:00.000Z,50,Tug,St. Petersburg,1
59.88224,30.19494,0,0,88,4,SPB,RU,141,0,KAPITAN SOROKIN,3,345312,31,43,28,5138,39,1,2016-12-15T07:09:05.000Z,st_petersburg,2016-12-15T00:00:00.000Z,50,Tug,St. Petersburg,1
59.88225,30.19494,0,0,88,3,SPB,RU,141,0,KAPITAN SOROKIN,3,345312,31,43,28,5138,39,1,2016-12-15T07:11:04.000Z,st_petersburg,2016-12-15T00:00:00.000Z,50,Tug,St. Petersburg,1
59.88225,30.19494,0,0,88,2,SPB,RU,141,0,KAPITAN SOROKIN,3,345312,31,43,28,5138,39,1,2016-12-15T07:11:05.000Z,st_petersburg,2016-12-15T00:00:00.000Z,50,Tug,St. Petersburg,1
59.88227,30.19496,0,0,88,2,SPB,RU,141,0,KAPITAN SOROKIN,3,345312,31,43,28,5138,39,1,2016-12-15T07:13:03.000Z,st_petersburg,2016-12-15T00:00:00.000Z,50,Tug,St. Petersburg,1
59.88227,30.19496,0,0,88,2,SPB,RU,141,0,KAPITAN SOROKIN,3,345312,31,43,28,5138,39,1,2016-12-15T07:13:04.000Z,st_petersburg,2016-12-15T00:00:00.000Z,50,Tug,St. Petersburg,1
59.88227,30.19496,0,0,88,4,SPB,RU,141,0,KAPITAN SOROKIN,3,345312,31,43,28,5138,39,1,2016-12-15T07:15:04.000Z,st_petersburg,2016-12-15T00:00:00.000Z,50,Tug,St. Petersburg,1
59.88227,30.19496,0,0,88,4,SPB,RU,141,0,KAPITAN SOROKIN,3,345312,31,43,28,5138,39,1,2016-12-15T07:15:05.000Z,st_petersburg,2016-12-15T00:00:00.000Z,50,Tug,St. Petersburg,1
59.88225,30.19492,0,0,88,3,SPB,RU,141,0,KAPITAN SOROKIN,3,345312,31,43,28,5138,39,1,2016-12-15T07:17:03.000Z,st_petersburg,2016-12-15T00:00:00.000Z,50,Tug,St. Petersburg,1
59.88225,30.19492,0,0,88,3,SPB,RU,141,0,KAPITAN SOROKIN,3,345312,31,43,28,5138,39,1,2016-12-15T07:17:04.000Z,st_petersburg,2016-12-15T00:00:00.000Z,50,Tug,St. Petersburg,1
59.88223,30.19493,0,0,88,2,SPB,RU,141,0,KAPITAN SOROKIN,3,345312,31,43,28,5138,39,1,2016-12-15T07:19:03.000Z,st_petersburg,2016-12-15T00:00:00.000Z,50,Tug,St. Petersburg,1
59.88225,30.19492,0,0,88,4,SPB,RU,141,0,KAPITAN SOROKIN,3,345312,31,43,28,5138,39,1,2016-12-15T07:19:04.000Z,st_petersburg,2016-12-15T00:00:00.000Z,50,Tug,St. Petersburg,1
59.88223,30.19493,0,0,88,4,SPB,RU,141,0,KAPITAN SOROKIN,3,345312,31,43,28,5138,39,1,2016-12-15T07:21:04.000Z,st_petersburg,2016-12-15T00:00:00.000Z,50,Tug,St. Petersburg,1
59.88223,30.19493,0,0,88,4,SPB,RU,141,0,KAPITAN SOROKIN,3,345312,31,43,28,5138,39,1,2016-12-15T07:21:04.000Z,st_petersburg,2016-12-15T00:00:00.000Z,50,Tug,St. Petersburg,1
59.88223,30.19493,0,0,88,6,SPB,RU,141,0,KAPITAN SOROKIN,3,345312,31,43,28,5138,39,1,2016-12-15T07:23:04.000Z,st_petersburg,2016-12-15T00:00:00.000Z,50,Tug,St. Petersburg,1
59.88223,30.19493,0,0,88,6,SPB,RU,141,0,KAPITAN SOROKIN,3,345312,31,43,28,5138,39,1,2016-12-15T07:23:05.000Z,st_petersburg,2016-12-15T00:00:00.000Z,50,Tug,St. Petersburg,1
59.88223,30.19493,0,0,88,8,SPB,RU,141,0,KAPITAN SOROKIN,3,345312,31,43,28,5138,39,1,2016-12-15T07:25:03.000Z,st_petersburg,2016-12-15T00:00:00.000Z,50,Tug,St. Petersburg,1
59.88223,30.19493,0,0,88,8,SPB,RU,141,0,KAPITAN SOROKIN,3,345312,31,43,28,5138,39,1,2016-12-15T07:25:04.000Z,st_petersburg,2016-12-15T00:00:00.000Z,50,Tug,St. Petersburg,1
59.88226,30.19492,0,0,88,2,SPB,RU,141,0,KAPITAN SOROKIN,3,345312,31,43,28,5138,39,1,2016-12-15T07:27:03.000Z,st_petersburg,2016-12-15T00:00:00.000Z,50,Tug,St. Petersburg,1
59.88226,30.19492,0,0,88,2,SPB,RU,141,0,KAPITAN SOROKIN,3,345312,31,43,28,5138,39,1,2016-12-15T07:27:04.000Z,st_petersburg,2016-12-15T00:00:00.000Z,50,Tug,St. Petersburg,1
59.88226,30.19492,0,0,88,4,SPB,RU,141,0,KAPITAN SOROKIN,3,345312,31,43,28,5138,39,1,2016-12-15T07:29:03.000Z,st_petersburg,2016-12-15T00:00:00.000Z,50,Tug,St. Petersburg,1
59.88226,30.19492,0,0,88,4,SPB,RU,141,0,KAPITAN SOROKIN,3,345312,31,43,28,5138,39,1,2016-12-15T07:29:04.000Z,st_petersburg,2016-12-15T00:00:00.000Z,50,Tug,St. Petersburg,1
59.88226,30.19492,0,0,88,5,SPB,RU,141,0,KAPITAN SOROKIN,3,345312,31,43,28,5138,39,1,2016-12-15T07:31:04.000Z,st_petersburg,2016-12-15T00:00:00.000Z,50,Tug,St. Petersburg,1
59.88226,30.19492,0,0,88,6,SPB,RU,141,0,KAPITAN SOROKIN,3,345312,31,43,28,5138,39,1,2016-12-15T07:31:05.000Z,st_petersburg,2016-12-15T00:00:00.000Z,50,Tug,St. Petersburg,1
59.88226,30.19492,0,0,88,8,SPB,RU,141,0,KAPITAN SOROKIN,3,345312,31,43,28,5138,39,1,2016-12-15T07:33:04.000Z,st_petersburg,2016-12-15T00:00:00.000Z,50,Tug,St. Petersburg,1
59.88226,30.19492,0,0,88,8,SPB,RU,141,0,KAPITAN SOROKIN,3,345312,31,43,28,5138,39,1,2016-12-15T07:33:05.000Z,st_petersburg,2016-12-15T00:00:00.000Z,50,Tug,St. Petersburg,1
59.88227,30.19495,0,0,88,2,SPB,RU,141,0,KAPITAN SOROKIN,3,345312,31,43,28,5138,39,1,2016-12-15T07:35:03.000Z,st_petersburg,2016-12-15T00:00:00.000Z,50,Tug,St. Petersburg,1
59.88227,30.19495,0,0,88,2,SPB,RU,141,0,KAPITAN SOROKIN,3,345312,31,43,28,5138,39,1,2016-12-15T07:35:04.000Z,st_petersburg,2016-12-15T00:00:00.000Z,50,Tug,St. Petersburg,1
59.88227,30.19495,0,0,88,4,SPB,RU,141,0,KAPITAN SOROKIN,3,345312,31,43,28,5138,39,1,2016-12-15T07:37:03.000Z,st_petersburg,2016-12-15T00:00:00.000Z,50,Tug,St. Petersburg,1
59.88227,30.19495,0,0,88,4,SPB,RU,141,0,KAPITAN SOROKIN,3,345312,31,43,28,5138,39,1,2016-12-15T07:37:04.000Z,st_petersburg,2016-12-15T00:00:00.000Z,50,Tug,St. Petersburg,1
59.88229,30.19492,0,0,88,3,SPB,RU,141,0,KAPITAN SOROKIN,3,345312,31,43,28,5138,39,1,2016-12-15T07:39:04.000Z,st_petersburg,2016-12-15T00:00:00.000Z,50,Tug,St. Petersburg,1
59.88229,30.19492,0,0,88,3,SPB,RU,141,0,KAPITAN SOROKIN,3,345312,31,43,28,5138,39,1,2016-12-15T07:39:05.000Z,st_petersburg,2016-12-15T00:00:00.000Z,50,Tug,St. Petersburg,1
59.88227,30.19493,0,0,88,2,SPB,RU,141,0,KAPITAN SOROKIN,3,345312,31,43,28,5138,39,1,2016-12-15T07:41:04.000Z,st_petersburg,2016-12-15T00:00:00.000Z,50,Tug,St. Petersburg,1
59.88229,30.19492,0,0,88,3,SPB,RU,141,0,KAPITAN SOROKIN,3,345312,31,43,28,5138,39,1,2016-12-15T07:41:04.000Z,st_petersburg,2016-12-15T00:00:00.000Z,50,Tug,St. Petersburg,1
59.88227,30.19493,0,0,88,4,SPB,RU,141,0,KAPITAN SOROKIN,3,345312,31,43,28,5138,39,1,2016-12-15T07:43:04.000Z,st_petersburg,2016-12-15T00:00:00.000Z,50,Tug,St. Petersburg,1
59.88227,30.19493,0,0,88,3,SPB,RU,141,0,KAPITAN SOROKIN,3,345312,31,43,28,5138,39,1,2016-12-15T07:43:05.000Z,st_petersburg,2016-12-15T00:00:00.000Z,50,Tug,St. Petersburg,1
59.88227,30.19493,0,0,88,4,SPB,RU,141,0,KAPITAN SOROKIN,3,345312,31,43,28,5138,39,1,2016-12-15T07:45:03.000Z,st_petersburg,2016-12-15T00:00:00.000Z,50,Tug,St. Petersburg,1
59.88227,30.19495,0,0,88,2,SPB,RU,141,0,KAPITAN SOROKIN,3,345312,31,43,28,5138,39,1,2016-12-15T07:45:04.000Z,st_petersburg,2016-12-15T00:00:00.000Z,50,Tug,St. Petersburg,1
59.88227,30.19495,0,0,88,4,SPB,RU,141,0,KAPITAN SOROKIN,3,345312,31,43,28,5138,39,1,2016-12-15T07:47:03.000Z,st_petersburg,2016-12-15T00:00:00.000Z,50,Tug,St. Petersburg,1
59.88227,30.19495,0,0,88,4,SPB,RU,141,0,KAPITAN SOROKIN,3,345312,31,43,28,5138,39,1,2016-12-15T07:47:04.000Z,st_petersburg,2016-12-15T00:00:00.000Z,50,Tug,St. Petersburg,1
59.88227,30.19497,0,0,88,3,SPB,RU,141,0,KAPITAN SOROKIN,3,345312,31,43,28,5138,39,1,2016-12-15T07:49:03.000Z,st_petersburg,2016-12-15T00:00:00.000Z,50,Tug,St. Petersburg,1
59.88227,30.19497,0,0,88,3,SPB,RU,141,0,KAPITAN SOROKIN,3,345312,31,43,28,5138,39,1,2016-12-15T07:49:04.000Z,st_petersburg,2016-12-15T00:00:00.000Z,50,Tug,St. Petersburg,1
59.88225,30.19496,0,0,88,2,SPB,RU,141,0,KAPITAN SOROKIN,3,345312,31,43,28,5138,39,1,2016-12-15T07:51:04.000Z,st_petersburg,2016-12-15T00:00:00.000Z,50,Tug,St. Petersburg,1
59.88225,30.19496,0,0,88,2,SPB,RU,141,0,KAPITAN SOROKIN,3,345312,31,43,28,5138,39,1,2016-12-15T07:51:05.000Z,st_petersburg,2016-12-15T00:00:00.000Z,50,Tug,St. Petersburg,1
59.88225,30.19496,0,0,88,4,SPB,RU,141,0,KAPITAN SOROKIN,3,345312,31,43,28,5138,39,1,2016-12-15T07:53:04.000Z,st_petersburg,2016-12-15T00:00:00.000Z,50,Tug,St. Petersburg,1
59.88225,30.19496,0,0,88,4,SPB,RU,141,0,KAPITAN SOROKIN,3,345312,31,43,28,5138,39,1,2016-12-15T07:53:05.000Z,st_petersburg,2016-12-15T00:00:00.000Z,50,Tug,St. Petersburg,1
59.88225,30.19496,0,0,88,6,SPB,RU,141,0,KAPITAN SOROKIN,3,345312,31,43,28,5138,39,1,2016-12-15T07:55:04.000Z,st_petersburg,2016-12-15T00:00:00.000Z,50,Tug,St. Petersburg,1
59.88225,30.19496,0,0,88,6,SPB,RU,141,0,KAPITAN SOROKIN,3,345312,31,43,28,5138,39,1,2016-12-15T07:55:05.000Z,st_petersburg,2016-12-15T00:00:00.000Z,50,Tug,St. Petersburg,1
59.88225,30.19496,0,0,88,8,SPB,RU,141,0,KAPITAN SOROKIN,3,345312,31,43,28,5138,39,1,2016-12-15T07:57:03.000Z,st_petersburg,2016-12-15T00:00:00.000Z,50,Tug,St. Petersburg,1
59.88225,30.19496,0,0,88,7,SPB,RU,141,0,KAPITAN SOROKIN,3,345312,31,43,28,5138,39,1,2016-12-15T07:57:04.000Z,st_petersburg,2016-12-15T00:00:00.000Z,50,Tug,St. Petersburg,1
59.88227,30.19491,0,0,88,2,SPB,RU,141,0,KAPITAN SOROKIN,3,345312,31,43,28,5138,39,1,2016-12-15T07:59:03.000Z,st_petersburg,2016-12-15T00:00:00.000Z,50,Tug,St. Petersburg,1
59.88225,30.19496,0,0,88,8,SPB,RU,141,0,KAPITAN SOROKIN,3,345312,31,43,28,5138,39,1,2016-12-15T07:59:04.000Z,st_petersburg,2016-12-15T00:00:00.000Z,50,Tug,St. Petersburg,1
59.88227,30.19491,0,0,88,4,SPB,RU,141,0,KAPITAN SOROKIN,3,345312,31,43,28,5138,39,1,2016-12-15T08:01:12.000Z,st_petersburg,2016-12-15T00:00:00.000Z,50,Tug,St. Petersburg,1
59.88227,30.19491,0,0,88,3,SPB,RU,141,0,KAPITAN SOROKIN,3,345312,31,43,28,5138,39,1,2016-12-15T08:01:13.000Z,st_petersburg,2016-12-15T00:00:00.000Z,50,Tug,St. Petersburg,1
59.88226,30.19495,0,0,88,3,SPB,RU,141,0,KAPITAN SOROKIN,3,345312,31,43,28,5138,39,1,2016-12-15T08:03:04.000Z,st_petersburg,2016-12-15T00:00:00.000Z,50,Tug,St. Petersburg,1
59.88226,30.19495,0,0,88,3,SPB,RU,141,0,KAPITAN SOROKIN,3,345312,31,43,28,5138,39,1,2016-12-15T08:03:04.000Z,st_petersburg,2016-12-15T00:00:00.000Z,50,Tug,St. Petersburg,1
59.88227,30.19494,0,0,88,2,SPB,RU,141,0,KAPITAN SOROKIN,3,345312,31,43,28,5138,39,1,2016-12-15T08:05:03.000Z,st_petersburg,2016-12-15T00:00:00.000Z,50,Tug,St. Petersburg,1
59.88227,30.19494,0,0,88,1,SPB,RU,141,0,KAPITAN SOROKIN,3,345312,31,43,28,5138,39,1,2016-12-15T08:05:04.000Z,st_petersburg,2016-12-15T00:00:00.000Z,50,Tug,St. Petersburg,1
59.88227,30.19494,0,0,88,4,SPB,RU,141,0,KAPITAN SOROKIN,3,345312,31,43,28,5138,39,1,2016-12-15T08:07:03.000Z,st_petersburg,2016-12-15T00:00:00.000Z,50,Tug,St. Petersburg,1
59.88227,30.19494,0,0,88,4,SPB,RU,141,0,KAPITAN SOROKIN,3,345312,31,43,28,5138,39,1,2016-12-15T08:07:04.000Z,st_petersburg,2016-12-15T00:00:00.000Z,50,Tug,St. Petersburg,1
59.88228,30.1949,0,0,88,3,SPB,RU,141,0,KAPITAN SOROKIN,3,345312,31,43,28,5138,39,1,2016-12-15T08:09:04.000Z,st_petersburg,2016-12-15T00:00:00.000Z,50,Tug,St. Petersburg,1
59.88228,30.1949,0,0,88,3,SPB,RU,141,0,KAPITAN SOROKIN,3,345312,31,43,28,5138,39,1,2016-12-15T08:09:04.000Z,st_petersburg,2016-12-15T00:00:00.000Z,50,Tug,St. Petersburg,1
59.88228,30.19493,0,0,88,2,SPB,RU,141,0,KAPITAN SOROKIN,3,345312,31,43,28,5138,39,1,2016-12-15T08:11:03.000Z,st_petersburg,2016-12-15T00:00:00.000Z,50,Tug,St. Petersburg,1
59.88228,30.19493,0,0,88,2,SPB,RU,141,0,KAPITAN SOROKIN,3,345312,31,43,28,5138,39,1,2016-12-15T08:11:04.000Z,st_petersburg,2016-12-15T00:00:00.000Z,50,Tug,St. Petersburg,1
59.88228,30.19493,0,0,88,4,SPB,RU,141,0,KAPITAN SOROKIN,3,345312,31,43,28,5138,39,1,2016-12-15T08:13:03.000Z,st_petersburg,2016-12-15T00:00:00.000Z,50,Tug,St. Petersburg,1
59.88228,30.19493,0,0,88,4,SPB,RU,141,0,KAPITAN SOROKIN,3,345312,31,43,28,5138,39,1,2016-12-15T08:13:04.000Z,st_petersburg,2016-12-15T00:00:00.000Z,50,Tug,St. Petersburg,1
59.88225,30.19496,0,0,88,3,SPB,RU,141,0,KAPITAN SOROKIN,3,345312,31,43,28,5138,39,1,2016-12-15T08:15:03.000Z,st_petersburg,2016-12-15T00:00:00.000Z,50,Tug,St. Petersburg,1
59.88225,30.19496,0,0,88,3,SPB,RU,141,0,KAPITAN SOROKIN,3,345312,31,43,28,5138,39,1,2016-12-15T08:15:04.000Z,st_petersburg,2016-12-15T00:00:00.000Z,50,Tug,St. Petersburg,1
59.88225,30.19496,0,0,88,5,SPB,RU,141,0,KAPITAN SOROKIN,3,345312,31,43,28,5138,39,1,2016-12-15T08:17:04.000Z,st_petersburg,2016-12-15T00:00:00.000Z,50,Tug,St. Petersburg,1
59.88225,30.19496,0,0,88,5,SPB,RU,141,0,KAPITAN SOROKIN,3,345312,31,43,28,5138,39,1,2016-12-15T08:17:05.000Z,st_petersburg,2016-12-15T00:00:00.000Z,50,Tug,St. Petersburg,1
59.88225,30.19496,0,0,88,7,SPB,RU,141,0,KAPITAN SOROKIN,3,345312,31,43,28,5138,39,1,2016-12-15T08:19:04.000Z,st_petersburg,2016-12-15T00:00:00.000Z,50,Tug,St. Petersburg,1
59.88225,30.19496,0,0,88,5,SPB,RU,141,0,KAPITAN SOROKIN,3,345312,31,43,28,5138,39,1,2016-12-15T08:19:05.000Z,st_petersburg,2016-12-15T00:00:00.000Z,50,Tug,St. Petersburg,1
59.88225,30.19496,0,0,88,9,SPB,RU,141,0,KAPITAN SOROKIN,3,345312,31,43,28,5138,39,1,2016-12-15T08:21:04.000Z,st_petersburg,2016-12-15T00:00:00.000Z,50,Tug,St. Petersburg,1
59.88225,30.19496,0,0,88,8,SPB,RU,141,0,KAPITAN SOROKIN,3,345312,31,43,28,5138,39,1,2016-12-15T08:21:04.000Z,st_petersburg,2016-12-15T00:00:00.000Z,50,Tug,St. Petersburg,1
59.88225,30.19493,0,0,88,3,SPB,RU,141,0,KAPITAN SOROKIN,3,345312,31,43,28,5138,39,1,2016-12-15T08:23:04.000Z,st_petersburg,2016-12-15T00:00:00.000Z,50,Tug,St. Petersburg,1
59.88225,30.19493,0,0,88,3,SPB,RU,141,0,KAPITAN SOROKIN,3,345312,31,43,28,5138,39,1,2016-12-15T08:23:05.000Z,st_petersburg,2016-12-15T00:00:00.000Z,50,Tug,St. Petersburg,1
59.88225,30.19493,0,0,88,3,SPB,RU,141,0,KAPITAN SOROKIN,3,345312,31,43,28,5138,39,1,2016-12-15T08:25:03.000Z,st_petersburg,2016-12-15T00:00:00.000Z,50,Tug,St. Petersburg,1
59.88225,30.19493,0,0,88,5,SPB,RU,141,0,KAPITAN SOROKIN,3,345312,31,43,28,5138,39,1,2016-12-15T08:25:04.000Z,st_petersburg,2016-12-15T00:00:00.000Z,50,Tug,St. Petersburg,1
59.88225,30.19493,0,0,88,7,SPB,RU,141,0,KAPITAN SOROKIN,3,345312,31,43,28,5138,39,1,2016-12-15T08:27:03.000Z,st_petersburg,2016-12-15T00:00:00.000Z,50,Tug,St. Petersburg,1
59.88225,30.19493,0,0,88,7,SPB,RU,141,0,KAPITAN SOROKIN,3,345312,31,43,28,5138,39,1,2016-12-15T08:27:04.000Z,st_petersburg,2016-12-15T00:00:00.000Z,50,Tug,St. Petersburg,1
59.88225,30.19493,0,0,88,9,SPB,RU,141,0,KAPITAN SOROKIN,3,345312,31,43,28,5138,39,1,2016-12-15T08:29:04.000Z,st_petersburg,2016-12-15T00:00:00.000Z,50,Tug,St. Petersburg,1
59.88225,30.19493,0,0,88,7,SPB,RU,141,0,KAPITAN SOROKIN,3,345312,31,43,28,5138,39,1,2016-12-15T08:29:04.000Z,st_petersburg,2016-12-15T00:00:00.000Z,50,Tug,St. Petersburg,1
59.88226,30.19496,0,0,88,3,SPB,RU,141,0,KAPITAN SOROKIN,3,345312,31,43,28,5138,39,1,2016-12-15T08:31:03.000Z,st_petersburg,2016-12-15T00:00:00.000Z,50,Tug,St. Petersburg,1
59.88226,30.19496,0,0,88,2,SPB,RU,141,0,KAPITAN SOROKIN,3,345312,31,43,28,5138,39,1,2016-12-15T08:31:04.000Z,st_petersburg,2016-12-15T00:00:00.000Z,50,Tug,St. Petersburg,1
59.88227,30.19495,0,0,88,2,SPB,RU,141,0,KAPITAN SOROKIN,3,345312,31,43,28,5138,39,1,2016-12-15T08:33:04.000Z,st_petersburg,2016-12-15T00:00:00.000Z,50,Tug,St. Petersburg,1
59.88227,30.19495,0,0,88,2,SPB,RU,141,0,KAPITAN SOROKIN,3,345312,31,43,28,5138,39,1,2016-12-15T08:33:05.000Z,st_petersburg,2016-12-15T00:00:00.000Z,50,Tug,St. Petersburg,1
59.88227,30.19495,0,0,88,2,SPB,RU,141,0,KAPITAN SOROKIN,3,345312,31,43,28,5138,39,1,2016-12-15T08:35:03.000Z,st_petersburg,2016-12-15T00:00:00.000Z,50,Tug,St. Petersburg,1
59.88227,30.19495,0,0,88,4,SPB,RU,141,0,KAPITAN SOROKIN,3,345312,31,43,28,5138,39,1,2016-12-15T08:35:04.000Z,st_petersburg,2016-12-15T00:00:00.000Z,50,Tug,St. Petersburg,1
59.88227,30.19495,0,0,88,6,SPB,RU,141,0,KAPITAN SOROKIN,3,345312,31,43,28,5138,39,1,2016-12-15T08:37:03.000Z,st_petersburg,2016-12-15T00:00:00.000Z,50,Tug,St. Petersburg,1
59.88227,30.19495,0,0,88,6,SPB,RU,141,0,KAPITAN SOROKIN,3,345312,31,43,28,5138,39,1,2016-12-15T08:37:04.000Z,st_petersburg,2016-12-15T00:00:00.000Z,50,Tug,St. Petersburg,1
59.88227,30.19495,0,0,88,8,SPB,RU,141,0,KAPITAN SOROKIN,3,345312,31,43,28,5138,39,1,2016-12-15T08:39:04.000Z,st_petersburg,2016-12-15T00:00:00.000Z,50,Tug,St. Petersburg,1
59.88227,30.19495,0,0,88,8,SPB,RU,141,0,KAPITAN SOROKIN,3,345312,31,43,28,5138,39,1,2016-12-15T08:39:04.000Z,st_petersburg,2016-12-15T00:00:00.000Z,50,Tug,St. Petersburg,1
59.88226,30.19491,0,0,88,2,SPB,RU,141,0,KAPITAN SOROKIN,3,345312,31,43,28,5138,39,1,2016-12-15T08:41:04.000Z,st_petersburg,2016-12-15T00:00:00.000Z,50,Tug,St. Petersburg,1
59.88226,30.19491,0,0,88,2,SPB,RU,141,0,KAPITAN SOROKIN,3,345312,31,43,28,5138,39,1,2016-12-15T08:41:05.000Z,st_petersburg,2016-12-15T00:00:00.000Z,50,Tug,St. Petersburg,1
59.88226,30.19491,0,0,88,4,SPB,RU,141,0,KAPITAN SOROKIN,3,345312,31,43,28,5138,39,1,2016-12-15T08:43:04.000Z,st_petersburg,2016-12-15T00:00:00.000Z,50,Tug,St. Petersburg,1
59.88226,30.19491,0,0,88,4,SPB,RU,141,0,KAPITAN SOROKIN,3,345312,31,43,28,5138,39,1,2016-12-15T08:43:05.000Z,st_petersburg,2016-12-15T00:00:00.000Z,50,Tug,St. Petersburg,1
59.88221,30.19492,0,0,88,3,SPB,RU,141,0,KAPITAN SOROKIN,3,345312,31,43,28,5138,39,1,2016-12-15T08:45:04.000Z,st_petersburg,2016-12-15T00:00:00.000Z,50,Tug,St. Petersburg,1
59.88221,30.19492,0,0,88,3,SPB,RU,141,0,KAPITAN SOROKIN,3,345312,31,43,28,5138,39,1,2016-12-15T08:45:05.000Z,st_petersburg,2016-12-15T00:00:00.000Z,50,Tug,St. Petersburg,1
59.88221,30.19492,0,0,88,3,SPB,RU,141,0,KAPITAN SOROKIN,3,345312,31,43,28,5138,39,1,2016-12-15T08:47:03.000Z,st_petersburg,2016-12-15T00:00:00.000Z,50,Tug,St. Petersburg,1
59.88223,30.19493,0,0,88,1,SPB,RU,141,0,KAPITAN SOROKIN,3,345312,31,43,28,5138,39,1,2016-12-15T08:47:04.000Z,st_petersburg,2016-12-15T00:00:00.000Z,50,Tug,St. Petersburg,1
59.88223,30.19493,0,0,88,4,SPB,RU,141,0,KAPITAN SOROKIN,3,345312,31,43,28,5138,39,1,2016-12-15T08:49:03.000Z,st_petersburg,2016-12-15T00:00:00.000Z,50,Tug,St. Petersburg,1
59.88223,30.19493,0,0,88,4,SPB,RU,141,0,KAPITAN SOROKIN,3,345312,31,43,28,5138,39,1,2016-12-15T08:49:04.000Z,st_petersburg,2016-12-15T00:00:00.000Z,50,Tug,St. Petersburg,1
59.88225,30.19495,0,0,88,3,SPB,RU,141,0,KAPITAN SOROKIN,3,345312,31,43,28,5138,39,1,2016-12-15T08:51:04.000Z,st_petersburg,2016-12-15T00:00:00.000Z,50,Tug,St. Petersburg,1
59.88225,30.19495,0,0,88,3,SPB,RU,141,0,KAPITAN SOROKIN,3,345312,31,43,28,5138,39,1,2016-12-15T08:51:04.000Z,st_petersburg,2016-12-15T00:00:00.000Z,50,Tug,St. Petersburg,1
59.88225,30.19495,0,0,88,5,SPB,RU,141,0,KAPITAN SOROKIN,3,345312,31,43,28,5138,39,1,2016-12-15T08:53:04.000Z,st_petersburg,2016-12-15T00:00:00.000Z,50,Tug,St. Petersburg,1
59.88225,30.19495,0,0,88,5,SPB,RU,141,0,KAPITAN SOROKIN,3,345312,31,43,28,5138,39,1,2016-12-15T08:53:05.000Z,st_petersburg,2016-12-15T00:00:00.000Z,50,Tug,St. Petersburg,1
59.88227,30.19492,0,0,88,3,SPB,RU,141,0,KAPITAN SOROKIN,3,345312,31,43,28,5138,39,1,2016-12-15T08:55:03.000Z,st_petersburg,2016-12-15T00:00:00.000Z,50,Tug,St. Petersburg,1
59.88227,30.19492,0,0,88,3,SPB,RU,141,0,KAPITAN SOROKIN,3,345312,31,43,28,5138,39,1,2016-12-15T08:55:05.000Z,st_petersburg,2016-12-15T00:00:00.000Z,50,Tug,St. Petersburg,1
59.88227,30.19492,0,0,88,2,SPB,RU,141,0,KAPITAN SOROKIN,3,345312,31,43,28,5138,39,1,2016-12-15T08:57:04.000Z,st_petersburg,2016-12-15T00:00:00.000Z,50,Tug,St. Petersburg,1
59.88227,30.19492,0,0,88,2,SPB,RU,141,0,KAPITAN SOROKIN,3,345312,31,43,28,5138,39,1,2016-12-15T08:57:04.000Z,st_petersburg,2016-12-15T00:00:00.000Z,50,Tug,St. Petersburg,1
59.88227,30.19492,0,0,88,4,SPB,RU,141,0,KAPITAN SOROKIN,3,345312,31,43,28,5138,39,1,2016-12-15T08:59:03.000Z,st_petersburg,2016-12-15T00:00:00.000Z,50,Tug,St. Petersburg,1
59.88227,30.19492,0,0,88,3,SPB,RU,141,0,KAPITAN SOROKIN,3,345312,31,43,28,5138,39,1,2016-12-15T08:59:04.000Z,st_petersburg,2016-12-15T00:00:00.000Z,50,Tug,St. Petersburg,1
59.88224,30.19491,0,0,88,3,SPB,RU,141,0,KAPITAN SOROKIN,3,345312,31,43,28,5138,39,1,2016-12-15T09:01:03.000Z,st_petersburg,2016-12-15T00:00:00.000Z,50,Tug,St. Petersburg,1
59.88224,30.19491,0,0,88,3,SPB,RU,141,0,KAPITAN SOROKIN,3,345312,31,43,28,5138,39,1,2016-12-15T09:01:04.000Z,st_petersburg,2016-12-15T00:00:00.000Z,50,Tug,St. Petersburg,1
59.88224,30.19491,0,0,88,5,SPB,RU,141,0,KAPITAN SOROKIN,3,345312,31,43,28,5138,39,1,2016-12-15T09:03:03.000Z,st_petersburg,2016-12-15T00:00:00.000Z,50,Tug,St. Petersburg,1
59.88224,30.19491,0,0,88,5,SPB,RU,141,0,KAPITAN SOROKIN,3,345312,31,43,28,5138,39,1,2016-12-15T09:03:04.000Z,st_petersburg,2016-12-15T00:00:00.000Z,50,Tug,St. Petersburg,1
59.88223,30.19488,0,0,88,4,SPB,RU,141,0,KAPITAN SOROKIN,3,345312,31,43,28,5138,39,1,2016-12-15T09:05:04.000Z,st_petersburg,2016-12-15T00:00:00.000Z,50,Tug,St. Petersburg,1
59.88223,30.19488,0,0,88,4,SPB,RU,141,0,KAPITAN SOROKIN,3,345312,31,43,28,5138,39,1,2016-12-15T09:05:05.000Z,st_petersburg,2016-12-15T00:00:00.000Z,50,Tug,St. Petersburg,1
59.88226,30.19491,0,0,88,3,SPB,RU,141,0,KAPITAN SOROKIN,3,345312,31,43,28,5138,39,1,2016-12-15T09:07:04.000Z,st_petersburg,2016-12-15T00:00:00.000Z,50,Tug,St. Petersburg,1
59.88226,30.19491,0,0,88,3,SPB,RU,141,0,KAPITAN SOROKIN,3,345312,31,43,28,5138,39,1,2016-12-15T09:07:05.000Z,st_petersburg,2016-12-15T00:00:00.000Z,50,Tug,St. Petersburg,1
59.88226,30.19491,0,0,88,5,SPB,RU,141,0,KAPITAN SOROKIN,3,345312,31,43,28,5138,39,1,2016-12-15T09:09:04.000Z,st_petersburg,2016-12-15T00:00:00.000Z,50,Tug,St. Petersburg,1
59.88226,30.19491,0,0,88,5,SPB,RU,141,0,KAPITAN SOROKIN,3,345312,31,43,28,5138,39,1,2016-12-15T09:09:05.000Z,st_petersburg,2016-12-15T00:00:00.000Z,50,Tug,St. Petersburg,1
59.88224,30.19491,0,0,88,3,SPB,RU,141,0,KAPITAN SOROKIN,3,345312,31,43,28,5138,39,1,2016-12-15T09:11:03.000Z,st_petersburg,2016-12-15T00:00:00.000Z,50,Tug,St. Petersburg,1
59.88226,30.19491,0,0,88,5,SPB,RU,141,0,KAPITAN SOROKIN,3,345312,31,43,28,5138,39,1,2016-12-15T09:11:04.000Z,st_petersburg,2016-12-15T00:00:00.000Z,50,Tug,St. Petersburg,1
59.88225,30.19493,0,0,88,2,SPB,RU,141,0,KAPITAN SOROKIN,3,345312,31,43,28,5138,39,1,2016-12-15T09:13:03.000Z,st_petersburg,2016-12-15T00:00:00.000Z,50,Tug,St. Petersburg,1
59.88225,30.19493,0,0,88,2,SPB,RU,141,0,KAPITAN SOROKIN,3,345312,31,43,28,5138,39,1,2016-12-15T09:13:04.000Z,st_petersburg,2016-12-15T00:00:00.000Z,50,Tug,St. Petersburg,1
59.88225,30.19493,0,0,88,4,SPB,RU,141,0,KAPITAN SOROKIN,3,345312,31,43,28,5138,39,1,2016-12-15T09:15:03.000Z,st_petersburg,2016-12-15T00:00:00.000Z,50,Tug,St. Petersburg,1
59.88225,30.19493,0,0,88,3,SPB,RU,141,0,KAPITAN SOROKIN,3,345312,31,43,28,5138,39,1,2016-12-15T09:15:04.000Z,st_petersburg,2016-12-15T00:00:00.000Z,50,Tug,St. Petersburg,1
59.88225,30.19493,0,0,88,6,SPB,RU,141,0,KAPITAN SOROKIN,3,345312,31,43,28,5138,39,1,2016-12-15T09:17:03.000Z,st_petersburg,2016-12-15T00:00:00.000Z,50,Tug,St. Petersburg,1
59.88225,30.19493,0,0,88,4,SPB,RU,141,0,KAPITAN SOROKIN,3,345312,31,43,28,5138,39,1,2016-12-15T09:17:04.000Z,st_petersburg,2016-12-15T00:00:00.000Z,50,Tug,St. Petersburg,1
59.88227,30.19495,0,0,88,2,SPB,RU,141,0,KAPITAN SOROKIN,3,345312,31,43,28,5138,39,1,2016-12-15T09:19:03.000Z,st_petersburg,2016-12-15T00:00:00.000Z,50,Tug,St. Petersburg,1
59.88227,30.19495,0,0,88,2,SPB,RU,141,0,KAPITAN SOROKIN,3,345312,31,43,28,5138,39,1,2016-12-15T09:19:04.000Z,st_petersburg,2016-12-15T00:00:00.000Z,50,Tug,St. Petersburg,1
59.88227,30.19495,0,0,88,4,SPB,RU,141,0,KAPITAN SOROKIN,3,345312,31,43,28,5138,39,1,2016-12-15T09:21:03.000Z,st_petersburg,2016-12-15T00:00:00.000Z,50,Tug,St. Petersburg,1
59.88227,30.19495,0,0,88,4,SPB,RU,141,0,KAPITAN SOROKIN,3,345312,31,43,28,5138,39,1,2016-12-15T09:21:04.000Z,st_petersburg,2016-12-15T00:00:00.000Z,50,Tug,St. Petersburg,1
59.88227,30.19495,0,0,88,6,SPB,RU,141,0,KAPITAN SOROKIN,3,345312,31,43,28,5138,39,1,2016-12-15T09:23:04.000Z,st_petersburg,2016-12-15T00:00:00.000Z,50,Tug,St. Petersburg,1
59.88227,30.19495,0,0,88,6,SPB,RU,141,0,KAPITAN SOROKIN,3,345312,31,43,28,5138,39,1,2016-12-15T09:23:04.000Z,st_petersburg,2016-12-15T00:00:00.000Z,50,Tug,St. Petersburg,1
59.88227,30.19495,0,0,88,8,SPB,RU,141,0,KAPITAN SOROKIN,3,345312,31,43,28,5138,39,1,2016-12-15T09:25:04.000Z,st_petersburg,2016-12-15T00:00:00.000Z,50,Tug,St. Petersburg,1
59.88227,30.19495,0,0,88,7,SPB,RU,141,0,KAPITAN SOROKIN,3,345312,31,43,28,5138,39,1,2016-12-15T09:25:05.000Z,st_petersburg,2016-12-15T00:00:00.000Z,50,Tug,St. Petersburg,1
59.88227,30.19494,0,0,88,2,SPB,RU,141,0,KAPITAN SOROKIN,3,345312,31,43,28,5138,39,1,2016-12-15T09:27:04.000Z,st_petersburg,2016-12-15T00:00:00.000Z,50,Tug,St. Petersburg,1
59.88227,30.19495,0,0,88,9,SPB,RU,141,0,KAPITAN SOROKIN,3,345312,31,43,28,5138,39,1,2016-12-15T09:27:05.000Z,st_petersburg,2016-12-15T00:00:00.000Z,50,Tug,St. Petersburg,1
59.88227,30.19494,0,0,88,4,SPB,RU,141,0,KAPITAN SOROKIN,3,345312,31,43,28,5138,39,1,2016-12-15T09:29:03.000Z,st_petersburg,2016-12-15T00:00:00.000Z,50,Tug,St. Petersburg,1
59.88227,30.19494,0,0,88,4,SPB,RU,141,0,KAPITAN SOROKIN,3,345312,31,43,28,5138,39,1,2016-12-15T09:29:04.000Z,st_petersburg,2016-12-15T00:00:00.000Z,50,Tug,St. Petersburg,1
59.88227,30.19495,0,0,88,3,SPB,RU,141,0,KAPITAN SOROKIN,3,345312,31,43,28,5138,39,1,2016-12-15T09:31:03.000Z,st_petersburg,2016-12-15T00:00:00.000Z,50,Tug,St. Petersburg,1
59.88227,30.19495,0,0,88,3,SPB,RU,141,0,KAPITAN SOROKIN,3,345312,31,43,28,5138,39,1,2016-12-15T09:31:04.000Z,st_petersburg,2016-12-15T00:00:00.000Z,50,Tug,St. Petersburg,1
59.88227,30.19495,0,0,88,2,SPB,RU,141,0,KAPITAN SOROKIN,3,345312,31,43,28,5138,39,1,2016-12-15T09:33:04.000Z,st_petersburg,2016-12-15T00:00:00.000Z,50,Tug,St. Petersburg,1
59.88227,30.19495,0,0,88,2,SPB,RU,141,0,KAPITAN SOROKIN,3,345312,31,43,28,5138,39,1,2016-12-15T09:33:05.000Z,st_petersburg,2016-12-15T00:00:00.000Z,50,Tug,St. Petersburg,1
59.88227,30.19495,0,0,88,4,SPB,RU,141,0,KAPITAN SOROKIN,3,345312,31,43,28,5138,39,1,2016-12-15T09:35:04.000Z,st_petersburg,2016-12-15T00:00:00.000Z,50,Tug,St. Petersburg,1
59.88227,30.19495,0,0,88,4,SPB,RU,141,0,KAPITAN SOROKIN,3,345312,31,43,28,5138,39,1,2016-12-15T09:35:05.000Z,st_petersburg,2016-12-15T00:00:00.000Z,50,Tug,St. Petersburg,1
59.88224,30.19495,0,0,88,3,SPB,RU,141,0,KAPITAN SOROKIN,3,345312,31,43,28,5138,39,1,2016-12-15T09:37:04.000Z,st_petersburg,2016-12-15T00:00:00.000Z,50,Tug,St. Petersburg,1
59.88224,30.19495,0,0,88,2,SPB,RU,141,0,KAPITAN SOROKIN,3,345312,31,43,28,5138,39,1,2016-12-15T09:37:05.000Z,st_petersburg,2016-12-15T00:00:00.000Z,50,Tug,St. Petersburg,1
59.88227,30.19495,0,0,88,2,SPB,RU,141,0,KAPITAN SOROKIN,3,345312,31,43,28,5138,39,1,2016-12-15T09:39:03.000Z,st_petersburg,2016-12-15T00:00:00.000Z,50,Tug,St. Petersburg,1
59.88227,30.19495,0,0,88,1,SPB,RU,141,0,KAPITAN SOROKIN,3,345312,31,43,28,5138,39,1,2016-12-15T09:39:04.000Z,st_petersburg,2016-12-15T00:00:00.000Z,50,Tug,St. Petersburg,1
59.88227,30.19495,0,0,88,4,SPB,RU,141,0,KAPITAN SOROKIN,3,345312,31,43,28,5138,39,1,2016-12-15T09:41:05.000Z,st_petersburg,2016-12-15T00:00:00.000Z,50,Tug,St. Petersburg,1
59.88227,30.19495,0,0,88,4,SPB,RU,141,0,KAPITAN SOROKIN,3,345312,31,43,28,5138,39,1,2016-12-15T09:41:06.000Z,st_petersburg,2016-12-15T00:00:00.000Z,50,Tug,St. Petersburg,1
59.88227,30.19495,0,0,88,4,SPB,RU,141,0,KAPITAN SOROKIN,3,345312,31,43,28,5138,39,1,2016-12-15T09:43:03.000Z,st_petersburg,2016-12-15T00:00:00.000Z,50,Tug,St. Petersburg,1
59.88224,30.19492,0,0,88,2,SPB,RU,141,0,KAPITAN SOROKIN,3,345312,31,43,28,5138,39,1,2016-12-15T09:43:04.000Z,st_petersburg,2016-12-15T00:00:00.000Z,50,Tug,St. Petersburg,1
59.88227,30.19498,0,0,88,2,SPB,RU,141,0,KAPITAN SOROKIN,3,345312,31,43,28,5138,39,1,2016-12-15T09:45:04.000Z,st_petersburg,2016-12-15T00:00:00.000Z,50,Tug,St. Petersburg,1
59.88227,30.19498,0,0,88,2,SPB,RU,141,0,KAPITAN SOROKIN,3,345312,31,43,28,5138,39,1,2016-12-15T09:45:05.000Z,st_petersburg,2016-12-15T00:00:00.000Z,50,Tug,St. Petersburg,1
59.88227,30.19498,0,0,88,2,SPB,RU,141,0,KAPITAN SOROKIN,3,345312,31,43,28,5138,39,1,2016-12-15T09:47:03.000Z,st_petersburg,2016-12-15T00:00:00.000Z,50,Tug,St. Petersburg,1
59.88227,30.19498,0,0,88,4,SPB,RU,141,0,KAPITAN SOROKIN,3,345312,31,43,28,5138,39,1,2016-12-15T09:47:04.000Z,st_petersburg,2016-12-15T00:00:00.000Z,50,Tug,St. Petersburg,1
59.88227,30.19495,0,0,88,3,SPB,RU,141,0,KAPITAN SOROKIN,3,345312,31,43,28,5138,39,1,2016-12-15T09:49:04.000Z,st_petersburg,2016-12-15T00:00:00.000Z,50,Tug,St. Petersburg,1
59.88227,30.19495,0,0,88,2,SPB,RU,141,0,KAPITAN SOROKIN,3,345312,31,43,28,5138,39,1,2016-12-15T09:49:05.000Z,st_petersburg,2016-12-15T00:00:00.000Z,50,Tug,St. Petersburg,1
59.88225,30.19495,0,0,88,2,SPB,RU,141,0,KAPITAN SOROKIN,3,345312,31,43,28,5138,39,1,2016-12-15T09:51:04.000Z,st_petersburg,2016-12-15T00:00:00.000Z,50,Tug,St. Petersburg,1
59.88225,30.19495,0,0,88,2,SPB,RU,141,0,KAPITAN SOROKIN,3,345312,31,43,28,5138,39,1,2016-12-15T09:51:05.000Z,st_petersburg,2016-12-15T00:00:00.000Z,50,Tug,St. Petersburg,1
59.88225,30.19495,0,0,88,4,SPB,RU,141,0,KAPITAN SOROKIN,3,345312,31,43,28,5138,39,1,2016-12-15T09:53:03.000Z,st_petersburg,2016-12-15T00:00:00.000Z,50,Tug,St. Petersburg,1
59.88225,30.19495,0,0,88,4,SPB,RU,141,0,KAPITAN SOROKIN,3,345312,31,43,28,5138,39,1,2016-12-15T09:53:04.000Z,st_petersburg,2016-12-15T00:00:00.000Z,50,Tug,St. Petersburg,1
59.88225,30.19495,0,0,88,6,SPB,RU,141,0,KAPITAN SOROKIN,3,345312,31,43,28,5138,39,1,2016-12-15T09:55:03.000Z,st_petersburg,2016-12-15T00:00:00.000Z,50,Tug,St. Petersburg,1
59.88225,30.19495,0,0,88,6,SPB,RU,141,0,KAPITAN SOROKIN,3,345312,31,43,28,5138,39,1,2016-12-15T09:55:04.000Z,st_petersburg,2016-12-15T00:00:00.000Z,50,Tug,St. Petersburg,1
59.88225,30.19495,0,0,88,8,SPB,RU,141,0,KAPITAN SOROKIN,3,345312,31,43,28,5138,39,1,2016-12-15T09:57:04.000Z,st_petersburg,2016-12-15T00:00:00.000Z,50,Tug,St. Petersburg,1
59.88225,30.19495,0,0,88,8,SPB,RU,141,0,KAPITAN SOROKIN,3,345312,31,43,28,5138,39,1,2016-12-15T09:57:04.000Z,st_petersburg,2016-12-15T00:00:00.000Z,50,Tug,St. Petersburg,1
59.88227,30.19497,0,0,88,2,SPB,RU,141,0,KAPITAN SOROKIN,3,345312,31,43,28,5138,39,1,2016-12-15T09:59:03.000Z,st_petersburg,2016-12-15T00:00:00.000Z,50,Tug,St. Petersburg,1
59.88225,30.19495,0,0,88,9,SPB,RU,141,0,KAPITAN SOROKIN,3,345312,31,43,28,5138,39,1,2016-12-15T09:59:04.000Z,st_petersburg,2016-12-15T00:00:00.000Z,50,Tug,St. Petersburg,1
59.88227,30.19497,0,0,88,4,SPB,RU,141,0,KAPITAN SOROKIN,3,345312,31,43,28,5138,39,1,2016-12-15T10:01:05.000Z,st_petersburg,2016-12-15T00:00:00.000Z,50,Tug,St. Petersburg,1
59.88227,30.19497,0,0,88,2,SPB,RU,141,0,KAPITAN SOROKIN,3,345312,31,43,28,5138,39,1,2016-12-15T10:01:05.000Z,st_petersburg,2016-12-15T00:00:00.000Z,50,Tug,St. Petersburg,1
59.88228,30.19495,0,0,88,3,SPB,RU,141,0,KAPITAN SOROKIN,3,345312,31,43,28,5138,39,1,2016-12-15T10:03:03.000Z,st_petersburg,2016-12-15T00:00:00.000Z,50,Tug,St. Petersburg,1
59.88228,30.19495,0,0,88,3,SPB,RU,141,0,KAPITAN SOROKIN,3,345312,31,43,28,5138,39,1,2016-12-15T10:03:04.000Z,st_petersburg,2016-12-15T00:00:00.000Z,50,Tug,St. Petersburg,1
59.88228,30.19495,0,0,88,5,SPB,RU,141,0,KAPITAN SOROKIN,3,345312,31,43,28,5138,39,1,2016-12-15T10:05:03.000Z,st_petersburg,2016-12-15T00:00:00.000Z,50,Tug,St. Petersburg,1
59.88228,30.19495,0,0,88,3,SPB,RU,141,0,KAPITAN SOROKIN,3,345312,31,43,28,5138,39,1,2016-12-15T10:05:04.000Z,st_petersburg,2016-12-15T00:00:00.000Z,50,Tug,St. Petersburg,1
59.88226,30.19496,0,0,88,3,SPB,RU,141,0,KAPITAN SOROKIN,3,345312,31,43,28,5138,39,1,2016-12-15T10:07:03.000Z,st_petersburg,2016-12-15T00:00:00.000Z,50,Tug,St. Petersburg,1
59.88228,30.19495,0,0,88,5,SPB,RU,141,0,KAPITAN SOROKIN,3,345312,31,43,28,5138,39,1,2016-12-15T10:07:04.000Z,st_petersburg,2016-12-15T00:00:00.000Z,50,Tug,St. Petersburg,1
59.88225,30.19492,0,0,88,2,SPB,RU,141,0,KAPITAN SOROKIN,3,345312,31,43,28,5138,39,1,2016-12-15T10:09:03.000Z,st_petersburg,2016-12-15T00:00:00.000Z,50,Tug,St. Petersburg,1
59.88225,30.19492,0,0,88,2,SPB,RU,141,0,KAPITAN SOROKIN,3,345312,31,43,28,5138,39,1,2016-12-15T10:09:05.000Z,st_petersburg,2016-12-15T00:00:00.000Z,50,Tug,St. Petersburg,1
59.88225,30.19492,0,0,88,4,SPB,RU,141,0,KAPITAN SOROKIN,3,345312,31,43,28,5138,39,1,2016-12-15T10:11:03.000Z,st_petersburg,2016-12-15T00:00:00.000Z,50,Tug,St. Petersburg,1
59.88225,30.19492,0,0,88,4,SPB,RU,141,0,KAPITAN SOROKIN,3,345312,31,43,28,5138,39,1,2016-12-15T10:11:04.000Z,st_petersburg,2016-12-15T00:00:00.000Z,50,Tug,St. Petersburg,1
59.88223,30.19497,0,0,88,3,SPB,RU,141,0,KAPITAN SOROKIN,3,345312,31,43,28,5138,39,1,2016-12-15T10:13:03.000Z,st_petersburg,2016-12-15T00:00:00.000Z,50,Tug,St. Petersburg,1
59.88223,30.19497,0,0,88,3,SPB,RU,141,0,KAPITAN SOROKIN,3,345312,31,43,28,5138,39,1,2016-12-15T10:13:04.000Z,st_petersburg,2016-12-15T00:00:00.000Z,50,Tug,St. Petersburg,1
59.88223,30.19497,0,0,88,5,SPB,RU,141,0,KAPITAN SOROKIN,3,345312,31,43,28,5138,39,1,2016-12-15T10:15:03.000Z,st_petersburg,2016-12-15T00:00:00.000Z,50,Tug,St. Petersburg,1
59.88223,30.19497,0,0,88,5,SPB,RU,141,0,KAPITAN SOROKIN,3,345312,31,43,28,5138,39,1,2016-12-15T10:15:04.000Z,st_petersburg,2016-12-15T00:00:00.000Z,50,Tug,St. Petersburg,1
59.88223,30.19493,0,0,88,3,SPB,RU,141,0,KAPITAN SOROKIN,3,345312,31,43,28,5138,39,1,2016-12-15T10:17:04.000Z,st_petersburg,2016-12-15T00:00:00.000Z,50,Tug,St. Petersburg,1
59.88223,30.19493,0,0,88,3,SPB,RU,141,0,KAPITAN SOROKIN,3,345312,31,43,28,5138,39,1,2016-12-15T10:17:05.000Z,st_petersburg,2016-12-15T00:00:00.000Z,50,Tug,St. Petersburg,1
59.88223,30.19493,0,0,88,4,SPB,RU,141,0,KAPITAN SOROKIN,3,345312,31,43,28,5138,39,1,2016-12-15T10:19:04.000Z,st_petersburg,2016-12-15T00:00:00.000Z,50,Tug,St. Petersburg,1
59.88223,30.19494,0,0,88,2,SPB,RU,141,0,KAPITAN SOROKIN,3,345312,31,43,28,5138,39,1,2016-12-15T10:19:04.000Z,st_petersburg,2016-12-15T00:00:00.000Z,50,Tug,St. Petersburg,1
59.88223,30.19494,0,0,88,4,SPB,RU,141,0,KAPITAN SOROKIN,3,345312,31,43,28,5138,39,1,2016-12-15T10:21:04.000Z,st_petersburg,2016-12-15T00:00:00.000Z,50,Tug,St. Petersburg,1
59.88223,30.19494,0,0,88,4,SPB,RU,141,0,KAPITAN SOROKIN,3,345312,31,43,28,5138,39,1,2016-12-15T10:21:05.000Z,st_petersburg,2016-12-15T00:00:00.000Z,50,Tug,St. Petersburg,1
59.88224,30.19496,0,0,88,3,SPB,RU,141,0,KAPITAN SOROKIN,3,345312,31,43,28,5138,39,1,2016-12-15T10:23:04.000Z,st_petersburg,2016-12-15T00:00:00.000Z,50,Tug,St. Petersburg,1
59.88224,30.19496,0,0,88,3,SPB,RU,141,0,KAPITAN SOROKIN,3,345312,31,43,28,5138,39,1,2016-12-15T10:23:05.000Z,st_petersburg,2016-12-15T00:00:00.000Z,50,Tug,St. Petersburg,1
59.88225,30.19496,0,0,88,2,SPB,RU,141,0,KAPITAN SOROKIN,3,345312,31,43,28,5138,39,1,2016-12-15T10:25:03.000Z,st_petersburg,2016-12-15T00:00:00.000Z,50,Tug,St. Petersburg,1
59.88225,30.19496,0,0,88,1,SPB,RU,141,0,KAPITAN SOROKIN,3,345312,31,43,28,5138,39,1,2016-12-15T10:25:04.000Z,st_petersburg,2016-12-15T00:00:00.000Z,50,Tug,St. Petersburg,1
59.88225,30.19496,0,0,88,4,SPB,RU,141,0,KAPITAN SOROKIN,3,345312,31,43,28,5138,39,1,2016-12-15T10:27:03.000Z,st_petersburg,2016-12-15T00:00:00.000Z,50,Tug,St. Petersburg,1
59.88225,30.19496,0,0,88,4,SPB,RU,141,0,KAPITAN SOROKIN,3,345312,31,43,28,5138,39,1,2016-12-15T10:27:04.000Z,st_petersburg,2016-12-15T00:00:00.000Z,50,Tug,St. Petersburg,1
59.88223,30.19497,0,0,88,3,SPB,RU,141,0,KAPITAN SOROKIN,3,345312,31,43,28,5138,39,1,2016-12-15T10:29:04.000Z,st_petersburg,2016-12-15T00:00:00.000Z,50,Tug,St. Petersburg,1
59.88223,30.19497,0,0,88,3,SPB,RU,141,0,KAPITAN SOROKIN,3,345312,31,43,28,5138,39,1,2016-12-15T10:29:05.000Z,st_petersburg,2016-12-15T00:00:00.000Z,50,Tug,St. Petersburg,1
59.88227,30.19491,0,0,88,2,SPB,RU,141,0,KAPITAN SOROKIN,3,345312,31,43,28,5138,39,1,2016-12-15T10:31:04.000Z,st_petersburg,2016-12-15T00:00:00.000Z,50,Tug,St. Petersburg,1
59.88227,30.19491,0,0,88,2,SPB,RU,141,0,KAPITAN SOROKIN,3,345312,31,43,28,5138,39,1,2016-12-15T10:31:05.000Z,st_petersburg,2016-12-15T00:00:00.000Z,50,Tug,St. Petersburg,1
59.88227,30.19491,0,0,88,4,SPB,RU,141,0,KAPITAN SOROKIN,3,345312,31,43,28,5138,39,1,2016-12-15T10:33:03.000Z,st_petersburg,2016-12-15T00:00:00.000Z,50,Tug,St. Petersburg,1
59.88227,30.19491,0,0,88,2,SPB,RU,141,0,KAPITAN SOROKIN,3,345312,31,43,28,5138,39,1,2016-12-15T10:33:04.000Z,st_petersburg,2016-12-15T00:00:00.000Z,50,Tug,St. Petersburg,1
59.88225,30.19495,0,0,88,3,SPB,RU,141,0,KAPITAN SOROKIN,3,345312,31,43,28,5138,39,1,2016-12-15T10:35:04.000Z,st_petersburg,2016-12-15T00:00:00.000Z,50,Tug,St. Petersburg,1
59.88225,30.19495,0,0,88,3,SPB,RU,141,0,KAPITAN SOROKIN,3,345312,31,43,28,5138,39,1,2016-12-15T10:35:04.000Z,st_petersburg,2016-12-15T00:00:00.000Z,50,Tug,St. Petersburg,1
59.88223,30.19495,0,0,88,2,SPB,RU,141,0,KAPITAN SOROKIN,3,345312,31,43,28,5138,39,1,2016-12-15T10:37:04.000Z,st_petersburg,2016-12-15T00:00:00.000Z,50,Tug,St. Petersburg,1
59.88223,30.19495,0,0,88,2,SPB,RU,141,0,KAPITAN SOROKIN,3,345312,31,43,28,5138,39,1,2016-12-15T10:37:05.000Z,st_petersburg,2016-12-15T00:00:00.000Z,50,Tug,St. Petersburg,1
59.88223,30.19495,0,0,88,4,SPB,RU,141,0,KAPITAN SOROKIN,3,345312,31,43,28,5138,39,1,2016-12-15T10:39:03.000Z,st_petersburg,2016-12-15T00:00:00.000Z,50,Tug,St. Petersburg,1
59.88223,30.19495,0,0,88,4,SPB,RU,141,0,KAPITAN SOROKIN,3,345312,31,43,28,5138,39,1,2016-12-15T10:39:04.000Z,st_petersburg,2016-12-15T00:00:00.000Z,50,Tug,St. Petersburg,1
59.88225,30.19492,0,0,88,2,SPB,RU,141,0,KAPITAN SOROKIN,3,345312,31,43,28,5138,39,1,2016-12-15T10:41:03.000Z,st_petersburg,2016-12-15T00:00:00.000Z,50,Tug,St. Petersburg,1
59.88225,30.19492,0,0,88,2,SPB,RU,141,0,KAPITAN SOROKIN,3,345312,31,43,28,5138,39,1,2016-12-15T10:41:04.000Z,st_petersburg,2016-12-15T00:00:00.000Z,50,Tug,St. Petersburg,1
59.88225,30.19492,0,0,88,4,SPB,RU,141,0,KAPITAN SOROKIN,3,345312,31,43,28,5138,39,1,2016-12-15T10:43:04.000Z,st_petersburg,2016-12-15T00:00:00.000Z,50,Tug,St. Petersburg,1
59.88225,30.19492,0,0,88,4,SPB,RU,141,0,KAPITAN SOROKIN,3,345312,31,43,28,5138,39,1,2016-12-15T10:43:05.000Z,st_petersburg,2016-12-15T00:00:00.000Z,50,Tug,St. Petersburg,1
59.88227,30.19495,0,0,88,3,SPB,RU,141,0,KAPITAN SOROKIN,3,345312,31,43,28,5138,39,1,2016-12-15T10:45:03.000Z,st_petersburg,2016-12-15T00:00:00.000Z,50,Tug,St. Petersburg,1
59.88227,30.19495,0,0,88,3,SPB,RU,141,0,KAPITAN SOROKIN,3,345312,31,43,28,5138,39,1,2016-12-15T10:45:04.000Z,st_petersburg,2016-12-15T00:00:00.000Z,50,Tug,St. Petersburg,1
59.88226,30.19492,0,0,88,2,SPB,RU,141,0,KAPITAN SOROKIN,3,345312,31,43,28,5138,39,1,2016-12-15T10:47:04.000Z,st_petersburg,2016-12-15T00:00:00.000Z,50,Tug,St. Petersburg,1
59.88226,30.19492,0,0,88,2,SPB,RU,141,0,KAPITAN SOROKIN,3,345312,31,43,28,5138,39,1,2016-12-15T10:47:05.000Z,st_petersburg,2016-12-15T00:00:00.000Z,50,Tug,St. Petersburg,1
59.88226,30.19492,0,0,88,4,SPB,RU,141,0,KAPITAN SOROKIN,3,345312,31,43,28,5138,39,1,2016-12-15T10:49:04.000Z,st_petersburg,2016-12-15T00:00:00.000Z,50,Tug,St. Petersburg,1
59.88226,30.19492,0,0,88,2,SPB,RU,141,0,KAPITAN SOROKIN,3,345312,31,43,28,5138,39,1,2016-12-15T10:49:05.000Z,st_petersburg,2016-12-15T00:00:00.000Z,50,Tug,St. Petersburg,1
59.88226,30.19492,0,0,88,6,SPB,RU,141,0,KAPITAN SOROKIN,3,345312,31,43,28,5138,39,1,2016-12-15T10:51:04.000Z,st_petersburg,2016-12-15T00:00:00.000Z,50,Tug,St. Petersburg,1
59.88226,30.19492,0,0,88,6,SPB,RU,141,0,KAPITAN SOROKIN,3,345312,31,43,28,5138,39,1,2016-12-15T10:51:05.000Z,st_petersburg,2016-12-15T00:00:00.000Z,50,Tug,St. Petersburg,1
59.88226,30.19492,0,0,88,8,SPB,RU,141,0,KAPITAN SOROKIN,3,345312,31,43,28,5138,39,1,2016-12-15T10:53:03.000Z,st_petersburg,2016-12-15T00:00:00.000Z,50,Tug,St. Petersburg,1
59.88226,30.19492,0,0,88,6,SPB,RU,141,0,KAPITAN SOROKIN,3,345312,31,43,28,5138,39,1,2016-12-15T10:53:04.000Z,st_petersburg,2016-12-15T00:00:00.000Z,50,Tug,St. Petersburg,1
59.88227,30.19492,0,0,88,2,SPB,RU,141,0,KAPITAN SOROKIN,3,345312,31,43,28,5138,39,1,2016-12-15T10:55:04.000Z,st_petersburg,2016-12-15T00:00:00.000Z,50,Tug,St. Petersburg,1
59.88226,30.19492,0,0,88,8,SPB,RU,141,0,KAPITAN SOROKIN,3,345312,31,43,28,5138,39,1,2016-12-15T10:55:05.000Z,st_petersburg,2016-12-15T00:00:00.000Z,50,Tug,St. Petersburg,1
59.88227,30.19492,0,0,88,4,SPB,RU,141,0,KAPITAN SOROKIN,3,345312,31,43,28,5138,39,1,2016-12-15T10:57:03.000Z,st_petersburg,2016-12-15T00:00:00.000Z,50,Tug,St. Petersburg,1
59.88227,30.19492,0,0,88,4,SPB,RU,141,0,KAPITAN SOROKIN,3,345312,31,43,28,5138,39,1,2016-12-15T10:57:04.000Z,st_petersburg,2016-12-15T00:00:00.000Z,50,Tug,St. Petersburg,1
59.88229,30.19494,0,0,88,3,SPB,RU,141,0,KAPITAN SOROKIN,3,345312,31,43,28,5138,39,1,2016-12-15T10:59:04.000Z,st_petersburg,2016-12-15T00:00:00.000Z,50,Tug,St. Petersburg,1
59.88229,30.19494,0,0,88,3,SPB,RU,141,0,KAPITAN SOROKIN,3,345312,31,43,28,5138,39,1,2016-12-15T10:59:04.000Z,st_petersburg,2016-12-15T00:00:00.000Z,50,Tug,St. Petersburg,1
59.88225,30.19495,0,0,88,2,SPB,RU,141,0,KAPITAN SOROKIN,3,345312,31,43,28,5138,39,1,2016-12-15T11:01:04.000Z,st_petersburg,2016-12-15T00:00:00.000Z,50,Tug,St. Petersburg,1
59.88229,30.19494,0,0,88,4,SPB,RU,141,0,KAPITAN SOROKIN,3,345312,31,43,28,5138,39,1,2016-12-15T11:01:04.000Z,st_petersburg,2016-12-15T00:00:00.000Z,50,Tug,St. Petersburg,1
59.88225,30.19495,0,0,88,4,SPB,RU,141,0,KAPITAN SOROKIN,3,345312,31,43,28,5138,39,1,2016-12-15T11:03:03.000Z,st_petersburg,2016-12-15T00:00:00.000Z,50,Tug,St. Petersburg,1
59.88225,30.19495,0,0,88,3,SPB,RU,141,0,KAPITAN SOROKIN,3,345312,31,43,28,5138,39,1,2016-12-15T11:03:04.000Z,st_petersburg,2016-12-15T00:00:00.000Z,50,Tug,St. Petersburg,1
59.88227,30.19495,0,0,88,2,SPB,RU,141,0,KAPITAN SOROKIN,3,345312,31,43,28,5138,39,1,2016-12-15T11:05:03.000Z,st_petersburg,2016-12-15T00:00:00.000Z,50,Tug,St. Petersburg,1
59.88227,30.19495,0,0,88,2,SPB,RU,141,0,KAPITAN SOROKIN,3,345312,31,43,28,5138,39,1,2016-12-15T11:05:04.000Z,st_petersburg,2016-12-15T00:00:00.000Z,50,Tug,St. Petersburg,1
59.88227,30.19495,0,0,88,4,SPB,RU,141,0,KAPITAN SOROKIN,3,345312,31,43,28,5138,39,1,2016-12-15T11:07:04.000Z,st_petersburg,2016-12-15T00:00:00.000Z,50,Tug,St. Petersburg,1
59.88227,30.19495,0,0,88,4,SPB,RU,141,0,KAPITAN SOROKIN,3,345312,31,43,28,5138,39,1,2016-12-15T11:07:05.000Z,st_petersburg,2016-12-15T00:00:00.000Z,50,Tug,St. Petersburg,1
59.88227,30.19493,0,0,88,3,SPB,RU,141,0,KAPITAN SOROKIN,3,345312,31,43,28,5138,39,1,2016-12-15T11:09:04.000Z,st_petersburg,2016-12-15T00:00:00.000Z,50,Tug,St. Petersburg,1
59.88227,30.19495,0,0,88,4,SPB,RU,141,0,KAPITAN SOROKIN,3,345312,31,43,28,5138,39,1,2016-12-15T11:09:05.000Z,st_petersburg,2016-12-15T00:00:00.000Z,50,Tug,St. Petersburg,1
59.88227,30.19493,0,0,88,5,SPB,RU,141,0,KAPITAN SOROKIN,3,345312,31,43,28,5138,39,1,2016-12-15T11:11:04.000Z,st_petersburg,2016-12-15T00:00:00.000Z,50,Tug,St. Petersburg,1
59.88227,30.19493,0,0,88,5,SPB,RU,141,0,KAPITAN SOROKIN,3,345312,31,43,28,5138,39,1,2016-12-15T11:11:05.000Z,st_petersburg,2016-12-15T00:00:00.000Z,50,Tug,St. Petersburg,1
59.88227,30.19493,0,0,88,5,SPB,RU,141,0,KAPITAN SOROKIN,3,345312,31,43,28,5138,39,1,2016-12-15T11:13:03.000Z,st_petersburg,2016-12-15T00:00:00.000Z,50,Tug,St. Petersburg,1
59.88227,30.19493,0,0,88,7,SPB,RU,141,0,KAPITAN SOROKIN,3,345312,31,43,28,5138,39,1,2016-12-15T11:13:04.000Z,st_petersburg,2016-12-15T00:00:00.000Z,50,Tug,St. Petersburg,1
59.88227,30.19493,0,0,88,9,SPB,RU,141,0,KAPITAN SOROKIN,3,345312,31,43,28,5138,39,1,2016-12-15T11:15:04.000Z,st_petersburg,2016-12-15T00:00:00.000Z,50,Tug,St. Petersburg,1
59.88227,30.19493,0,0,88,9,SPB,RU,141,0,KAPITAN SOROKIN,3,345312,31,43,28,5138,39,1,2016-12-15T11:15:05.000Z,st_petersburg,2016-12-15T00:00:00.000Z,50,Tug,St. Petersburg,1
59.88227,30.19493,0,0,88,11,SPB,RU,141,0,KAPITAN SOROKIN,3,345312,31,43,28,5138,39,1,2016-12-15T11:17:04.000Z,st_petersburg,2016-12-15T00:00:00.000Z,50,Tug,St. Petersburg,1
59.88227,30.19493,0,0,88,11,SPB,RU,141,0,KAPITAN SOROKIN,3,345312,31,43,28,5138,39,1,2016-12-15T11:17:05.000Z,st_petersburg,2016-12-15T00:00:00.000Z,50,Tug,St. Petersburg,1
59.88225,30.19492,0,0,88,2,SPB,RU,141,0,KAPITAN SOROKIN,3,345312,31,43,28,5138,39,1,2016-12-15T11:19:04.000Z,st_petersburg,2016-12-15T00:00:00.000Z,50,Tug,St. Petersburg,1
59.88225,30.19492,0,0,88,2,SPB,RU,141,0,KAPITAN SOROKIN,3,345312,31,43,28,5138,39,1,2016-12-15T11:19:05.000Z,st_petersburg,2016-12-15T00:00:00.000Z,50,Tug,St. Petersburg,1
59.88225,30.19492,0,0,88,4,SPB,RU,141,0,KAPITAN SOROKIN,3,345312,31,43,28,5138,39,1,2016-12-15T11:21:03.000Z,st_petersburg,2016-12-15T00:00:00.000Z,50,Tug,St. Petersburg,1
59.88225,30.19492,0,0,88,3,SPB,RU,141,0,KAPITAN SOROKIN,3,345312,31,43,28,5138,39,1,2016-12-15T11:21:04.000Z,st_petersburg,2016-12-15T00:00:00.000Z,50,Tug,St. Petersburg,1
59.88223,30.19498,0,0,88,3,SPB,RU,141,0,KAPITAN SOROKIN,3,345312,31,43,28,5138,39,1,2016-12-15T11:23:04.000Z,st_petersburg,2016-12-15T00:00:00.000Z,50,Tug,St. Petersburg,1
59.88223,30.19498,0,0,88,3,SPB,RU,141,0,KAPITAN SOROKIN,3,345312,31,43,28,5138,39,1,2016-12-15T11:23:05.000Z,st_petersburg,2016-12-15T00:00:00.000Z,50,Tug,St. Petersburg,1
59.88223,30.19498,0,0,88,5,SPB,RU,141,0,KAPITAN SOROKIN,3,345312,31,43,28,5138,39,1,2016-12-15T11:25:03.000Z,st_petersburg,2016-12-15T00:00:00.000Z,50,Tug,St. Petersburg,1
59.88223,30.19498,0,0,88,5,SPB,RU,141,0,KAPITAN SOROKIN,3,345312,31,43,28,5138,39,1,2016-12-15T11:25:04.000Z,st_petersburg,2016-12-15T00:00:00.000Z,50,Tug,St. Petersburg,1
59.88223,30.19498,0,0,88,7,SPB,RU,141,0,KAPITAN SOROKIN,3,345312,31,43,28,5138,39,1,2016-12-15T11:27:04.000Z,st_petersburg,2016-12-15T00:00:00.000Z,50,Tug,St. Petersburg,1
59.88223,30.19498,0,0,88,5,SPB,RU,141,0,KAPITAN SOROKIN,3,345312,31,43,28,5138,39,1,2016-12-15T11:27:05.000Z,st_petersburg,2016-12-15T00:00:00.000Z,50,Tug,St. Petersburg,1
59.88229,30.19495,0,0,88,3,SPB,RU,141,0,KAPITAN SOROKIN,3,345312,31,43,28,5138,39,1,2016-12-15T11:29:03.000Z,st_petersburg,2016-12-15T00:00:00.000Z,50,Tug,St. Petersburg,1
59.88229,30.19495,0,0,88,3,SPB,RU,141,0,KAPITAN SOROKIN,3,345312,31,43,28,5138,39,1,2016-12-15T11:29:04.000Z,st_petersburg,2016-12-15T00:00:00.000Z,50,Tug,St. Petersburg,1
59.88224,30.19497,0,0,88,2,SPB,RU,141,0,KAPITAN SOROKIN,3,345312,31,43,28,5138,39,1,2016-12-15T11:31:04.000Z,st_petersburg,2016-12-15T00:00:00.000Z,50,Tug,St. Petersburg,1
59.88224,30.19497,0,0,88,2,SPB,RU,141,0,KAPITAN SOROKIN,3,345312,31,43,28,5138,39,1,2016-12-15T11:31:05.000Z,st_petersburg,2016-12-15T00:00:00.000Z,50,Tug,St. Petersburg,1
59.88224,30.19497,0,0,88,4,SPB,RU,141,0,KAPITAN SOROKIN,3,345312,31,43,28,5138,39,1,2016-12-15T11:33:04.000Z,st_petersburg,2016-12-15T00:00:00.000Z,50,Tug,St. Petersburg,1
59.88224,30.19497,0,0,88,4,SPB,RU,141,0,KAPITAN SOROKIN,3,345312,31,43,28,5138,39,1,2016-12-15T11:33:05.000Z,st_petersburg,2016-12-15T00:00:00.000Z,50,Tug,St. Petersburg,1
59.88225,30.19494,0,0,88,3,SPB,RU,141,0,KAPITAN SOROKIN,3,345312,31,43,28,5138,39,1,2016-12-15T11:35:03.000Z,st_petersburg,2016-12-15T00:00:00.000Z,50,Tug,St. Petersburg,1
59.88225,30.19494,0,0,88,2,SPB,RU,141,0,KAPITAN SOROKIN,3,345312,31,43,28,5138,39,1,2016-12-15T11:35:04.000Z,st_petersburg,2016-12-15T00:00:00.000Z,50,Tug,St. Petersburg,1
59.88224,30.19498,0,0,88,2,SPB,RU,141,0,KAPITAN SOROKIN,3,345312,31,43,28,5138,39,1,2016-12-15T11:37:04.000Z,st_petersburg,2016-12-15T00:00:00.000Z,50,Tug,St. Petersburg,1
59.88224,30.19498,0,0,88,2,SPB,RU,141,0,KAPITAN SOROKIN,3,345312,31,43,28,5138,39,1,2016-12-15T11:37:05.000Z,st_petersburg,2016-12-15T00:00:00.000Z,50,Tug,St. Petersburg,1
59.88224,30.19498,0,0,88,4,SPB,RU,141,0,KAPITAN SOROKIN,3,345312,31,43,28,5138,39,1,2016-12-15T11:39:05.000Z,st_petersburg,2016-12-15T00:00:00.000Z,50,Tug,St. Petersburg,1
59.88224,30.19498,0,0,88,4,SPB,RU,141,0,KAPITAN SOROKIN,3,345312,31,43,28,5138,39,1,2016-12-15T11:39:06.000Z,st_petersburg,2016-12-15T00:00:00.000Z,50,Tug,St. Petersburg,1
59.88224,30.19498,0,0,88,4,SPB,RU,141,0,KAPITAN SOROKIN,3,345312,31,43,28,5138,39,1,2016-12-15T11:41:04.000Z,st_petersburg,2016-12-15T00:00:00.000Z,50,Tug,St. Petersburg,1
59.88224,30.19498,0,0,88,6,SPB,RU,141,0,KAPITAN SOROKIN,3,345312,31,43,28,5138,39,1,2016-12-15T11:41:05.000Z,st_petersburg,2016-12-15T00:00:00.000Z,50,Tug,St. Petersburg,1
59.88224,30.19498,0,0,88,8,SPB,RU,141,0,KAPITAN SOROKIN,3,345312,31,43,28,5138,39,1,2016-12-15T11:43:04.000Z,st_petersburg,2016-12-15T00:00:00.000Z,50,Tug,St. Petersburg,1
59.88224,30.19498,0,0,88,8,SPB,RU,141,0,KAPITAN SOROKIN,3,345312,31,43,28,5138,39,1,2016-12-15T11:43:05.000Z,st_petersburg,2016-12-15T00:00:00.000Z,50,Tug,St. Petersburg,1
59.88223,30.19492,0,0,88,2,SPB,RU,141,0,KAPITAN SOROKIN,3,345312,31,43,28,5138,39,1,2016-12-15T11:45:04.000Z,st_petersburg,2016-12-15T00:00:00.000Z,50,Tug,St. Petersburg,1
59.88223,30.19492,0,0,88,2,SPB,RU,141,0,KAPITAN SOROKIN,3,345312,31,43,28,5138,39,1,2016-12-15T11:45:05.000Z,st_petersburg,2016-12-15T00:00:00.000Z,50,Tug,St. Petersburg,1
59.88223,30.19492,0,0,88,4,SPB,RU,141,0,KAPITAN SOROKIN,3,345312,31,43,28,5138,39,1,2016-12-15T11:47:03.000Z,st_petersburg,2016-12-15T00:00:00.000Z,50,Tug,St. Petersburg,1
59.88223,30.19492,0,0,88,2,SPB,RU,141,0,KAPITAN SOROKIN,3,345312,31,43,28,5138,39,1,2016-12-15T11:47:04.000Z,st_petersburg,2016-12-15T00:00:00.000Z,50,Tug,St. Petersburg,1
59.88225,30.19495,0,0,88,3,SPB,RU,141,0,KAPITAN SOROKIN,3,345312,31,43,28,5138,39,1,2016-12-15T11:49:03.000Z,st_petersburg,2016-12-15T00:00:00.000Z,50,Tug,St. Petersburg,1
59.88225,30.19495,0,0,88,3,SPB,RU,141,0,KAPITAN SOROKIN,3,345312,31,43,28,5138,39,1,2016-12-15T11:49:04.000Z,st_petersburg,2016-12-15T00:00:00.000Z,50,Tug,St. Petersburg,1
59.88224,30.19497,0,0,88,2,SPB,RU,141,0,KAPITAN SOROKIN,3,345312,31,43,28,5138,39,1,2016-12-15T11:51:03.000Z,st_petersburg,2016-12-15T00:00:00.000Z,50,Tug,St. Petersburg,1
59.88225,30.19495,0,0,88,4,SPB,RU,141,0,KAPITAN SOROKIN,3,345312,31,43,28,5138,39,1,2016-12-15T11:51:04.000Z,st_petersburg,2016-12-15T00:00:00.000Z,50,Tug,St. Petersburg,1
59.88224,30.19497,0,0,88,4,SPB,RU,141,0,KAPITAN SOROKIN,3,345312,31,43,28,5138,39,1,2016-12-15T11:53:05.000Z,st_petersburg,2016-12-15T00:00:00.000Z,50,Tug,St. Petersburg,1
59.88224,30.19497,0,0,88,2,SPB,RU,141,0,KAPITAN SOROKIN,3,345312,31,43,28,5138,39,1,2016-12-15T11:53:06.000Z,st_petersburg,2016-12-15T00:00:00.000Z,50,Tug,St. Petersburg,1
59.88224,30.19497,0,0,88,6,SPB,RU,141,0,KAPITAN SOROKIN,3,345312,31,43,28,5138,39,1,2016-12-15T11:55:04.000Z,st_petersburg,2016-12-15T00:00:00.000Z,50,Tug,St. Petersburg,1
59.88224,30.19497,0,0,88,5,SPB,RU,141,0,KAPITAN SOROKIN,3,345312,31,43,28,5138,39,1,2016-12-15T11:55:05.000Z,st_petersburg,2016-12-15T00:00:00.000Z,50,Tug,St. Petersburg,1
59.88222,30.19492,0,0,88,2,SPB,RU,141,0,KAPITAN SOROKIN,3,345312,31,43,28,5138,39,1,2016-12-15T11:57:03.000Z,st_petersburg,2016-12-15T00:00:00.000Z,50,Tug,St. Petersburg,1
59.88224,30.19497,0,0,88,7,SPB,RU,141,0,KAPITAN SOROKIN,3,345312,31,43,28,5138,39,1,2016-12-15T11:57:04.000Z,st_petersburg,2016-12-15T00:00:00.000Z,50,Tug,St. Petersburg,1
59.88222,30.19492,0,0,88,4,SPB,RU,141,0,KAPITAN SOROKIN,3,345312,31,43,28,5138,39,1,2016-12-15T11:59:03.000Z,st_petersburg,2016-12-15T00:00:00.000Z,50,Tug,St. Petersburg,1
59.88222,30.19492,0,0,88,4,SPB,RU,141,0,KAPITAN SOROKIN,3,345312,31,43,28,5138,39,1,2016-12-15T11:59:04.000Z,st_petersburg,2016-12-15T00:00:00.000Z,50,Tug,St. Petersburg,1
59.88225,30.19497,0,0,88,3,SPB,RU,141,0,KAPITAN SOROKIN,3,345312,31,43,28,5138,39,1,2016-12-15T12:01:04.000Z,st_petersburg,2016-12-15T00:00:00.000Z,50,Tug,St. Petersburg,1
59.88225,30.19497,0,0,88,2,SPB,RU,141,0,KAPITAN SOROKIN,3,345312,31,43,28,5138,39,1,2016-12-15T12:01:05.000Z,st_petersburg,2016-12-15T00:00:00.000Z,50,Tug,St. Petersburg,1
59.88225,30.19493,0,0,88,2,SPB,RU,141,0,KAPITAN SOROKIN,3,345312,31,43,28,5138,39,1,2016-12-15T12:03:03.000Z,st_petersburg,2016-12-15T00:00:00.000Z,50,Tug,St. Petersburg,1
59.88225,30.19493,0,0,88,2,SPB,RU,141,0,KAPITAN SOROKIN,3,345312,31,43,28,5138,39,1,2016-12-15T12:03:04.000Z,st_petersburg,2016-12-15T00:00:00.000Z,50,Tug,St. Petersburg,1
59.88225,30.19493,0,0,88,4,SPB,RU,141,0,KAPITAN SOROKIN,3,345312,31,43,28,5138,39,1,2016-12-15T12:05:04.000Z,st_petersburg,2016-12-15T00:00:00.000Z,50,Tug,St. Petersburg,1
59.88225,30.19493,0,0,88,4,SPB,RU,141,0,KAPITAN SOROKIN,3,345312,31,43,28,5138,39,1,2016-12-15T12:05:05.000Z,st_petersburg,2016-12-15T00:00:00.000Z,50,Tug,St. Petersburg,1
59.88237,30.19512,0,0,88,2,SPB,RU,141,0,KAPITAN SOROKIN,3,345312,31,43,28,5138,39,1,2016-12-15T12:07:04.000Z,st_petersburg,2016-12-15T00:00:00.000Z,50,Tug,St. Petersburg,1
59.88237,30.19512,0,0,88,3,SPB,RU,141,0,KAPITAN SOROKIN,3,345312,31,43,28,5138,39,1,2016-12-15T12:07:05.000Z,st_petersburg,2016-12-15T00:00:00.000Z,50,Tug,St. Petersburg,1
59.88229,30.19495,0,0,88,2,SPB,RU,141,0,KAPITAN SOROKIN,3,345312,31,43,28,5138,39,1,2016-12-15T12:09:04.000Z,st_petersburg,2016-12-15T00:00:00.000Z,50,Tug,St. Petersburg,1
59.88229,30.19495,0,0,88,2,SPB,RU,141,0,KAPITAN SOROKIN,3,345312,31,43,28,5138,39,1,2016-12-15T12:09:05.000Z,st_petersburg,2016-12-15T00:00:00.000Z,50,Tug,St. Petersburg,1
59.88229,30.19495,0,0,88,4,SPB,RU,141,0,KAPITAN SOROKIN,3,345312,31,43,28,5138,39,1,2016-12-15T12:11:04.000Z,st_petersburg,2016-12-15T00:00:00.000Z,50,Tug,St. Petersburg,1
59.88229,30.19495,0,0,88,4,SPB,RU,141,0,KAPITAN SOROKIN,3,345312,31,43,28,5138,39,1,2016-12-15T12:11:05.000Z,st_petersburg,2016-12-15T00:00:00.000Z,50,Tug,St. Petersburg,1
59.88229,30.19495,0,0,88,6,SPB,RU,141,0,KAPITAN SOROKIN,3,345312,31,43,28,5138,39,1,2016-12-15T12:13:03.000Z,st_petersburg,2016-12-15T00:00:00.000Z,50,Tug,St. Petersburg,1
59.88229,30.19495,0,0,88,6,SPB,RU,141,0,KAPITAN SOROKIN,3,345312,31,43,28,5138,39,1,2016-12-15T12:13:04.000Z,st_petersburg,2016-12-15T00:00:00.000Z,50,Tug,St. Petersburg,1
59.88229,30.19495,0,0,88,8,SPB,RU,141,0,KAPITAN SOROKIN,3,345312,31,43,28,5138,39,1,2016-12-15T12:15:04.000Z,st_petersburg,2016-12-15T00:00:00.000Z,50,Tug,St. Petersburg,1
59.88229,30.19495,0,0,88,7,SPB,RU,141,0,KAPITAN SOROKIN,3,345312,31,43,28,5138,39,1,2016-12-15T12:15:05.000Z,st_petersburg,2016-12-15T00:00:00.000Z,50,Tug,St. Petersburg,1
59.88225,30.19494,0,0,88,2,SPB,RU,141,0,KAPITAN SOROKIN,3,345312,31,43,28,5138,39,1,2016-12-15T12:17:04.000Z,st_petersburg,2016-12-15T00:00:00.000Z,50,Tug,St. Petersburg,1
59.88225,30.19494,0,0,88,2,SPB,RU,141,0,KAPITAN SOROKIN,3,345312,31,43,28,5138,39,1,2016-12-15T12:17:05.000Z,st_petersburg,2016-12-15T00:00:00.000Z,50,Tug,St. Petersburg,1
59.88225,30.19494,0,0,88,4,SPB,RU,141,0,KAPITAN SOROKIN,3,345312,31,43,28,5138,39,1,2016-12-15T12:19:04.000Z,st_petersburg,2016-12-15T00:00:00.000Z,50,Tug,St. Petersburg,1
59.88225,30.19494,0,0,88,4,SPB,RU,141,0,KAPITAN SOROKIN,3,345312,31,43,28,5138,39,1,2016-12-15T12:19:05.000Z,st_petersburg,2016-12-15T00:00:00.000Z,50,Tug,St. Petersburg,1
59.88225,30.19495,0,0,88,3,SPB,RU,141,0,KAPITAN SOROKIN,3,345312,31,43,28,5138,39,1,2016-12-15T12:21:04.000Z,st_petersburg,2016-12-15T00:00:00.000Z,50,Tug,St. Petersburg,1
59.88225,30.19495,0,0,88,3,SPB,RU,141,0,KAPITAN SOROKIN,3,345312,31,43,28,5138,39,1,2016-12-15T12:21:05.000Z,st_petersburg,2016-12-15T00:00:00.000Z,50,Tug,St. Petersburg,1
59.88225,30.19495,0,0,88,3,SPB,RU,141,0,KAPITAN SOROKIN,3,345312,31,43,28,5138,39,1,2016-12-15T12:23:04.000Z,st_petersburg,2016-12-15T00:00:00.000Z,50,Tug,St. Petersburg,1
59.88225,30.19493,0,0,88,2,SPB,RU,141,0,KAPITAN SOROKIN,3,345312,31,43,28,5138,39,1,2016-12-15T12:23:05.000Z,st_petersburg,2016-12-15T00:00:00.000Z,50,Tug,St. Petersburg,1
59.88225,30.19493,0,0,88,4,SPB,RU,141,0,KAPITAN SOROKIN,3,345312,31,43,28,5138,39,1,2016-12-15T12:25:05.000Z,st_petersburg,2016-12-15T00:00:00.000Z,50,Tug,St. Petersburg,1
59.88225,30.19493,0,0,88,4,SPB,RU,141,0,KAPITAN SOROKIN,3,345312,31,43,28,5138,39,1,2016-12-15T12:25:06.000Z,st_petersburg,2016-12-15T00:00:00.000Z,50,Tug,St. Petersburg,1
59.88227,30.19494,0,0,88,3,SPB,RU,141,0,KAPITAN SOROKIN,3,345312,31,43,28,5138,39,1,2016-12-15T12:27:08.000Z,st_petersburg,2016-12-15T00:00:00.000Z,50,Tug,St. Petersburg,1
59.88227,30.19494,0,0,88,3,SPB,RU,141,0,KAPITAN SOROKIN,3,345312,31,43,28,5138,39,1,2016-12-15T12:27:09.000Z,st_petersburg,2016-12-15T00:00:00.000Z,50,Tug,St. Petersburg,1
59.88227,30.19497,0,0,88,2,SPB,RU,141,0,KAPITAN SOROKIN,3,345312,31,43,28,5138,39,1,2016-12-15T12:29:03.000Z,st_petersburg,2016-12-15T00:00:00.000Z,50,Tug,St. Petersburg,1
59.88227,30.19497,0,0,88,1,SPB,RU,141,0,KAPITAN SOROKIN,3,345312,31,43,28,5138,39,1,2016-12-15T12:29:04.000Z,st_petersburg,2016-12-15T00:00:00.000Z,50,Tug,St. Petersburg,1
59.88227,30.19497,0,0,88,4,SPB,RU,141,0,KAPITAN SOROKIN,3,345312,31,43,28,5138,39,1,2016-12-15T12:31:03.000Z,st_petersburg,2016-12-15T00:00:00.000Z,50,Tug,St. Petersburg,1
59.88227,30.19497,0,0,88,3,SPB,RU,141,0,KAPITAN SOROKIN,3,345312,31,43,28,5138,39,1,2016-12-15T12:31:04.000Z,st_petersburg,2016-12-15T00:00:00.000Z,50,Tug,St. Petersburg,1
59.88228,30.19496,0,0,88,2,SPB,RU,141,0,KAPITAN SOROKIN,3,345312,31,43,28,5138,39,1,2016-12-15T12:33:04.000Z,st_petersburg,2016-12-15T00:00:00.000Z,50,Tug,St. Petersburg,1
59.88228,30.19496,0,0,88,2,SPB,RU,141,0,KAPITAN SOROKIN,3,345312,31,43,28,5138,39,1,2016-12-15T12:33:05.000Z,st_petersburg,2016-12-15T00:00:00.000Z,50,Tug,St. Petersburg,1
59.88228,30.19496,0,0,88,4,SPB,RU,141,0,KAPITAN SOROKIN,3,345312,31,43,28,5138,39,1,2016-12-15T12:35:04.000Z,st_petersburg,2016-12-15T00:00:00.000Z,50,Tug,St. Petersburg,1
59.88228,30.19496,0,0,88,4,SPB,RU,141,0,KAPITAN SOROKIN,3,345312,31,43,28,5138,39,1,2016-12-15T12:35:05.000Z,st_petersburg,2016-12-15T00:00:00.000Z,50,Tug,St. Petersburg,1
59.88227,30.19496,0,0,88,3,SPB,RU,141,0,KAPITAN SOROKIN,3,345312,31,43,28,5138,39,1,2016-12-15T12:37:04.000Z,st_petersburg,2016-12-15T00:00:00.000Z,50,Tug,St. Petersburg,1
59.88227,30.19496,0,0,88,3,SPB,RU,141,0,KAPITAN SOROKIN,3,345312,31,43,28,5138,39,1,2016-12-15T12:37:05.000Z,st_petersburg,2016-12-15T00:00:00.000Z,50,Tug,St. Petersburg,1
59.88227,30.19496,0,0,88,3,SPB,RU,141,0,KAPITAN SOROKIN,3,345312,31,43,28,5138,39,1,2016-12-15T12:39:03.000Z,st_petersburg,2016-12-15T00:00:00.000Z,50,Tug,St. Petersburg,1
59.88227,30.19496,0,0,88,3,SPB,RU,141,0,KAPITAN SOROKIN,3,345312,31,43,28,5138,39,1,2016-12-15T12:39:04.000Z,st_petersburg,2016-12-15T00:00:00.000Z,50,Tug,St. Petersburg,1
59.88226,30.19495,0,0,88,3,SPB,RU,141,0,KAPITAN SOROKIN,3,345312,31,43,28,5138,39,1,2016-12-15T12:41:04.000Z,st_petersburg,2016-12-15T00:00:00.000Z,50,Tug,St. Petersburg,1
59.88226,30.19495,0,0,88,3,SPB,RU,141,0,KAPITAN SOROKIN,3,345312,31,43,28,5138,39,1,2016-12-15T12:41:05.000Z,st_petersburg,2016-12-15T00:00:00.000Z,50,Tug,St. Petersburg,1
59.88226,30.19495,0,0,88,5,SPB,RU,141,0,KAPITAN SOROKIN,3,345312,31,43,28,5138,39,1,2016-12-15T12:43:04.000Z,st_petersburg,2016-12-15T00:00:00.000Z,50,Tug,St. Petersburg,1
59.88226,30.19495,0,0,88,5,SPB,RU,141,0,KAPITAN SOROKIN,3,345312,31,43,28,5138,39,1,2016-12-15T12:43:05.000Z,st_petersburg,2016-12-15T00:00:00.000Z,50,Tug,St. Petersburg,1
59.88226,30.19495,0,0,88,5,SPB,RU,141,0,KAPITAN SOROKIN,3,345312,31,43,28,5138,39,1,2016-12-15T12:45:04.000Z,st_petersburg,2016-12-15T00:00:00.000Z,50,Tug,St. Petersburg,1
59.88226,30.19495,0,0,88,6,SPB,RU,141,0,KAPITAN SOROKIN,3,345312,31,43,28,5138,39,1,2016-12-15T12:45:05.000Z,st_petersburg,2016-12-15T00:00:00.000Z,50,Tug,St. Petersburg,1
59.88226,30.19495,0,0,88,9,SPB,RU,141,0,KAPITAN SOROKIN,3,345312,31,43,28,5138,39,1,2016-12-15T12:47:04.000Z,st_petersburg,2016-12-15T00:00:00.000Z,50,Tug,St. Petersburg,1
59.88226,30.19495,0,0,88,9,SPB,RU,141,0,KAPITAN SOROKIN,3,345312,31,43,28,5138,39,1,2016-12-15T12:47:04.000Z,st_petersburg,2016-12-15T00:00:00.000Z,50,Tug,St. Petersburg,1
59.88228,30.19495,0,0,88,3,SPB,RU,141,0,KAPITAN SOROKIN,3,345312,31,43,28,5138,39,1,2016-12-15T12:49:03.000Z,st_petersburg,2016-12-15T00:00:00.000Z,50,Tug,St. Petersburg,1
59.88228,30.19495,0,0,88,2,SPB,RU,141,0,KAPITAN SOROKIN,3,345312,31,43,28,5138,39,1,2016-12-15T12:49:04.000Z,st_petersburg,2016-12-15T00:00:00.000Z,50,Tug,St. Petersburg,1
59.88227,30.19493,0,0,88,2,SPB,RU,141,0,KAPITAN SOROKIN,3,345312,31,43,28,5138,39,1,2016-12-15T12:51:04.000Z,st_petersburg,2016-12-15T00:00:00.000Z,50,Tug,St. Petersburg,1
59.88227,30.19493,0,0,88,2,SPB,RU,141,0,KAPITAN SOROKIN,3,345312,31,43,28,5138,39,1,2016-12-15T12:51:05.000Z,st_petersburg,2016-12-15T00:00:00.000Z,50,Tug,St. Petersburg,1
59.88227,30.19493,0,0,88,4,SPB,RU,141,0,KAPITAN SOROKIN,3,345312,31,43,28,5138,39,1,2016-12-15T12:53:03.000Z,st_petersburg,2016-12-15T00:00:00.000Z,50,Tug,St. Petersburg,1
59.88227,30.19493,0,0,88,4,SPB,RU,141,0,KAPITAN SOROKIN,3,345312,31,43,28,5138,39,1,2016-12-15T12:53:04.000Z,st_petersburg,2016-12-15T00:00:00.000Z,50,Tug,St. Petersburg,1
59.88225,30.1949,0,0,88,3,SPB,RU,141,0,KAPITAN SOROKIN,3,345312,31,43,28,5138,39,1,2016-12-15T12:55:03.000Z,st_petersburg,2016-12-15T00:00:00.000Z,50,Tug,St. Petersburg,1
59.88225,30.1949,0,0,88,3,SPB,RU,141,0,KAPITAN SOROKIN,3,345312,31,43,28,5138,39,1,2016-12-15T12:55:04.000Z,st_petersburg,2016-12-15T00:00:00.000Z,50,Tug,St. Petersburg,1
59.88224,30.19493,0,0,88,2,SPB,RU,141,0,KAPITAN SOROKIN,3,345312,31,43,28,5138,39,1,2016-12-15T12:57:03.000Z,st_petersburg,2016-12-15T00:00:00.000Z,50,Tug,St. Petersburg,1
59.88224,30.19493,0,0,88,2,SPB,RU,141,0,KAPITAN SOROKIN,3,345312,31,43,28,5138,39,1,2016-12-15T12:57:04.000Z,st_petersburg,2016-12-15T00:00:00.000Z,50,Tug,St. Petersburg,1
59.88224,30.19493,0,0,88,4,SPB,RU,141,0,KAPITAN SOROKIN,3,345312,31,43,28,5138,39,1,2016-12-15T12:59:03.000Z,st_petersburg,2016-12-15T00:00:00.000Z,50,Tug,St. Petersburg,1
59.88224,30.19493,0,0,88,4,SPB,RU,141,0,KAPITAN SOROKIN,3,345312,31,43,28,5138,39,1,2016-12-15T12:59:05.000Z,st_petersburg,2016-12-15T00:00:00.000Z,50,Tug,St. Petersburg,1
59.88224,30.19493,0,0,88,6,SPB,RU,141,0,KAPITAN SOROKIN,3,345312,31,43,28,5138,39,1,2016-12-15T13:01:03.000Z,st_petersburg,2016-12-15T00:00:00.000Z,50,Tug,St. Petersburg,1
59.88224,30.19493,0,0,88,6,SPB,RU,141,0,KAPITAN SOROKIN,3,345312,31,43,28,5138,39,1,2016-12-15T13:01:04.000Z,st_petersburg,2016-12-15T00:00:00.000Z,50,Tug,St. Petersburg,1
59.88224,30.19493,0,0,88,8,SPB,RU,141,0,KAPITAN SOROKIN,3,345312,31,43,28,5138,39,1,2016-12-15T13:03:04.000Z,st_petersburg,2016-12-15T00:00:00.000Z,50,Tug,St. Petersburg,1
59.88224,30.19493,0,0,88,8,SPB,RU,141,0,KAPITAN SOROKIN,3,345312,31,43,28,5138,39,1,2016-12-15T13:03:05.000Z,st_petersburg,2016-12-15T00:00:00.000Z,50,Tug,St. Petersburg,1
59.88221,30.19495,0,0,88,2,SPB,RU,141,0,KAPITAN SOROKIN,3,345312,31,43,28,5138,39,1,2016-12-15T13:05:03.000Z,st_petersburg,2016-12-15T00:00:00.000Z,50,Tug,St. Petersburg,1
59.88221,30.19495,0,0,88,2,SPB,RU,141,0,KAPITAN SOROKIN,3,345312,31,43,28,5138,39,1,2016-12-15T13:05:04.000Z,st_petersburg,2016-12-15T00:00:00.000Z,50,Tug,St. Petersburg,1
59.88221,30.19495,0,0,88,4,SPB,RU,141,0,KAPITAN SOROKIN,3,345312,31,43,28,5138,39,1,2016-12-15T13:07:04.000Z,st_petersburg,2016-12-15T00:00:00.000Z,50,Tug,St. Petersburg,1
59.88221,30.19495,0,0,88,4,SPB,RU,141,0,KAPITAN SOROKIN,3,345312,31,43,28,5138,39,1,2016-12-15T13:07:05.000Z,st_petersburg,2016-12-15T00:00:00.000Z,50,Tug,St. Petersburg,1
59.88223,30.19494,0,0,88,3,SPB,RU,141,0,KAPITAN SOROKIN,3,345312,31,43,28,5138,39,1,2016-12-15T13:09:03.000Z,st_petersburg,2016-12-15T00:00:00.000Z,50,Tug,St. Petersburg,1
59.88223,30.19494,0,0,88,3,SPB,RU,141,0,KAPITAN SOROKIN,3,345312,31,43,28,5138,39,1,2016-12-15T13:09:04.000Z,st_petersburg,2016-12-15T00:00:00.000Z,50,Tug,St. Petersburg,1
59.88226,30.19493,0,0,88,2,SPB,RU,141,0,KAPITAN SOROKIN,3,345312,31,43,28,5138,39,1,2016-12-15T13:11:04.000Z,st_petersburg,2016-12-15T00:00:00.000Z,50,Tug,St. Petersburg,1
59.88223,30.19494,0,0,88,4,SPB,RU,141,0,KAPITAN SOROKIN,3,345312,31,43,28,5138,39,1,2016-12-15T13:11:05.000Z,st_petersburg,2016-12-15T00:00:00.000Z,50,Tug,St. Petersburg,1
59.88226,30.19493,0,0,88,4,SPB,RU,141,0,KAPITAN SOROKIN,3,345312,31,43,28,5138,39,1,2016-12-15T13:13:03.000Z,st_petersburg,2016-12-15T00:00:00.000Z,50,Tug,St. Petersburg,1
59.88226,30.19493,0,0,88,4,SPB,RU,141,0,KAPITAN SOROKIN,3,345312,31,43,28,5138,39,1,2016-12-15T13:13:04.000Z,st_petersburg,2016-12-15T00:00:00.000Z,50,Tug,St. Petersburg,1
59.88226,30.19493,0,0,88,6,SPB,RU,141,0,KAPITAN SOROKIN,3,345312,31,43,28,5138,39,1,2016-12-15T13:15:04.000Z,st_petersburg,2016-12-15T00:00:00.000Z,50,Tug,St. Petersburg,1
59.88226,30.19493,0,0,88,6,SPB,RU,141,0,KAPITAN SOROKIN,3,345312,31,43,28,5138,39,1,2016-12-15T13:15:05.000Z,st_petersburg,2016-12-15T00:00:00.000Z,50,Tug,St. Petersburg,1
59.88226,30.19493,0,0,88,8,SPB,RU,141,0,KAPITAN SOROKIN,3,345312,31,43,28,5138,39,1,2016-12-15T13:17:04.000Z,st_petersburg,2016-12-15T00:00:00.000Z,50,Tug,St. Petersburg,1
59.88226,30.19493,0,0,88,6,SPB,RU,141,0,KAPITAN SOROKIN,3,345312,31,43,28,5138,39,1,2016-12-15T13:17:04.000Z,st_petersburg,2016-12-15T00:00:00.000Z,50,Tug,St. Petersburg,1
59.88227,30.19494,0,0,88,2,SPB,RU,141,0,KAPITAN SOROKIN,3,345312,31,43,28,5138,39,1,2016-12-15T13:19:04.000Z,st_petersburg,2016-12-15T00:00:00.000Z,50,Tug,St. Petersburg,1
59.88227,30.19494,0,0,88,2,SPB,RU,141,0,KAPITAN SOROKIN,3,345312,31,43,28,5138,39,1,2016-12-15T13:19:04.000Z,st_petersburg,2016-12-15T00:00:00.000Z,50,Tug,St. Petersburg,1
59.88227,30.19494,0,0,88,4,SPB,RU,141,0,KAPITAN SOROKIN,3,345312,31,43,28,5138,39,1,2016-12-15T13:21:04.000Z,st_petersburg,2016-12-15T00:00:00.000Z,50,Tug,St. Petersburg,1
59.88227,30.19494,0,0,88,4,SPB,RU,141,0,KAPITAN SOROKIN,3,345312,31,43,28,5138,39,1,2016-12-15T13:21:05.000Z,st_petersburg,2016-12-15T00:00:00.000Z,50,Tug,St. Petersburg,1
59.88224,30.19499,0,0,88,3,SPB,RU,141,0,KAPITAN SOROKIN,3,345312,31,43,28,5138,39,1,2016-12-15T13:23:03.000Z,st_petersburg,2016-12-15T00:00:00.000Z,50,Tug,St. Petersburg,1
59.88224,30.19499,0,0,88,3,SPB,RU,141,0,KAPITAN SOROKIN,3,345312,31,43,28,5138,39,1,2016-12-15T13:23:04.000Z,st_petersburg,2016-12-15T00:00:00.000Z,50,Tug,St. Petersburg,1
59.88224,30.19499,0,0,88,5,SPB,RU,141,0,KAPITAN SOROKIN,3,345312,31,43,28,5138,39,1,2016-12-15T13:25:04.000Z,st_petersburg,2016-12-15T00:00:00.000Z,50,Tug,St. Petersburg,1
59.88224,30.19499,0,0,88,5,SPB,RU,141,0,KAPITAN SOROKIN,3,345312,31,43,28,5138,39,1,2016-12-15T13:25:05.000Z,st_petersburg,2016-12-15T00:00:00.000Z,50,Tug,St. Petersburg,1
59.88224,30.19499,0,0,88,7,SPB,RU,141,0,KAPITAN SOROKIN,3,345312,31,43,28,5138,39,1,2016-12-15T13:27:03.000Z,st_petersburg,2016-12-15T00:00:00.000Z,50,Tug,St. Petersburg,1
59.88224,30.19499,0,0,88,7,SPB,RU,141,0,KAPITAN SOROKIN,3,345312,31,43,28,5138,39,1,2016-12-15T13:27:04.000Z,st_petersburg,2016-12-15T00:00:00.000Z,50,Tug,St. Petersburg,1
59.88225,30.19495,0,0,88,3,SPB,RU,141,0,KAPITAN SOROKIN,3,345312,31,43,28,5138,39,1,2016-12-15T13:29:04.000Z,st_petersburg,2016-12-15T00:00:00.000Z,50,Tug,St. Petersburg,1
59.88225,30.19495,0,0,88,3,SPB,RU,141,0,KAPITAN SOROKIN,3,345312,31,43,28,5138,39,1,2016-12-15T13:29:05.000Z,st_petersburg,2016-12-15T00:00:00.000Z,50,Tug,St. Petersburg,1
59.88221,30.19496,0,0,88,2,SPB,RU,141,0,KAPITAN SOROKIN,3,345312,31,43,28,5138,39,1,2016-12-15T13:31:04.000Z,st_petersburg,2016-12-15T00:00:00.000Z,50,Tug,St. Petersburg,1
59.88221,30.19496,0,0,88,2,SPB,RU,141,0,KAPITAN SOROKIN,3,345312,31,43,28,5138,39,1,2016-12-15T13:31:05.000Z,st_petersburg,2016-12-15T00:00:00.000Z,50,Tug,St. Petersburg,1
59.88221,30.19496,0,0,88,4,SPB,RU,141,0,KAPITAN SOROKIN,3,345312,31,43,28,5138,39,1,2016-12-15T13:33:03.000Z,st_petersburg,2016-12-15T00:00:00.000Z,50,Tug,St. Petersburg,1
59.88221,30.19496,0,0,88,3,SPB,RU,141,0,KAPITAN SOROKIN,3,345312,31,43,28,5138,39,1,2016-12-15T13:33:04.000Z,st_petersburg,2016-12-15T00:00:00.000Z,50,Tug,St. Petersburg,1
59.88224,30.19494,0,0,88,2,SPB,RU,141,0,KAPITAN SOROKIN,3,345312,31,43,28,5138,39,1,2016-12-15T13:35:04.000Z,st_petersburg,2016-12-15T00:00:00.000Z,50,Tug,St. Petersburg,1
59.88224,30.19494,0,0,88,2,SPB,RU,141,0,KAPITAN SOROKIN,3,345312,31,43,28,5138,39,1,2016-12-15T13:35:05.000Z,st_petersburg,2016-12-15T00:00:00.000Z,50,Tug,St. Petersburg,1
59.88224,30.19494,0,0,88,4,SPB,RU,141,0,KAPITAN SOROKIN,3,345312,31,43,28,5138,39,1,2016-12-15T13:37:03.000Z,st_petersburg,2016-12-15T00:00:00.000Z,50,Tug,St. Petersburg,1
59.88224,30.19494,0,0,88,4,SPB,RU,141,0,KAPITAN SOROKIN,3,345312,31,43,28,5138,39,1,2016-12-15T13:37:04.000Z,st_petersburg,2016-12-15T00:00:00.000Z,50,Tug,St. Petersburg,1
59.88228,30.19492,0,0,88,3,SPB,RU,141,0,KAPITAN SOROKIN,3,345312,31,43,28,5138,39,1,2016-12-15T13:39:04.000Z,st_petersburg,2016-12-15T00:00:00.000Z,50,Tug,St. Petersburg,1
59.88228,30.19492,0,0,88,3,SPB,RU,141,0,KAPITAN SOROKIN,3,345312,31,43,28,5138,39,1,2016-12-15T13:39:05.000Z,st_petersburg,2016-12-15T00:00:00.000Z,50,Tug,St. Petersburg,1
59.88225,30.19497,0,0,88,2,SPB,RU,141,0,KAPITAN SOROKIN,3,345312,31,43,28,5138,39,1,2016-12-15T13:41:04.000Z,st_petersburg,2016-12-15T00:00:00.000Z,50,Tug,St. Petersburg,1
59.88225,30.19497,0,0,88,2,SPB,RU,141,0,KAPITAN SOROKIN,3,345312,31,43,28,5138,39,1,2016-12-15T13:41:05.000Z,st_petersburg,2016-12-15T00:00:00.000Z,50,Tug,St. Petersburg,1
59.88225,30.19497,0,0,88,4,SPB,RU,141,0,KAPITAN SOROKIN,3,345312,31,43,28,5138,39,1,2016-12-15T13:43:04.000Z,st_petersburg,2016-12-15T00:00:00.000Z,50,Tug,St. Petersburg,1
59.88225,30.19497,0,0,88,4,SPB,RU,141,0,KAPITAN SOROKIN,3,345312,31,43,28,5138,39,1,2016-12-15T13:43:04.000Z,st_petersburg,2016-12-15T00:00:00.000Z,50,Tug,St. Petersburg,1
59.88223,30.19496,0,0,88,3,SPB,RU,141,0,KAPITAN SOROKIN,3,345312,31,43,28,5138,39,1,2016-12-15T13:45:03.000Z,st_petersburg,2016-12-15T00:00:00.000Z,50,Tug,St. Petersburg,1
59.88223,30.19496,0,0,88,3,SPB,RU,141,0,KAPITAN SOROKIN,3,345312,31,43,28,5138,39,1,2016-12-15T13:45:04.000Z,st_petersburg,2016-12-15T00:00:00.000Z,50,Tug,St. Petersburg,1
59.88223,30.19496,0,0,88,5,SPB,RU,141,0,KAPITAN SOROKIN,3,345312,31,43,28,5138,39,1,2016-12-15T13:47:04.000Z,st_petersburg,2016-12-15T00:00:00.000Z,50,Tug,St. Petersburg,1
59.88223,30.19496,0,0,88,4,SPB,RU,141,0,KAPITAN SOROKIN,3,345312,31,43,28,5138,39,1,2016-12-15T13:47:05.000Z,st_petersburg,2016-12-15T00:00:00.000Z,50,Tug,St. Petersburg,1
59.88223,30.19496,0,0,88,7,SPB,RU,141,0,KAPITAN SOROKIN,3,345312,31,43,28,5138,39,1,2016-12-15T13:49:04.000Z,st_petersburg,2016-12-15T00:00:00.000Z,50,Tug,St. Petersburg,1
59.88223,30.19496,0,0,88,5,SPB,RU,141,0,KAPITAN SOROKIN,3,345312,31,43,28,5138,39,1,2016-12-15T13:49:05.000Z,st_petersburg,2016-12-15T00:00:00.000Z,50,Tug,St. Petersburg,1
59.88223,30.19496,0,0,88,9,SPB,RU,141,0,KAPITAN SOROKIN,3,345312,31,43,28,5138,39,1,2016-12-15T13:51:04.000Z,st_petersburg,2016-12-15T00:00:00.000Z,50,Tug,St. Petersburg,1
59.88223,30.19496,0,0,88,8,SPB,RU,141,0,KAPITAN SOROKIN,3,345312,31,43,28,5138,39,1,2016-12-15T13:51:05.000Z,st_petersburg,2016-12-15T00:00:00.000Z,50,Tug,St. Petersburg,1
59.88227,30.19494,0,0,88,3,SPB,RU,141,0,KAPITAN SOROKIN,3,345312,31,43,28,5138,39,1,2016-12-15T13:53:04.000Z,st_petersburg,2016-12-15T00:00:00.000Z,50,Tug,St. Petersburg,1
59.88227,30.19494,0,0,88,3,SPB,RU,141,0,KAPITAN SOROKIN,3,345312,31,43,28,5138,39,1,2016-12-15T13:53:05.000Z,st_petersburg,2016-12-15T00:00:00.000Z,50,Tug,St. Petersburg,1
59.88227,30.19494,0,0,88,3,SPB,RU,141,0,KAPITAN SOROKIN,3,345312,31,43,28,5138,39,1,2016-12-15T13:55:03.000Z,st_petersburg,2016-12-15T00:00:00.000Z,50,Tug,St. Petersburg,1
59.88223,30.19498,0,0,88,2,SPB,RU,141,0,KAPITAN SOROKIN,3,345312,31,43,28,5138,39,1,2016-12-15T13:55:04.000Z,st_petersburg,2016-12-15T00:00:00.000Z,50,Tug,St. Petersburg,1
59.88223,30.19498,0,0,88,4,SPB,RU,141,0,KAPITAN SOROKIN,3,345312,31,43,28,5138,39,1,2016-12-15T13:57:04.000Z,st_petersburg,2016-12-15T00:00:00.000Z,50,Tug,St. Petersburg,1
59.88223,30.19498,0,0,88,4,SPB,RU,141,0,KAPITAN SOROKIN,3,345312,31,43,28,5138,39,1,2016-12-15T13:57:05.000Z,st_petersburg,2016-12-15T00:00:00.000Z,50,Tug,St. Petersburg,1
59.88225,30.19494,0,0,88,3,SPB,RU,141,0,KAPITAN SOROKIN,3,345312,31,43,28,5138,39,1,2016-12-15T13:59:04.000Z,st_petersburg,2016-12-15T00:00:00.000Z,50,Tug,St. Petersburg,1
59.88225,30.19494,0,0,88,3,SPB,RU,141,0,KAPITAN SOROKIN,3,345312,31,43,28,5138,39,1,2016-12-15T13:59:05.000Z,st_petersburg,2016-12-15T00:00:00.000Z,50,Tug,St. Petersburg,1
59.88225,30.19494,0,0,88,5,SPB,RU,141,0,KAPITAN SOROKIN,3,345312,31,43,28,5138,39,1,2016-12-15T14:01:04.000Z,st_petersburg,2016-12-15T00:00:00.000Z,50,Tug,St. Petersburg,1
59.88225,30.19494,0,0,88,5,SPB,RU,141,0,KAPITAN SOROKIN,3,345312,31,43,28,5138,39,1,2016-12-15T14:01:05.000Z,st_petersburg,2016-12-15T00:00:00.000Z,50,Tug,St. Petersburg,1
59.88225,30.19494,0,0,88,7,SPB,RU,141,0,KAPITAN SOROKIN,3,345312,31,43,28,5138,39,1,2016-12-15T14:03:03.000Z,st_petersburg,2016-12-15T00:00:00.000Z,50,Tug,St. Petersburg,1
59.88225,30.19494,0,0,88,5,SPB,RU,141,0,KAPITAN SOROKIN,3,345312,31,43,28,5138,39,1,2016-12-15T14:03:04.000Z,st_petersburg,2016-12-15T00:00:00.000Z,50,Tug,St. Petersburg,1
59.88225,30.19494,0,0,88,9,SPB,RU,141,0,KAPITAN SOROKIN,3,345312,31,43,28,5138,39,1,2016-12-15T14:05:04.000Z,st_petersburg,2016-12-15T00:00:00.000Z,50,Tug,St. Petersburg,1
59.88225,30.19494,0,0,88,9,SPB,RU,141,0,KAPITAN SOROKIN,3,345312,31,43,28,5138,39,1,2016-12-15T14:05:05.000Z,st_petersburg,2016-12-15T00:00:00.000Z,50,Tug,St. Petersburg,1
59.88226,30.19494,0,0,88,3,SPB,RU,141,0,KAPITAN SOROKIN,3,345312,31,43,28,5138,39,1,2016-12-15T14:07:03.000Z,st_petersburg,2016-12-15T00:00:00.000Z,50,Tug,St. Petersburg,1
59.88225,30.19494,0,0,88,9,SPB,RU,141,0,KAPITAN SOROKIN,3,345312,31,43,28,5138,39,1,2016-12-15T14:07:04.000Z,st_petersburg,2016-12-15T00:00:00.000Z,50,Tug,St. Petersburg,1
59.88225,30.19497,0,0,88,2,SPB,RU,141,0,KAPITAN SOROKIN,3,345312,31,43,28,5138,39,1,2016-12-15T14:09:04.000Z,st_petersburg,2016-12-15T00:00:00.000Z,50,Tug,St. Petersburg,1
59.88225,30.19497,0,0,88,2,SPB,RU,141,0,KAPITAN SOROKIN,3,345312,31,43,28,5138,39,1,2016-12-15T14:09:05.000Z,st_petersburg,2016-12-15T00:00:00.000Z,50,Tug,St. Petersburg,1
59.88225,30.19497,0,0,88,4,SPB,RU,141,0,KAPITAN SOROKIN,3,345312,31,43,28,5138,39,1,2016-12-15T14:11:03.000Z,st_petersburg,2016-12-15T00:00:00.000Z,50,Tug,St. Petersburg,1
59.88225,30.19497,0,0,88,4,SPB,RU,141,0,KAPITAN SOROKIN,3,345312,31,43,28,5138,39,1,2016-12-15T14:11:04.000Z,st_petersburg,2016-12-15T00:00:00.000Z,50,Tug,St. Petersburg,1
59.88223,30.19498,0,0,88,3,SPB,RU,141,0,KAPITAN SOROKIN,3,345312,31,43,28,5138,39,1,2016-12-15T14:13:03.000Z,st_petersburg,2016-12-15T00:00:00.000Z,50,Tug,St. Petersburg,1
59.88223,30.19498,0,0,88,2,SPB,RU,141,0,KAPITAN SOROKIN,3,345312,31,43,28,5138,39,1,2016-12-15T14:13:04.000Z,st_petersburg,2016-12-15T00:00:00.000Z,50,Tug,St. Petersburg,1
59.88223,30.19498,0,0,88,5,SPB,RU,141,0,KAPITAN SOROKIN,3,345312,31,43,28,5138,39,1,2016-12-15T14:15:03.000Z,st_petersburg,2016-12-15T00:00:00.000Z,50,Tug,St. Petersburg,1
59.88223,30.19498,0,0,88,5,SPB,RU,141,0,KAPITAN SOROKIN,3,345312,31,43,28,5138,39,1,2016-12-15T14:15:04.000Z,st_petersburg,2016-12-15T00:00:00.000Z,50,Tug,St. Petersburg,1
59.88227,30.19493,0,0,88,3,SPB,RU,141,0,KAPITAN SOROKIN,3,345312,31,43,28,5138,39,1,2016-12-15T14:17:04.000Z,st_petersburg,2016-12-15T00:00:00.000Z,50,Tug,St. Petersburg,1
59.88227,30.19493,0,0,88,2,SPB,RU,141,0,KAPITAN SOROKIN,3,345312,31,43,28,5138,39,1,2016-12-15T14:17:05.000Z,st_petersburg,2016-12-15T00:00:00.000Z,50,Tug,St. Petersburg,1
59.88227,30.19493,0,0,88,5,SPB,RU,141,0,KAPITAN SOROKIN,3,345312,31,43,28,5138,39,1,2016-12-15T14:19:03.000Z,st_petersburg,2016-12-15T00:00:00.000Z,50,Tug,St. Petersburg,1
59.88227,30.19493,0,0,88,5,SPB,RU,141,0,KAPITAN SOROKIN,3,345312,31,43,28,5138,39,1,2016-12-15T14:19:04.000Z,st_petersburg,2016-12-15T00:00:00.000Z,50,Tug,St. Petersburg,1
59.88227,30.19493,0,0,88,7,SPB,RU,141,0,KAPITAN SOROKIN,3,345312,31,43,28,5138,39,1,2016-12-15T14:21:03.000Z,st_petersburg,2016-12-15T00:00:00.000Z,50,Tug,St. Petersburg,1
59.88227,30.19493,0,0,88,7,SPB,RU,141,0,KAPITAN SOROKIN,3,345312,31,43,28,5138,39,1,2016-12-15T14:21:04.000Z,st_petersburg,2016-12-15T00:00:00.000Z,50,Tug,St. Petersburg,1
59.88227,30.19493,0,0,88,9,SPB,RU,141,0,KAPITAN SOROKIN,3,345312,31,43,28,5138,39,1,2016-12-15T14:23:03.000Z,st_petersburg,2016-12-15T00:00:00.000Z,50,Tug,St. Petersburg,1
59.88227,30.19493,0,0,88,7,SPB,RU,141,0,KAPITAN SOROKIN,3,345312,31,43,28,5138,39,1,2016-12-15T14:23:04.000Z,st_petersburg,2016-12-15T00:00:00.000Z,50,Tug,St. Petersburg,1
59.88223,30.19496,0,0,88,3,SPB,RU,141,0,KAPITAN SOROKIN,3,345312,31,43,28,5138,39,1,2016-12-15T14:25:04.000Z,st_petersburg,2016-12-15T00:00:00.000Z,50,Tug,St. Petersburg,1
59.88223,30.19496,0,0,88,2,SPB,RU,141,0,KAPITAN SOROKIN,3,345312,31,43,28,5138,39,1,2016-12-15T14:25:05.000Z,st_petersburg,2016-12-15T00:00:00.000Z,50,Tug,St. Petersburg,1
59.88223,30.19497,0,0,88,2,SPB,RU,141,0,KAPITAN SOROKIN,3,345312,31,43,28,5138,39,1,2016-12-15T14:27:03.000Z,st_petersburg,2016-12-15T00:00:00.000Z,50,Tug,St. Petersburg,1
59.88223,30.19497,0,0,88,2,SPB,RU,141,0,KAPITAN SOROKIN,3,345312,31,43,28,5138,39,1,2016-12-15T14:27:04.000Z,st_petersburg,2016-12-15T00:00:00.000Z,50,Tug,St. Petersburg,1
59.88223,30.19497,0,0,88,4,SPB,RU,141,0,KAPITAN SOROKIN,3,345312,31,43,28,5138,39,1,2016-12-15T14:29:04.000Z,st_petersburg,2016-12-15T00:00:00.000Z,50,Tug,St. Petersburg,1
59.88223,30.19497,0,0,88,4,SPB,RU,141,0,KAPITAN SOROKIN,3,345312,31,43,28,5138,39,1,2016-12-15T14:29:05.000Z,st_petersburg,2016-12-15T00:00:00.000Z,50,Tug,St. Petersburg,1
59.88223,30.19497,0,0,88,4,SPB,RU,141,0,KAPITAN SOROKIN,3,345312,31,43,28,5138,39,1,2016-12-15T14:31:02.000Z,st_petersburg,2016-12-15T00:00:00.000Z,50,Tug,St. Petersburg,1
59.88229,30.19495,0,0,88,2,SPB,RU,141,0,KAPITAN SOROKIN,3,345312,31,43,28,5138,39,1,2016-12-15T14:31:03.000Z,st_petersburg,2016-12-15T00:00:00.000Z,50,Tug,St. Petersburg,1
59.88229,30.19495,0,0,88,4,SPB,RU,141,0,KAPITAN SOROKIN,3,345312,31,43,28,5138,39,1,2016-12-15T14:33:04.000Z,st_petersburg,2016-12-15T00:00:00.000Z,50,Tug,St. Petersburg,1
59.88229,30.19495,0,0,88,4,SPB,RU,141,0,KAPITAN SOROKIN,3,345312,31,43,28,5138,39,1,2016-12-15T14:33:05.000Z,st_petersburg,2016-12-15T00:00:00.000Z,50,Tug,St. Petersburg,1
59.88229,30.19495,0,0,88,6,SPB,RU,141,0,KAPITAN SOROKIN,3,345312,31,43,28,5138,39,1,2016-12-15T14:35:04.000Z,st_petersburg,2016-12-15T00:00:00.000Z,50,Tug,St. Petersburg,1
59.88229,30.19495,0,0,88,6,SPB,RU,141,0,KAPITAN SOROKIN,3,345312,31,43,28,5138,39,1,2016-12-15T14:35:05.000Z,st_petersburg,2016-12-15T00:00:00.000Z,50,Tug,St. Petersburg,1
59.88229,30.19495,0,0,88,8,SPB,RU,141,0,KAPITAN SOROKIN,3,345312,31,43,28,5138,39,1,2016-12-15T14:37:04.000Z,st_petersburg,2016-12-15T00:00:00.000Z,50,Tug,St. Petersburg,1
59.88229,30.19495,0,0,88,8,SPB,RU,141,0,KAPITAN SOROKIN,3,345312,31,43,28,5138,39,1,2016-12-15T14:37:05.000Z,st_petersburg,2016-12-15T00:00:00.000Z,50,Tug,St. Petersburg,1
59.88229,30.19495,0,0,88,8,SPB,RU,141,0,KAPITAN SOROKIN,3,345312,31,43,28,5138,39,1,2016-12-15T14:39:03.000Z,st_petersburg,2016-12-15T00:00:00.000Z,50,Tug,St. Petersburg,1
59.88227,30.19489,0,0,88,1,SPB,RU,141,0,KAPITAN SOROKIN,3,345312,31,43,28,5138,39,1,2016-12-15T14:39:04.000Z,st_petersburg,2016-12-15T00:00:00.000Z,50,Tug,St. Petersburg,1
59.88227,30.19489,0,0,88,4,SPB,RU,141,0,KAPITAN SOROKIN,3,345312,31,43,28,5138,39,1,2016-12-15T14:41:03.000Z,st_petersburg,2016-12-15T00:00:00.000Z,50,Tug,St. Petersburg,1
59.88227,30.19489,0,0,88,4,SPB,RU,141,0,KAPITAN SOROKIN,3,345312,31,43,28,5138,39,1,2016-12-15T14:41:04.000Z,st_petersburg,2016-12-15T00:00:00.000Z,50,Tug,St. Petersburg,1
59.88226,30.19494,1,0,88,3,SPB,RU,141,0,KAPITAN SOROKIN,3,345312,31,43,28,5138,39,1,2016-12-15T14:43:03.000Z,st_petersburg,2016-12-15T00:00:00.000Z,50,Tug,St. Petersburg,1
59.88226,30.19494,1,0,88,3,SPB,RU,141,0,KAPITAN SOROKIN,3,345312,31,43,28,5138,39,1,2016-12-15T14:43:04.000Z,st_petersburg,2016-12-15T00:00:00.000Z,50,Tug,St. Petersburg,1
59.88226,30.19494,1,0,88,5,SPB,RU,141,0,KAPITAN SOROKIN,3,345312,31,43,28,5138,39,1,2016-12-15T14:45:04.000Z,st_petersburg,2016-12-15T00:00:00.000Z,50,Tug,St. Petersburg,1
59.88226,30.19494,1,0,88,3,SPB,RU,141,0,KAPITAN SOROKIN,3,345312,31,43,28,5138,39,1,2016-12-15T14:45:05.000Z,st_petersburg,2016-12-15T00:00:00.000Z,50,Tug,St. Petersburg,1
59.88227,30.19494,0,0,88,3,SPB,RU,141,0,KAPITAN SOROKIN,3,345312,31,43,28,5138,39,1,2016-12-15T14:47:03.000Z,st_petersburg,2016-12-15T00:00:00.000Z,50,Tug,St. Petersburg,1
59.88227,30.19494,0,0,88,2,SPB,RU,141,0,KAPITAN SOROKIN,3,345312,31,43,28,5138,39,1,2016-12-15T14:47:04.000Z,st_petersburg,2016-12-15T00:00:00.000Z,50,Tug,St. Petersburg,1
59.88227,30.19494,0,0,88,5,SPB,RU,141,0,KAPITAN SOROKIN,3,345312,31,43,28,5138,39,1,2016-12-15T14:49:03.000Z,st_petersburg,2016-12-15T00:00:00.000Z,50,Tug,St. Petersburg,1
59.88227,30.19494,0,0,88,5,SPB,RU,141,0,KAPITAN SOROKIN,3,345312,31,43,28,5138,39,1,2016-12-15T14:49:04.000Z,st_petersburg,2016-12-15T00:00:00.000Z,50,Tug,St. Petersburg,1
59.88227,30.19494,0,0,88,7,SPB,RU,141,0,KAPITAN SOROKIN,3,345312,31,43,28,5138,39,1,2016-12-15T14:51:03.000Z,st_petersburg,2016-12-15T00:00:00.000Z,50,Tug,St. Petersburg,1
59.88227,30.19494,0,0,88,5,SPB,RU,141,0,KAPITAN SOROKIN,3,345312,31,43,28,5138,39,1,2016-12-15T14:51:04.000Z,st_petersburg,2016-12-15T00:00:00.000Z,50,Tug,St. Petersburg,1
59.88227,30.19494,0,0,88,9,SPB,RU,141,0,KAPITAN SOROKIN,3,345312,31,43,28,5138,39,1,2016-12-15T14:53:04.000Z,st_petersburg,2016-12-15T00:00:00.000Z,50,Tug,St. Petersburg,1
59.88227,30.19494,0,0,88,8,SPB,RU,141,0,KAPITAN SOROKIN,3,345312,31,43,28,5138,39,1,2016-12-15T14:53:05.000Z,st_petersburg,2016-12-15T00:00:00.000Z,50,Tug,St. Petersburg,1
59.88227,30.19495,0,0,88,3,SPB,RU,141,0,KAPITAN SOROKIN,3,345312,31,43,28,5138,39,1,2016-12-15T14:55:03.000Z,st_petersburg,2016-12-15T00:00:00.000Z,50,Tug,St. Petersburg,1
59.88227,30.19495,0,0,88,3,SPB,RU,141,0,KAPITAN SOROKIN,3,345312,31,43,28,5138,39,1,2016-12-15T14:55:05.000Z,st_petersburg,2016-12-15T00:00:00.000Z,50,Tug,St. Petersburg,1
59.88227,30.19495,0,0,88,5,SPB,RU,141,0,KAPITAN SOROKIN,3,345312,31,43,28,5138,39,1,2016-12-15T14:57:04.000Z,st_petersburg,2016-12-15T00:00:00.000Z,50,Tug,St. Petersburg,1
59.88227,30.19495,0,0,88,5,SPB,RU,141,0,KAPITAN SOROKIN,3,345312,31,43,28,5138,39,1,2016-12-15T14:57:05.000Z,st_petersburg,2016-12-15T00:00:00.000Z,50,Tug,St. Petersburg,1
59.88227,30.19495,0,0,88,7,SPB,RU,141,0,KAPITAN SOROKIN,3,345312,31,43,28,5138,39,1,2016-12-15T14:59:03.000Z,st_petersburg,2016-12-15T00:00:00.000Z,50,Tug,St. Petersburg,1
59.88227,30.19495,0,0,88,5,SPB,RU,141,0,KAPITAN SOROKIN,3,345312,31,43,28,5138,39,1,2016-12-15T14:59:04.000Z,st_petersburg,2016-12-15T00:00:00.000Z,50,Tug,St. Petersburg,1
59.88227,30.19495,0,0,88,9,SPB,RU,141,0,KAPITAN SOROKIN,3,345312,31,43,28,5138,39,1,2016-12-15T15:01:03.000Z,st_petersburg,2016-12-15T00:00:00.000Z,50,Tug,St. Petersburg,1
59.88227,30.19495,0,0,88,8,SPB,RU,141,0,KAPITAN SOROKIN,3,345312,31,43,28,5138,39,1,2016-12-15T15:01:04.000Z,st_petersburg,2016-12-15T00:00:00.000Z,50,Tug,St. Petersburg,1
59.88228,30.19492,0,0,88,3,SPB,RU,141,0,KAPITAN SOROKIN,3,345312,31,43,28,5138,39,1,2016-12-15T15:03:04.000Z,st_petersburg,2016-12-15T00:00:00.000Z,50,Tug,St. Petersburg,1
59.88228,30.19492,0,0,88,2,SPB,RU,141,0,KAPITAN SOROKIN,3,345312,31,43,28,5138,39,1,2016-12-15T15:03:04.000Z,st_petersburg,2016-12-15T00:00:00.000Z,50,Tug,St. Petersburg,1
59.88228,30.19492,0,0,88,7,SPB,RU,141,0,KAPITAN SOROKIN,3,345312,31,43,28,5138,39,1,2016-12-15T15:07:04.000Z,st_petersburg,2016-12-15T00:00:00.000Z,50,Tug,St. Petersburg,1
59.88228,30.19492,0,0,88,6,SPB,RU,141,0,KAPITAN SOROKIN,3,345312,31,43,28,5138,39,1,2016-12-15T15:07:05.000Z,st_petersburg,2016-12-15T00:00:00.000Z,50,Tug,St. Petersburg,1
59.88228,30.19492,0,0,88,9,SPB,RU,141,0,KAPITAN SOROKIN,3,345312,31,43,28,5138,39,1,2016-12-15T15:09:03.000Z,st_petersburg,2016-12-15T00:00:00.000Z,50,Tug,St. Petersburg,1
59.88228,30.19492,0,0,88,9,SPB,RU,141,0,KAPITAN SOROKIN,3,345312,31,43,28,5138,39,1,2016-12-15T15:09:04.000Z,st_petersburg,2016-12-15T00:00:00.000Z,50,Tug,St. Petersburg,1
59.88226,30.19496,0,0,88,3,SPB,RU,141,0,KAPITAN SOROKIN,3,345312,31,43,28,5138,39,1,2016-12-15T15:11:04.000Z,st_petersburg,2016-12-15T00:00:00.000Z,50,Tug,St. Petersburg,1
59.88226,30.19496,0,0,88,3,SPB,RU,141,0,KAPITAN SOROKIN,3,345312,31,43,28,5138,39,1,2016-12-15T15:11:05.000Z,st_petersburg,2016-12-15T00:00:00.000Z,50,Tug,St. Petersburg,1
59.88226,30.19496,0,0,88,5,SPB,RU,141,0,KAPITAN SOROKIN,3,345312,31,43,28,5138,39,1,2016-12-15T15:13:04.000Z,st_petersburg,2016-12-15T00:00:00.000Z,50,Tug,St. Petersburg,1
59.88226,30.19496,0,0,88,3,SPB,RU,141,0,KAPITAN SOROKIN,3,345312,31,43,28,5138,39,1,2016-12-15T15:13:05.000Z,st_petersburg,2016-12-15T00:00:00.000Z,50,Tug,St. Petersburg,1
59.88226,30.19496,0,0,88,7,SPB,RU,141,0,KAPITAN SOROKIN,3,345312,31,43,28,5138,39,1,2016-12-15T15:15:03.000Z,st_petersburg,2016-12-15T00:00:00.000Z,50,Tug,St. Petersburg,1
59.88226,30.19496,0,0,88,7,SPB,RU,141,0,KAPITAN SOROKIN,3,345312,31,43,28,5138,39,1,2016-12-15T15:15:04.000Z,st_petersburg,2016-12-15T00:00:00.000Z,50,Tug,St. Petersburg,1
59.88226,30.19496,0,0,88,9,SPB,RU,141,0,KAPITAN SOROKIN,3,345312,31,43,28,5138,39,1,2016-12-15T15:17:04.000Z,st_petersburg,2016-12-15T00:00:00.000Z,50,Tug,St. Petersburg,1
59.88226,30.19496,0,0,88,9,SPB,RU,141,0,KAPITAN SOROKIN,3,345312,31,43,28,5138,39,1,2016-12-15T15:17:05.000Z,st_petersburg,2016-12-15T00:00:00.000Z,50,Tug,St. Petersburg,1
59.88225,30.19496,0,0,88,3,SPB,RU,141,0,KAPITAN SOROKIN,3,345312,31,43,28,5138,39,1,2016-12-15T15:19:03.000Z,st_petersburg,2016-12-15T00:00:00.000Z,50,Tug,St. Petersburg,1
59.88225,30.19496,0,0,88,3,SPB,RU,141,0,KAPITAN SOROKIN,3,345312,31,43,28,5138,39,1,2016-12-15T15:19:04.000Z,st_petersburg,2016-12-15T00:00:00.000Z,50,Tug,St. Petersburg,1
59.88226,30.19492,0,0,88,2,SPB,RU,141,0,KAPITAN SOROKIN,3,345312,31,43,28,5138,39,1,2016-12-15T15:21:04.000Z,st_petersburg,2016-12-15T00:00:00.000Z,50,Tug,St. Petersburg,1
59.88226,30.19492,0,0,88,2,SPB,RU,141,0,KAPITAN SOROKIN,3,345312,31,43,28,5138,39,1,2016-12-15T15:21:05.000Z,st_petersburg,2016-12-15T00:00:00.000Z,50,Tug,St. Petersburg,1
59.88226,30.19492,0,0,88,4,SPB,RU,141,0,KAPITAN SOROKIN,3,345312,31,43,28,5138,39,1,2016-12-15T15:23:04.000Z,st_petersburg,2016-12-15T00:00:00.000Z,50,Tug,St. Petersburg,1
59.88226,30.19492,0,0,88,4,SPB,RU,141,0,KAPITAN SOROKIN,3,345312,31,43,28,5138,39,1,2016-12-15T15:23:05.000Z,st_petersburg,2016-12-15T00:00:00.000Z,50,Tug,St. Petersburg,1
59.88226,30.19492,0,0,88,6,SPB,RU,141,0,KAPITAN SOROKIN,3,345312,31,43,28,5138,39,1,2016-12-15T15:25:03.000Z,st_petersburg,2016-12-15T00:00:00.000Z,50,Tug,St. Petersburg,1
59.88226,30.19492,0,0,88,6,SPB,RU,141,0,KAPITAN SOROKIN,3,345312,31,43,28,5138,39,1,2016-12-15T15:25:04.000Z,st_petersburg,2016-12-15T00:00:00.000Z,50,Tug,St. Petersburg,1
59.88226,30.19492,0,0,88,8,SPB,RU,141,0,KAPITAN SOROKIN,3,345312,31,43,28,5138,39,1,2016-12-15T15:27:03.000Z,st_petersburg,2016-12-15T00:00:00.000Z,50,Tug,St. Petersburg,1
59.88226,30.19492,0,0,88,8,SPB,RU,141,0,KAPITAN SOROKIN,3,345312,31,43,28,5138,39,1,2016-12-15T15:27:05.000Z,st_petersburg,2016-12-15T00:00:00.000Z,50,Tug,St. Petersburg,1
59.88226,30.19492,0,0,88,10,SPB,RU,141,0,KAPITAN SOROKIN,3,345312,31,43,28,5138,39,1,2016-12-15T15:29:03.000Z,st_petersburg,2016-12-15T00:00:00.000Z,50,Tug,St. Petersburg,1
59.88226,30.19492,0,0,88,8,SPB,RU,141,0,KAPITAN SOROKIN,3,345312,31,43,28,5138,39,1,2016-12-15T15:29:04.000Z,st_petersburg,2016-12-15T00:00:00.000Z,50,Tug,St. Petersburg,1
59.88227,30.19494,0,0,88,4,SPB,RU,141,0,KAPITAN SOROKIN,3,345312,31,43,28,5138,39,1,2016-12-15T15:31:04.000Z,st_petersburg,2016-12-15T00:00:00.000Z,50,Tug,St. Petersburg,1
59.88227,30.19494,0,0,88,4,SPB,RU,141,0,KAPITAN SOROKIN,3,345312,31,43,28,5138,39,1,2016-12-15T15:31:05.000Z,st_petersburg,2016-12-15T00:00:00.000Z,50,Tug,St. Petersburg,1
59.88227,30.19494,0,0,88,4,SPB,RU,141,0,KAPITAN SOROKIN,3,345312,31,43,28,5138,39,1,2016-12-15T15:33:03.000Z,st_petersburg,2016-12-15T00:00:00.000Z,50,Tug,St. Petersburg,1
59.88224,30.19495,0,0,88,3,SPB,RU,141,0,KAPITAN SOROKIN,3,345312,31,43,28,5138,39,1,2016-12-15T15:33:04.000Z,st_petersburg,2016-12-15T00:00:00.000Z,50,Tug,St. Petersburg,1
59.88224,30.19495,0,0,88,5,SPB,RU,141,0,KAPITAN SOROKIN,3,345312,31,43,28,5138,39,1,2016-12-15T15:35:04.000Z,st_petersburg,2016-12-15T00:00:00.000Z,50,Tug,St. Petersburg,1
59.88224,30.19495,0,0,88,5,SPB,RU,141,0,KAPITAN SOROKIN,3,345312,31,43,28,5138,39,1,2016-12-15T15:35:05.000Z,st_petersburg,2016-12-15T00:00:00.000Z,50,Tug,St. Petersburg,1
59.88229,30.19495,0,0,88,3,SPB,RU,141,0,KAPITAN SOROKIN,3,345312,31,43,28,5138,39,1,2016-12-15T15:37:04.000Z,st_petersburg,2016-12-15T00:00:00.000Z,50,Tug,St. Petersburg,1
59.88229,30.19495,0,0,88,3,SPB,RU,141,0,KAPITAN SOROKIN,3,345312,31,43,28,5138,39,1,2016-12-15T15:37:05.000Z,st_petersburg,2016-12-15T00:00:00.000Z,50,Tug,St. Petersburg,1
59.88229,30.19495,0,0,88,5,SPB,RU,141,0,KAPITAN SOROKIN,3,345312,31,43,28,5138,39,1,2016-12-15T15:39:03.000Z,st_petersburg,2016-12-15T00:00:00.000Z,50,Tug,St. Petersburg,1
59.88229,30.19495,0,0,88,5,SPB,RU,141,0,KAPITAN SOROKIN,3,345312,31,43,28,5138,39,1,2016-12-15T15:39:05.000Z,st_petersburg,2016-12-15T00:00:00.000Z,50,Tug,St. Petersburg,1
59.88229,30.19495,0,0,88,7,SPB,RU,141,0,KAPITAN SOROKIN,3,345312,31,43,28,5138,39,1,2016-12-15T15:41:03.000Z,st_petersburg,2016-12-15T00:00:00.000Z,50,Tug,St. Petersburg,1
59.88229,30.19495,0,0,88,7,SPB,RU,141,0,KAPITAN SOROKIN,3,345312,31,43,28,5138,39,1,2016-12-15T15:41:04.000Z,st_petersburg,2016-12-15T00:00:00.000Z,50,Tug,St. Petersburg,1
59.88224,30.19493,0,0,88,3,SPB,RU,141,0,KAPITAN SOROKIN,3,345312,31,43,28,5138,39,1,2016-12-15T15:43:04.000Z,st_petersburg,2016-12-15T00:00:00.000Z,50,Tug,St. Petersburg,1
59.88224,30.19493,0,0,88,3,SPB,RU,141,0,KAPITAN SOROKIN,3,345312,31,43,28,5138,39,1,2016-12-15T15:43:05.000Z,st_petersburg,2016-12-15T00:00:00.000Z,50,Tug,St. Petersburg,1
59.88224,30.19492,0,0,88,2,SPB,RU,141,0,KAPITAN SOROKIN,3,345312,31,43,28,5138,39,1,2016-12-15T15:45:04.000Z,st_petersburg,2016-12-15T00:00:00.000Z,50,Tug,St. Petersburg,1
59.88224,30.19492,0,0,88,2,SPB,RU,141,0,KAPITAN SOROKIN,3,345312,31,43,28,5138,39,1,2016-12-15T15:45:05.000Z,st_petersburg,2016-12-15T00:00:00.000Z,50,Tug,St. Petersburg,1
59.88224,30.19492,0,0,88,4,SPB,RU,141,0,KAPITAN SOROKIN,3,345312,31,43,28,5138,39,1,2016-12-15T15:47:04.000Z,st_petersburg,2016-12-15T00:00:00.000Z,50,Tug,St. Petersburg,1
59.88224,30.19492,0,0,88,2,SPB,RU,141,0,KAPITAN SOROKIN,3,345312,31,43,28,5138,39,1,2016-12-15T15:47:04.000Z,st_petersburg,2016-12-15T00:00:00.000Z,50,Tug,St. Petersburg,1
59.88224,30.19495,0,0,88,3,SPB,RU,141,0,KAPITAN SOROKIN,3,345312,31,43,28,5138,39,1,2016-12-15T15:49:04.000Z,st_petersburg,2016-12-15T00:00:00.000Z,50,Tug,St. Petersburg,1
59.88224,30.19495,0,0,88,3,SPB,RU,141,0,KAPITAN SOROKIN,3,345312,31,43,28,5138,39,1,2016-12-15T15:49:04.000Z,st_petersburg,2016-12-15T00:00:00.000Z,50,Tug,St. Petersburg,1
59.88224,30.19495,0,0,88,5,SPB,RU,141,0,KAPITAN SOROKIN,3,345312,31,43,28,5138,39,1,2016-12-15T15:51:04.000Z,st_petersburg,2016-12-15T00:00:00.000Z,50,Tug,St. Petersburg,1
59.88224,30.19495,0,0,88,3,SPB,RU,141,0,KAPITAN SOROKIN,3,345312,31,43,28,5138,39,1,2016-12-15T15:51:04.000Z,st_petersburg,2016-12-15T00:00:00.000Z,50,Tug,St. Petersburg,1
59.88224,30.19492,0,0,88,3,SPB,RU,141,0,KAPITAN SOROKIN,3,345312,31,43,28,5138,39,1,2016-12-15T15:53:04.000Z,st_petersburg,2016-12-15T00:00:00.000Z,50,Tug,St. Petersburg,1
59.88224,30.19492,0,0,88,3,SPB,RU,141,0,KAPITAN SOROKIN,3,345312,31,43,28,5138,39,1,2016-12-15T15:53:04.000Z,st_petersburg,2016-12-15T00:00:00.000Z,50,Tug,St. Petersburg,1
59.88224,30.19493,0,0,88,2,SPB,RU,141,0,KAPITAN SOROKIN,3,345312,31,43,28,5138,39,1,2016-12-15T15:55:04.000Z,st_petersburg,2016-12-15T00:00:00.000Z,50,Tug,St. Petersburg,1
59.88224,30.19493,0,0,88,2,SPB,RU,141,0,KAPITAN SOROKIN,3,345312,31,43,28,5138,39,1,2016-12-15T15:55:05.000Z,st_petersburg,2016-12-15T00:00:00.000Z,50,Tug,St. Petersburg,1
59.88224,30.19493,0,0,88,4,SPB,RU,141,0,KAPITAN SOROKIN,3,345312,31,43,28,5138,39,1,2016-12-15T15:57:04.000Z,st_petersburg,2016-12-15T00:00:00.000Z,50,Tug,St. Petersburg,1
59.88224,30.19493,0,0,88,4,SPB,RU,141,0,KAPITAN SOROKIN,3,345312,31,43,28,5138,39,1,2016-12-15T15:57:05.000Z,st_petersburg,2016-12-15T00:00:00.000Z,50,Tug,St. Petersburg,1
59.88224,30.19493,0,0,88,4,SPB,RU,141,0,KAPITAN SOROKIN,3,345312,31,43,28,5138,39,1,2016-12-15T15:59:03.000Z,st_petersburg,2016-12-15T00:00:00.000Z,50,Tug,St. Petersburg,1
59.88224,30.19493,0,0,88,4,SPB,RU,141,0,KAPITAN SOROKIN,3,345312,31,43,28,5138,39,1,2016-12-15T15:59:04.000Z,st_petersburg,2016-12-15T00:00:00.000Z,50,Tug,St. Petersburg,1
59.88225,30.19493,0,0,88,2,SPB,RU,141,0,KAPITAN SOROKIN,3,345312,31,43,28,5138,39,1,2016-12-15T16:01:04.000Z,st_petersburg,2016-12-15T00:00:00.000Z,50,Tug,St. Petersburg,1
59.88225,30.19493,0,0,88,1,SPB,RU,141,0,KAPITAN SOROKIN,3,345312,31,43,28,5138,39,1,2016-12-15T16:01:05.000Z,st_petersburg,2016-12-15T00:00:00.000Z,50,Tug,St. Petersburg,1
59.88225,30.19493,0,0,88,4,SPB,RU,141,0,KAPITAN SOROKIN,3,345312,31,43,28,5138,39,1,2016-12-15T16:03:03.000Z,st_petersburg,2016-12-15T00:00:00.000Z,50,Tug,St. Petersburg,1
59.88225,30.19493,0,0,88,3,SPB,RU,141,0,KAPITAN SOROKIN,3,345312,31,43,28,5138,39,1,2016-12-15T16:03:04.000Z,st_petersburg,2016-12-15T00:00:00.000Z,50,Tug,St. Petersburg,1
59.88228,30.19492,0,0,88,3,SPB,RU,141,0,KAPITAN SOROKIN,3,345312,31,43,28,5138,39,1,2016-12-15T16:05:03.000Z,st_petersburg,2016-12-15T00:00:00.000Z,50,Tug,St. Petersburg,1
59.88228,30.19492,0,0,88,3,SPB,RU,141,0,KAPITAN SOROKIN,3,345312,31,43,28,5138,39,1,2016-12-15T16:05:04.000Z,st_petersburg,2016-12-15T00:00:00.000Z,50,Tug,St. Petersburg,1
59.88228,30.19492,0,0,88,5,SPB,RU,141,0,KAPITAN SOROKIN,3,345312,31,43,28,5138,39,1,2016-12-15T16:07:04.000Z,st_petersburg,2016-12-15T00:00:00.000Z,50,Tug,St. Petersburg,1
59.88228,30.19492,0,0,88,5,SPB,RU,141,0,KAPITAN SOROKIN,3,345312,31,43,28,5138,39,1,2016-12-15T16:07:05.000Z,st_petersburg,2016-12-15T00:00:00.000Z,50,Tug,St. Petersburg,1
59.88225,30.19493,0,0,88,3,SPB,RU,141,0,KAPITAN SOROKIN,3,345312,31,43,28,5138,39,1,2016-12-15T16:09:04.000Z,st_petersburg,2016-12-15T00:00:00.000Z,50,Tug,St. Petersburg,1
59.88225,30.19493,0,0,88,3,SPB,RU,141,0,KAPITAN SOROKIN,3,345312,31,43,28,5138,39,1,2016-12-15T16:09:05.000Z,st_petersburg,2016-12-15T00:00:00.000Z,50,Tug,St. Petersburg,1
59.88225,30.19493,0,0,88,5,SPB,RU,141,0,KAPITAN SOROKIN,3,345312,31,43,28,5138,39,1,2016-12-15T16:11:03.000Z,st_petersburg,2016-12-15T00:00:00.000Z,50,Tug,St. Petersburg,1
59.88225,30.19493,0,0,88,5,SPB,RU,141,0,KAPITAN SOROKIN,3,345312,31,43,28,5138,39,1,2016-12-15T16:11:04.000Z,st_petersburg,2016-12-15T00:00:00.000Z,50,Tug,St. Petersburg,1
59.88225,30.19493,0,0,88,7,SPB,RU,141,0,KAPITAN SOROKIN,3,345312,31,43,28,5138,39,1,2016-12-15T16:13:04.000Z,st_petersburg,2016-12-15T00:00:00.000Z,50,Tug,St. Petersburg,1
59.88225,30.19493,0,0,88,7,SPB,RU,141,0,KAPITAN SOROKIN,3,345312,31,43,28,5138,39,1,2016-12-15T16:13:05.000Z,st_petersburg,2016-12-15T00:00:00.000Z,50,Tug,St. Petersburg,1
59.88225,30.19493,0,0,88,9,SPB,RU,141,0,KAPITAN SOROKIN,3,345312,31,43,28,5138,39,1,2016-12-15T16:15:04.000Z,st_petersburg,2016-12-15T00:00:00.000Z,50,Tug,St. Petersburg,1
59.88225,30.19493,0,0,88,7,SPB,RU,141,0,KAPITAN SOROKIN,3,345312,31,43,28,5138,39,1,2016-12-15T16:15:04.000Z,st_petersburg,2016-12-15T00:00:00.000Z,50,Tug,St. Petersburg,1
59.88228,30.19495,0,0,88,3,SPB,RU,141,0,KAPITAN SOROKIN,3,345312,31,43,28,5138,39,1,2016-12-15T16:17:03.000Z,st_petersburg,2016-12-15T00:00:00.000Z,50,Tug,St. Petersburg,1
59.88225,30.19493,0,0,88,9,SPB,RU,141,0,KAPITAN SOROKIN,3,345312,31,43,28,5138,39,1,2016-12-15T16:17:04.000Z,st_petersburg,2016-12-15T00:00:00.000Z,50,Tug,St. Petersburg,1
59.88226,30.19494,0,0,88,2,SPB,RU,141,0,KAPITAN SOROKIN,3,345312,31,43,28,5138,39,1,2016-12-15T16:19:04.000Z,st_petersburg,2016-12-15T00:00:00.000Z,50,Tug,St. Petersburg,1
59.88226,30.19494,0,0,88,2,SPB,RU,141,0,KAPITAN SOROKIN,3,345312,31,43,28,5138,39,1,2016-12-15T16:19:05.000Z,st_petersburg,2016-12-15T00:00:00.000Z,50,Tug,St. Petersburg,1
59.88226,30.19494,0,0,88,4,SPB,RU,141,0,KAPITAN SOROKIN,3,345312,31,43,28,5138,39,1,2016-12-15T16:21:04.000Z,st_petersburg,2016-12-15T00:00:00.000Z,50,Tug,St. Petersburg,1
59.88226,30.19494,0,0,88,3,SPB,RU,141,0,KAPITAN SOROKIN,3,345312,31,43,28,5138,39,1,2016-12-15T16:21:05.000Z,st_petersburg,2016-12-15T00:00:00.000Z,50,Tug,St. Petersburg,1
59.88226,30.19494,0,0,88,6,SPB,RU,141,0,KAPITAN SOROKIN,3,345312,31,43,28,5138,39,1,2016-12-15T16:23:03.000Z,st_petersburg,2016-12-15T00:00:00.000Z,50,Tug,St. Petersburg,1
59.88226,30.19494,0,0,88,5,SPB,RU,141,0,KAPITAN SOROKIN,3,345312,31,43,28,5138,39,1,2016-12-15T16:23:04.000Z,st_petersburg,2016-12-15T00:00:00.000Z,50,Tug,St. Petersburg,1
59.88225,30.19495,0,0,88,2,SPB,RU,141,0,KAPITAN SOROKIN,3,345312,31,43,28,5138,39,1,2016-12-15T16:25:04.000Z,st_petersburg,2016-12-15T00:00:00.000Z,50,Tug,St. Petersburg,1
59.88225,30.19495,0,0,88,2,SPB,RU,141,0,KAPITAN SOROKIN,3,345312,31,43,28,5138,39,1,2016-12-15T16:25:05.000Z,st_petersburg,2016-12-15T00:00:00.000Z,50,Tug,St. Petersburg,1
59.88225,30.19495,0,0,88,4,SPB,RU,141,0,KAPITAN SOROKIN,3,345312,31,43,28,5138,39,1,2016-12-15T16:27:03.000Z,st_petersburg,2016-12-15T00:00:00.000Z,50,Tug,St. Petersburg,1
59.88225,30.19495,0,0,88,4,SPB,RU,141,0,KAPITAN SOROKIN,3,345312,31,43,28,5138,39,1,2016-12-15T16:27:04.000Z,st_petersburg,2016-12-15T00:00:00.000Z,50,Tug,St. Petersburg,1
59.88225,30.19495,0,0,88,6,SPB,RU,141,0,KAPITAN SOROKIN,3,345312,31,43,28,5138,39,1,2016-12-15T16:29:04.000Z,st_petersburg,2016-12-15T00:00:00.000Z,50,Tug,St. Petersburg,1
59.88225,30.19495,0,0,88,6,SPB,RU,141,0,KAPITAN SOROKIN,3,345312,31,43,28,5138,39,1,2016-12-15T16:29:05.000Z,st_petersburg,2016-12-15T00:00:00.000Z,50,Tug,St. Petersburg,1
59.88225,30.19495,0,0,88,7,SPB,RU,141,0,KAPITAN SOROKIN,3,345312,31,43,28,5138,39,1,2016-12-15T16:31:04.000Z,st_petersburg,2016-12-15T00:00:00.000Z,50,Tug,St. Petersburg,1
59.88225,30.19495,0,0,88,8,SPB,RU,141,0,KAPITAN SOROKIN,3,345312,31,43,28,5138,39,1,2016-12-15T16:31:05.000Z,st_petersburg,2016-12-15T00:00:00.000Z,50,Tug,St. Petersburg,1
59.88229,30.19498,0,0,88,2,SPB,RU,141,0,KAPITAN SOROKIN,3,345312,31,43,28,5138,39,1,2016-12-15T16:33:03.000Z,st_petersburg,2016-12-15T00:00:00.000Z,50,Tug,St. Petersburg,1
59.88229,30.19498,0,0,88,2,SPB,RU,141,0,KAPITAN SOROKIN,3,345312,31,43,28,5138,39,1,2016-12-15T16:33:04.000Z,st_petersburg,2016-12-15T00:00:00.000Z,50,Tug,St. Petersburg,1
59.88229,30.19498,0,0,88,4,SPB,RU,141,0,KAPITAN SOROKIN,3,345312,31,43,28,5138,39,1,2016-12-15T16:35:04.000Z,st_petersburg,2016-12-15T00:00:00.000Z,50,Tug,St. Petersburg,1
59.88229,30.19498,0,0,88,3,SPB,RU,141,0,KAPITAN SOROKIN,3,345312,31,43,28,5138,39,1,2016-12-15T16:35:05.000Z,st_petersburg,2016-12-15T00:00:00.000Z,50,Tug,St. Petersburg,1
59.88225,30.19498,0,0,88,3,SPB,RU,141,0,KAPITAN SOROKIN,3,345312,31,43,28,5138,39,1,2016-12-15T16:37:04.000Z,st_petersburg,2016-12-15T00:00:00.000Z,50,Tug,St. Petersburg,1
59.88225,30.19498,0,0,88,3,SPB,RU,141,0,KAPITAN SOROKIN,3,345312,31,43,28,5138,39,1,2016-12-15T16:37:05.000Z,st_petersburg,2016-12-15T00:00:00.000Z,50,Tug,St. Petersburg,1
59.88228,30.19497,0,0,88,2,SPB,RU,141,0,KAPITAN SOROKIN,3,345312,31,43,28,5138,39,1,2016-12-15T16:39:04.000Z,st_petersburg,2016-12-15T00:00:00.000Z,50,Tug,St. Petersburg,1
59.88228,30.19497,0,0,88,2,SPB,RU,141,0,KAPITAN SOROKIN,3,345312,31,43,28,5138,39,1,2016-12-15T16:39:05.000Z,st_petersburg,2016-12-15T00:00:00.000Z,50,Tug,St. Petersburg,1
59.88228,30.19497,0,0,88,4,SPB,RU,141,0,KAPITAN SOROKIN,3,345312,31,43,28,5138,39,1,2016-12-15T16:41:04.000Z,st_petersburg,2016-12-15T00:00:00.000Z,50,Tug,St. Petersburg,1
59.88228,30.19497,0,0,88,4,SPB,RU,141,0,KAPITAN SOROKIN,3,345312,31,43,28,5138,39,1,2016-12-15T16:41:05.000Z,st_petersburg,2016-12-15T00:00:00.000Z,50,Tug,St. Petersburg,1
59.88227,30.19495,0,0,88,3,SPB,RU,141,0,KAPITAN SOROKIN,3,345312,31,43,28,5138,39,1,2016-12-15T16:43:03.000Z,st_petersburg,2016-12-15T00:00:00.000Z,50,Tug,St. Petersburg,1
59.88227,30.19495,0,0,88,2,SPB,RU,141,0,KAPITAN SOROKIN,3,345312,31,43,28,5138,39,1,2016-12-15T16:43:04.000Z,st_petersburg,2016-12-15T00:00:00.000Z,50,Tug,St. Petersburg,1
59.88227,30.19495,0,0,88,3,SPB,RU,141,0,KAPITAN SOROKIN,3,345312,31,43,28,5138,39,1,2016-12-15T16:45:03.000Z,st_petersburg,2016-12-15T00:00:00.000Z,50,Tug,St. Petersburg,1
59.88227,30.19493,0,0,88,2,SPB,RU,141,0,KAPITAN SOROKIN,3,345312,31,43,28,5138,39,1,2016-12-15T16:45:04.000Z,st_petersburg,2016-12-15T00:00:00.000Z,50,Tug,St. Petersburg,1
59.88227,30.19493,0,0,88,4,SPB,RU,141,0,KAPITAN SOROKIN,3,345312,31,43,28,5138,39,1,2016-12-15T16:47:03.000Z,st_petersburg,2016-12-15T00:00:00.000Z,50,Tug,St. Petersburg,1
59.88227,30.19493,0,0,88,4,SPB,RU,141,0,KAPITAN SOROKIN,3,345312,31,43,28,5138,39,1,2016-12-15T16:47:04.000Z,st_petersburg,2016-12-15T00:00:00.000Z,50,Tug,St. Petersburg,1
59.88228,30.19495,0,0,88,3,SPB,RU,141,0,KAPITAN SOROKIN,3,345312,31,43,28,5138,39,1,2016-12-15T16:49:03.000Z,st_petersburg,2016-12-15T00:00:00.000Z,50,Tug,St. Petersburg,1
59.88228,30.19495,0,0,88,2,SPB,RU,141,0,KAPITAN SOROKIN,3,345312,31,43,28,5138,39,1,2016-12-15T16:49:04.000Z,st_petersburg,2016-12-15T00:00:00.000Z,50,Tug,St. Petersburg,1
59.88226,30.19494,0,0,88,2,SPB,RU,141,0,KAPITAN SOROKIN,3,345312,31,43,28,5138,39,1,2016-12-15T16:51:03.000Z,st_petersburg,2016-12-15T00:00:00.000Z,50,Tug,St. Petersburg,1
59.88228,30.19495,0,0,88,4,SPB,RU,141,0,KAPITAN SOROKIN,3,345312,31,43,28,5138,39,1,2016-12-15T16:51:04.000Z,st_petersburg,2016-12-15T00:00:00.000Z,50,Tug,St. Petersburg,1
59.88226,30.19494,0,0,88,4,SPB,RU,141,0,KAPITAN SOROKIN,3,345312,31,43,28,5138,39,1,2016-12-15T16:53:04.000Z,st_petersburg,2016-12-15T00:00:00.000Z,50,Tug,St. Petersburg,1
59.88226,30.19494,0,0,88,4,SPB,RU,141,0,KAPITAN SOROKIN,3,345312,31,43,28,5138,39,1,2016-12-15T16:53:04.000Z,st_petersburg,2016-12-15T00:00:00.000Z,50,Tug,St. Petersburg,1
59.88227,30.19495,0,0,88,3,SPB,RU,141,0,KAPITAN SOROKIN,3,345312,31,43,28,5138,39,1,2016-12-15T16:55:03.000Z,st_petersburg,2016-12-15T00:00:00.000Z,50,Tug,St. Petersburg,1
59.88227,30.19495,0,0,88,1,SPB,RU,141,0,KAPITAN SOROKIN,3,345312,31,43,28,5138,39,1,2016-12-15T16:55:04.000Z,st_petersburg,2016-12-15T00:00:00.000Z,50,Tug,St. Petersburg,1
59.88227,30.19495,0,0,88,2,SPB,RU,141,0,KAPITAN SOROKIN,3,345312,31,43,28,5138,39,1,2016-12-15T16:57:03.000Z,st_petersburg,2016-12-15T00:00:00.000Z,50,Tug,St. Petersburg,1
59.88227,30.19495,0,0,88,2,SPB,RU,141,0,KAPITAN SOROKIN,3,345312,31,43,28,5138,39,1,2016-12-15T16:57:04.000Z,st_petersburg,2016-12-15T00:00:00.000Z,50,Tug,St. Petersburg,1
59.88227,30.19495,0,0,88,4,SPB,RU,141,0,KAPITAN SOROKIN,3,345312,31,43,28,5138,39,1,2016-12-15T16:59:04.000Z,st_petersburg,2016-12-15T00:00:00.000Z,50,Tug,St. Petersburg,1
59.88227,30.19495,0,0,88,3,SPB,RU,141,0,KAPITAN SOROKIN,3,345312,31,43,28,5138,39,1,2016-12-15T16:59:04.000Z,st_petersburg,2016-12-15T00:00:00.000Z,50,Tug,St. Petersburg,1
59.88227,30.19495,0,0,88,6,SPB,RU,141,0,KAPITAN SOROKIN,3,345312,31,43,28,5138,39,1,2016-12-15T17:01:04.000Z,st_petersburg,2016-12-15T00:00:00.000Z,50,Tug,St. Petersburg,1
59.88227,30.19495,0,0,88,6,SPB,RU,141,0,KAPITAN SOROKIN,3,345312,31,43,28,5138,39,1,2016-12-15T17:01:05.000Z,st_petersburg,2016-12-15T00:00:00.000Z,50,Tug,St. Petersburg,1
59.88225,30.19495,0,0,88,2,SPB,RU,141,0,KAPITAN SOROKIN,3,345312,31,43,28,5138,39,1,2016-12-15T17:05:03.000Z,st_petersburg,2016-12-15T00:00:00.000Z,50,Tug,St. Petersburg,1
59.88227,30.19495,0,0,88,9,SPB,RU,141,0,KAPITAN SOROKIN,3,345312,31,43,28,5138,39,1,2016-12-15T17:05:04.000Z,st_petersburg,2016-12-15T00:00:00.000Z,50,Tug,St. Petersburg,1
59.88225,30.19495,0,0,88,4,SPB,RU,141,0,KAPITAN SOROKIN,3,345312,31,43,28,5138,39,1,2016-12-15T17:07:03.000Z,st_petersburg,2016-12-15T00:00:00.000Z,50,Tug,St. Petersburg,1
59.88225,30.19495,0,0,88,4,SPB,RU,141,0,KAPITAN SOROKIN,3,345312,31,43,28,5138,39,1,2016-12-15T17:07:04.000Z,st_petersburg,2016-12-15T00:00:00.000Z,50,Tug,St. Petersburg,1
59.88227,30.1949,0,0,88,3,SPB,RU,141,0,KAPITAN SOROKIN,3,345312,31,43,28,5138,39,1,2016-12-15T17:09:04.000Z,st_petersburg,2016-12-15T00:00:00.000Z,50,Tug,St. Petersburg,1
59.88227,30.1949,0,0,88,3,SPB,RU,141,0,KAPITAN SOROKIN,3,345312,31,43,28,5138,39,1,2016-12-15T17:09:05.000Z,st_petersburg,2016-12-15T00:00:00.000Z,50,Tug,St. Petersburg,1
59.88228,30.19494,0,0,88,2,SPB,RU,141,0,KAPITAN SOROKIN,3,345312,31,43,28,5138,39,1,2016-12-15T17:11:03.000Z,st_petersburg,2016-12-15T00:00:00.000Z,50,Tug,St. Petersburg,1
59.88228,30.19494,0,0,88,2,SPB,RU,141,0,KAPITAN SOROKIN,3,345312,31,43,28,5138,39,1,2016-12-15T17:11:05.000Z,st_petersburg,2016-12-15T00:00:00.000Z,50,Tug,St. Petersburg,1
59.88228,30.19494,0,0,88,4,SPB,RU,141,0,KAPITAN SOROKIN,3,345312,31,43,28,5138,39,1,2016-12-15T17:13:04.000Z,st_petersburg,2016-12-15T00:00:00.000Z,50,Tug,St. Petersburg,1
59.88228,30.19494,0,0,88,4,SPB,RU,141,0,KAPITAN SOROKIN,3,345312,31,43,28,5138,39,1,2016-12-15T17:13:04.000Z,st_petersburg,2016-12-15T00:00:00.000Z,50,Tug,St. Petersburg,1
59.88225,30.19493,0,0,88,3,SPB,RU,141,0,KAPITAN SOROKIN,3,345312,31,43,28,5138,39,1,2016-12-15T17:15:04.000Z,st_petersburg,2016-12-15T00:00:00.000Z,50,Tug,St. Petersburg,1
59.88225,30.19493,0,0,88,3,SPB,RU,141,0,KAPITAN SOROKIN,3,345312,31,43,28,5138,39,1,2016-12-15T17:15:05.000Z,st_petersburg,2016-12-15T00:00:00.000Z,50,Tug,St. Petersburg,1
59.88225,30.19493,0,0,88,3,SPB,RU,141,0,KAPITAN SOROKIN,3,345312,31,43,28,5138,39,1,2016-12-15T17:17:03.000Z,st_petersburg,2016-12-15T00:00:00.000Z,50,Tug,St. Petersburg,1
59.88225,30.19493,0,0,88,2,SPB,RU,141,0,KAPITAN SOROKIN,3,345312,31,43,28,5138,39,1,2016-12-15T17:17:04.000Z,st_petersburg,2016-12-15T00:00:00.000Z,50,Tug,St. Petersburg,1
59.88225,30.19493,0,0,88,4,SPB,RU,141,0,KAPITAN SOROKIN,3,345312,31,43,28,5138,39,1,2016-12-15T17:19:04.000Z,st_petersburg,2016-12-15T00:00:00.000Z,50,Tug,St. Petersburg,1
59.88225,30.19493,0,0,88,3,SPB,RU,141,0,KAPITAN SOROKIN,3,345312,31,43,28,5138,39,1,2016-12-15T17:19:05.000Z,st_petersburg,2016-12-15T00:00:00.000Z,50,Tug,St. Petersburg,1
59.88225,30.19492,0,0,88,3,SPB,RU,141,0,KAPITAN SOROKIN,3,345312,31,43,28,5138,39,1,2016-12-15T17:21:04.000Z,st_petersburg,2016-12-15T00:00:00.000Z,50,Tug,St. Petersburg,1
59.88225,30.19492,0,0,88,3,SPB,RU,141,0,KAPITAN SOROKIN,3,345312,31,43,28,5138,39,1,2016-12-15T17:21:05.000Z,st_petersburg,2016-12-15T00:00:00.000Z,50,Tug,St. Petersburg,1
59.88225,30.19489,0,0,88,2,SPB,RU,141,0,KAPITAN SOROKIN,3,345312,31,43,28,5138,39,1,2016-12-15T17:23:04.000Z,st_petersburg,2016-12-15T00:00:00.000Z,50,Tug,St. Petersburg,1
59.88225,30.19489,0,0,88,2,SPB,RU,141,0,KAPITAN SOROKIN,3,345312,31,43,28,5138,39,1,2016-12-15T17:23:05.000Z,st_petersburg,2016-12-15T00:00:00.000Z,50,Tug,St. Petersburg,1
59.88225,30.19489,0,0,88,4,SPB,RU,141,0,KAPITAN SOROKIN,3,345312,31,43,28,5138,39,1,2016-12-15T17:25:03.000Z,st_petersburg,2016-12-15T00:00:00.000Z,50,Tug,St. Petersburg,1
59.88225,30.19489,0,0,88,3,SPB,RU,141,0,KAPITAN SOROKIN,3,345312,31,43,28,5138,39,1,2016-12-15T17:25:04.000Z,st_petersburg,2016-12-15T00:00:00.000Z,50,Tug,St. Petersburg,1
59.88224,30.19494,0,0,88,3,SPB,RU,141,0,KAPITAN SOROKIN,3,345312,31,43,28,5138,39,1,2016-12-15T17:27:04.000Z,st_petersburg,2016-12-15T00:00:00.000Z,50,Tug,St. Petersburg,1
59.88225,30.19489,0,0,88,4,SPB,RU,141,0,KAPITAN SOROKIN,3,345312,31,43,28,5138,39,1,2016-12-15T17:27:05.000Z,st_petersburg,2016-12-15T00:00:00.000Z,50,Tug,St. Petersburg,1
59.88223,30.19494,0,0,88,2,SPB,RU,141,0,KAPITAN SOROKIN,3,345312,31,43,28,5138,39,1,2016-12-15T17:29:03.000Z,st_petersburg,2016-12-15T00:00:00.000Z,50,Tug,St. Petersburg,1
59.88224,30.19494,0,0,88,3,SPB,RU,141,0,KAPITAN SOROKIN,3,345312,31,43,28,5138,39,1,2016-12-15T17:29:04.000Z,st_petersburg,2016-12-15T00:00:00.000Z,50,Tug,St. Petersburg,1
59.88223,30.19494,0,0,88,4,SPB,RU,141,0,KAPITAN SOROKIN,3,345312,31,43,28,5138,39,1,2016-12-15T17:31:03.000Z,st_petersburg,2016-12-15T00:00:00.000Z,50,Tug,St. Petersburg,1
59.88223,30.19494,0,0,88,4,SPB,RU,141,0,KAPITAN SOROKIN,3,345312,31,43,28,5138,39,1,2016-12-15T17:31:03.000Z,st_petersburg,2016-12-15T00:00:00.000Z,50,Tug,St. Petersburg,1
59.88226,30.19494,0,0,88,3,SPB,RU,141,0,KAPITAN SOROKIN,3,345312,31,43,28,5138,39,1,2016-12-15T17:33:04.000Z,st_petersburg,2016-12-15T00:00:00.000Z,50,Tug,St. Petersburg,1
59.88226,30.19494,0,0,88,3,SPB,RU,141,0,KAPITAN SOROKIN,3,345312,31,43,28,5138,39,1,2016-12-15T17:33:05.000Z,st_petersburg,2016-12-15T00:00:00.000Z,50,Tug,St. Petersburg,1
59.88226,30.19494,0,0,88,5,SPB,RU,141,0,KAPITAN SOROKIN,3,345312,31,43,28,5138,39,1,2016-12-15T17:35:03.000Z,st_petersburg,2016-12-15T00:00:00.000Z,50,Tug,St. Petersburg,1
59.88226,30.19494,0,0,88,4,SPB,RU,141,0,KAPITAN SOROKIN,3,345312,31,43,28,5138,39,1,2016-12-15T17:35:04.000Z,st_petersburg,2016-12-15T00:00:00.000Z,50,Tug,St. Petersburg,1
59.88227,30.19496,0,0,88,3,SPB,RU,141,0,KAPITAN SOROKIN,3,345312,31,43,28,5138,39,1,2016-12-15T17:37:04.000Z,st_petersburg,2016-12-15T00:00:00.000Z,50,Tug,St. Petersburg,1
59.88226,30.19494,0,0,88,5,SPB,RU,141,0,KAPITAN SOROKIN,3,345312,31,43,28,5138,39,1,2016-12-15T17:37:05.000Z,st_petersburg,2016-12-15T00:00:00.000Z,50,Tug,St. Petersburg,1
59.88227,30.19494,0,0,88,2,SPB,RU,141,0,KAPITAN SOROKIN,3,345312,31,43,28,5138,39,1,2016-12-15T17:39:03.000Z,st_petersburg,2016-12-15T00:00:00.000Z,50,Tug,St. Petersburg,1
59.88227,30.19494,0,0,88,2,SPB,RU,141,0,KAPITAN SOROKIN,3,345312,31,43,28,5138,39,1,2016-12-15T17:39:04.000Z,st_petersburg,2016-12-15T00:00:00.000Z,50,Tug,St. Petersburg,1
59.88227,30.19494,0,0,88,4,SPB,RU,141,0,KAPITAN SOROKIN,3,345312,31,43,28,5138,39,1,2016-12-15T17:41:03.000Z,st_petersburg,2016-12-15T00:00:00.000Z,50,Tug,St. Petersburg,1
59.88227,30.19494,0,0,88,4,SPB,RU,141,0,KAPITAN SOROKIN,3,345312,31,43,28,5138,39,1,2016-12-15T17:41:04.000Z,st_petersburg,2016-12-15T00:00:00.000Z,50,Tug,St. Petersburg,1
59.88227,30.19497,0,0,88,2,SPB,RU,141,0,KAPITAN SOROKIN,3,345312,31,43,28,5138,39,1,2016-12-15T17:43:03.000Z,st_petersburg,2016-12-15T00:00:00.000Z,50,Tug,St. Petersburg,1
59.88227,30.19497,0,0,88,2,SPB,RU,141,0,KAPITAN SOROKIN,3,345312,31,43,28,5138,39,1,2016-12-15T17:43:04.000Z,st_petersburg,2016-12-15T00:00:00.000Z,50,Tug,St. Petersburg,1
59.88227,30.19497,0,0,88,4,SPB,RU,141,0,KAPITAN SOROKIN,3,345312,31,43,28,5138,39,1,2016-12-15T17:45:04.000Z,st_petersburg,2016-12-15T00:00:00.000Z,50,Tug,St. Petersburg,1
59.88227,30.19497,0,0,88,4,SPB,RU,141,0,KAPITAN SOROKIN,3,345312,31,43,28,5138,39,1,2016-12-15T17:45:05.000Z,st_petersburg,2016-12-15T00:00:00.000Z,50,Tug,St. Petersburg,1
59.88228,30.19497,0,0,88,3,SPB,RU,141,0,KAPITAN SOROKIN,3,345312,31,43,28,5138,39,1,2016-12-15T17:47:03.000Z,st_petersburg,2016-12-15T00:00:00.000Z,50,Tug,St. Petersburg,1
59.88227,30.19497,0,0,88,4,SPB,RU,141,0,KAPITAN SOROKIN,3,345312,31,43,28,5138,39,1,2016-12-15T17:47:04.000Z,st_petersburg,2016-12-15T00:00:00.000Z,50,Tug,St. Petersburg,1
59.88225,30.19494,0,0,88,2,SPB,RU,141,0,KAPITAN SOROKIN,3,345312,31,43,28,5138,39,1,2016-12-15T17:49:04.000Z,st_petersburg,2016-12-15T00:00:00.000Z,50,Tug,St. Petersburg,1
59.88225,30.19494,0,0,88,2,SPB,RU,141,0,KAPITAN SOROKIN,3,345312,31,43,28,5138,39,1,2016-12-15T17:49:05.000Z,st_petersburg,2016-12-15T00:00:00.000Z,50,Tug,St. Petersburg,1
59.88225,30.19494,0,0,88,2,SPB,RU,141,0,KAPITAN SOROKIN,3,345312,31,43,28,5138,39,1,2016-12-15T17:51:03.000Z,st_petersburg,2016-12-15T00:00:00.000Z,50,Tug,St. Petersburg,1
59.88225,30.19494,0,0,88,2,SPB,RU,141,0,KAPITAN SOROKIN,3,345312,31,43,28,5138,39,1,2016-12-15T17:51:04.000Z,st_petersburg,2016-12-15T00:00:00.000Z,50,Tug,St. Petersburg,1
59.88228,30.19495,0,0,88,3,SPB,RU,141,0,KAPITAN SOROKIN,3,345312,31,43,28,5138,39,1,2016-12-15T17:53:04.000Z,st_petersburg,2016-12-15T00:00:00.000Z,50,Tug,St. Petersburg,1
59.88228,30.19495,0,0,88,3,SPB,RU,141,0,KAPITAN SOROKIN,3,345312,31,43,28,5138,39,1,2016-12-15T17:53:05.000Z,st_petersburg,2016-12-15T00:00:00.000Z,50,Tug,St. Petersburg,1
59.88228,30.19495,0,0,88,5,SPB,RU,141,0,KAPITAN SOROKIN,3,345312,31,43,28,5138,39,1,2016-12-15T17:55:04.000Z,st_petersburg,2016-12-15T00:00:00.000Z,50,Tug,St. Petersburg,1
59.88228,30.19495,0,0,88,4,SPB,RU,141,0,KAPITAN SOROKIN,3,345312,31,43,28,5138,39,1,2016-12-15T17:55:05.000Z,st_petersburg,2016-12-15T00:00:00.000Z,50,Tug,St. Petersburg,1
59.88228,30.19495,0,0,88,7,SPB,RU,141,0,KAPITAN SOROKIN,3,345312,31,43,28,5138,39,1,2016-12-15T17:57:03.000Z,st_petersburg,2016-12-15T00:00:00.000Z,50,Tug,St. Petersburg,1
59.88228,30.19495,0,0,88,7,SPB,RU,141,0,KAPITAN SOROKIN,3,345312,31,43,28,5138,39,1,2016-12-15T17:57:04.000Z,st_petersburg,2016-12-15T00:00:00.000Z,50,Tug,St. Petersburg,1
59.88228,30.19495,0,0,88,9,SPB,RU,141,0,KAPITAN SOROKIN,3,345312,31,43,28,5138,39,1,2016-12-15T17:59:04.000Z,st_petersburg,2016-12-15T00:00:00.000Z,50,Tug,St. Petersburg,1
59.88228,30.19495,0,0,88,8,SPB,RU,141,0,KAPITAN SOROKIN,3,345312,31,43,28,5138,39,1,2016-12-15T17:59:05.000Z,st_petersburg,2016-12-15T00:00:00.000Z,50,Tug,St. Petersburg,1
59.88227,30.19496,0,0,88,3,SPB,RU,141,0,KAPITAN SOROKIN,3,345312,31,43,28,5138,39,1,2016-12-15T18:01:04.000Z,st_petersburg,2016-12-15T00:00:00.000Z,50,Tug,St. Petersburg,1
59.88227,30.19496,0,0,88,3,SPB,RU,141,0,KAPITAN SOROKIN,3,345312,31,43,28,5138,39,1,2016-12-15T18:01:05.000Z,st_petersburg,2016-12-15T00:00:00.000Z,50,Tug,St. Petersburg,1
59.88227,30.19496,0,0,88,5,SPB,RU,141,0,KAPITAN SOROKIN,3,345312,31,43,28,5138,39,1,2016-12-15T18:03:04.000Z,st_petersburg,2016-12-15T00:00:00.000Z,50,Tug,St. Petersburg,1
59.88227,30.19496,0,0,88,3,SPB,RU,141,0,KAPITAN SOROKIN,3,345312,31,43,28,5138,39,1,2016-12-15T18:03:05.000Z,st_petersburg,2016-12-15T00:00:00.000Z,50,Tug,St. Petersburg,1
59.88227,30.19496,0,0,88,7,SPB,RU,141,0,KAPITAN SOROKIN,3,345312,31,43,28,5138,39,1,2016-12-15T18:05:04.000Z,st_petersburg,2016-12-15T00:00:00.000Z,50,Tug,St. Petersburg,1
59.88227,30.19496,0,0,88,7,SPB,RU,141,0,KAPITAN SOROKIN,3,345312,31,43,28,5138,39,1,2016-12-15T18:05:05.000Z,st_petersburg,2016-12-15T00:00:00.000Z,50,Tug,St. Petersburg,1
59.88227,30.19496,0,0,88,9,SPB,RU,141,0,KAPITAN SOROKIN,3,345312,31,43,28,5138,39,1,2016-12-15T18:07:04.000Z,st_petersburg,2016-12-15T00:00:00.000Z,50,Tug,St. Petersburg,1
59.88227,30.19496,0,0,88,9,SPB,RU,141,0,KAPITAN SOROKIN,3,345312,31,43,28,5138,39,1,2016-12-15T18:07:05.000Z,st_petersburg,2016-12-15T00:00:00.000Z,50,Tug,St. Petersburg,1
59.88228,30.19496,0,0,88,3,SPB,RU,141,0,KAPITAN SOROKIN,3,345312,31,43,28,5138,39,1,2016-12-15T18:09:03.000Z,st_petersburg,2016-12-15T00:00:00.000Z,50,Tug,St. Petersburg,1
59.88228,30.19496,0,0,88,3,SPB,RU,141,0,KAPITAN SOROKIN,3,345312,31,43,28,5138,39,1,2016-12-15T18:09:04.000Z,st_petersburg,2016-12-15T00:00:00.000Z,50,Tug,St. Petersburg,1
59.88228,30.19494,0,0,88,2,SPB,RU,141,0,KAPITAN SOROKIN,3,345312,31,43,28,5138,39,1,2016-12-15T18:11:03.000Z,st_petersburg,2016-12-15T00:00:00.000Z,50,Tug,St. Petersburg,1
59.88228,30.19494,0,0,88,2,SPB,RU,141,0,KAPITAN SOROKIN,3,345312,31,43,28,5138,39,1,2016-12-15T18:11:04.000Z,st_petersburg,2016-12-15T00:00:00.000Z,50,Tug,St. Petersburg,1
59.88228,30.19494,0,0,88,4,SPB,RU,141,0,KAPITAN SOROKIN,3,345312,31,43,28,5138,39,1,2016-12-15T18:13:03.000Z,st_petersburg,2016-12-15T00:00:00.000Z,50,Tug,St. Petersburg,1
59.88228,30.19494,0,0,88,4,SPB,RU,141,0,KAPITAN SOROKIN,3,345312,31,43,28,5138,39,1,2016-12-15T18:13:04.000Z,st_petersburg,2016-12-15T00:00:00.000Z,50,Tug,St. Petersburg,1
59.88228,30.19492,0,0,88,3,SPB,RU,141,0,KAPITAN SOROKIN,3,345312,31,43,28,5138,39,1,2016-12-15T18:15:05.000Z,st_petersburg,2016-12-15T00:00:00.000Z,50,Tug,St. Petersburg,1
59.88228,30.19492,0,0,88,2,SPB,RU,141,0,KAPITAN SOROKIN,3,345312,31,43,28,5138,39,1,2016-12-15T18:15:06.000Z,st_petersburg,2016-12-15T00:00:00.000Z,50,Tug,St. Petersburg,1
59.88225,30.19495,0,0,88,2,SPB,RU,141,0,KAPITAN SOROKIN,3,345312,31,43,28,5138,39,1,2016-12-15T18:17:03.000Z,st_petersburg,2016-12-15T00:00:00.000Z,50,Tug,St. Petersburg,1
59.88225,30.19495,0,0,88,2,SPB,RU,141,0,KAPITAN SOROKIN,3,345312,31,43,28,5138,39,1,2016-12-15T18:17:04.000Z,st_petersburg,2016-12-15T00:00:00.000Z,50,Tug,St. Petersburg,1
59.88225,30.19495,0,0,88,4,SPB,RU,141,0,KAPITAN SOROKIN,3,345312,31,43,28,5138,39,1,2016-12-15T18:19:04.000Z,st_petersburg,2016-12-15T00:00:00.000Z,50,Tug,St. Petersburg,1
59.88225,30.19495,0,0,88,2,SPB,RU,141,0,KAPITAN SOROKIN,3,345312,31,43,28,5138,39,1,2016-12-15T18:19:05.000Z,st_petersburg,2016-12-15T00:00:00.000Z,50,Tug,St. Petersburg,1
59.88227,30.19493,0,0,88,3,SPB,RU,141,0,KAPITAN SOROKIN,3,345312,31,43,28,5138,39,1,2016-12-15T18:21:03.000Z,st_petersburg,2016-12-15T00:00:00.000Z,50,Tug,St. Petersburg,1
59.88227,30.19493,0,0,88,3,SPB,RU,141,0,KAPITAN SOROKIN,3,345312,31,43,28,5138,39,1,2016-12-15T18:21:04.000Z,st_petersburg,2016-12-15T00:00:00.000Z,50,Tug,St. Petersburg,1
59.88226,30.19496,0,0,88,2,SPB,RU,141,0,KAPITAN SOROKIN,3,345312,31,43,28,5138,39,1,2016-12-15T18:23:05.000Z,st_petersburg,2016-12-15T00:00:00.000Z,50,Tug,St. Petersburg,1
59.88226,30.19496,0,0,88,2,SPB,RU,141,0,KAPITAN SOROKIN,3,345312,31,43,28,5138,39,1,2016-12-15T18:23:07.000Z,st_petersburg,2016-12-15T00:00:00.000Z,50,Tug,St. Petersburg,1
59.88226,30.19496,0,0,88,4,SPB,RU,141,0,KAPITAN SOROKIN,3,345312,31,43,28,5138,39,1,2016-12-15T18:25:03.000Z,st_petersburg,2016-12-15T00:00:00.000Z,50,Tug,St. Petersburg,1
59.88226,30.19496,0,0,88,2,SPB,RU,141,0,KAPITAN SOROKIN,3,345312,31,43,28,5138,39,1,2016-12-15T18:25:04.000Z,st_petersburg,2016-12-15T00:00:00.000Z,50,Tug,St. Petersburg,1
59.88224,30.19493,0,0,88,3,SPB,RU,141,0,KAPITAN SOROKIN,3,345312,31,43,28,5138,39,1,2016-12-15T18:27:03.000Z,st_petersburg,2016-12-15T00:00:00.000Z,50,Tug,St. Petersburg,1
59.88224,30.19493,0,0,88,3,SPB,RU,141,0,KAPITAN SOROKIN,3,345312,31,43,28,5138,39,1,2016-12-15T18:27:04.000Z,st_petersburg,2016-12-15T00:00:00.000Z,50,Tug,St. Petersburg,1
59.88226,30.19493,0,0,88,2,SPB,RU,141,0,KAPITAN SOROKIN,3,345312,31,43,28,5138,39,1,2016-12-15T18:29:04.000Z,st_petersburg,2016-12-15T00:00:00.000Z,50,Tug,St. Petersburg,1
59.88226,30.19493,0,0,88,1,SPB,RU,141,0,KAPITAN SOROKIN,3,345312,31,43,28,5138,39,1,2016-12-15T18:29:05.000Z,st_petersburg,2016-12-15T00:00:00.000Z,50,Tug,St. Petersburg,1
59.88226,30.19493,0,0,88,4,SPB,RU,141,0,KAPITAN SOROKIN,3,345312,31,43,28,5138,39,1,2016-12-15T18:31:05.000Z,st_petersburg,2016-12-15T00:00:00.000Z,50,Tug,St. Petersburg,1
59.88226,30.19493,0,0,88,4,SPB,RU,141,0,KAPITAN SOROKIN,3,345312,31,43,28,5138,39,1,2016-12-15T18:31:06.000Z,st_petersburg,2016-12-15T00:00:00.000Z,50,Tug,St. Petersburg,1
59.88227,30.19491,0,0,88,2,SPB,RU,141,0,KAPITAN SOROKIN,3,345312,31,43,28,5138,39,1,2016-12-15T18:33:08.000Z,st_petersburg,2016-12-15T00:00:00.000Z,50,Tug,St. Petersburg,1
59.88227,30.19491,0,0,88,2,SPB,RU,141,0,KAPITAN SOROKIN,3,345312,31,43,28,5138,39,1,2016-12-15T18:33:11.000Z,st_petersburg,2016-12-15T00:00:00.000Z,50,Tug,St. Petersburg,1
59.88227,30.19491,0,0,88,4,SPB,RU,141,0,KAPITAN SOROKIN,3,345312,31,43,28,5138,39,1,2016-12-15T18:35:04.000Z,st_petersburg,2016-12-15T00:00:00.000Z,50,Tug,St. Petersburg,1
59.88227,30.19491,0,0,88,4,SPB,RU,141,0,KAPITAN SOROKIN,3,345312,31,43,28,5138,39,1,2016-12-15T18:35:05.000Z,st_petersburg,2016-12-15T00:00:00.000Z,50,Tug,St. Petersburg,1
59.88227,30.19491,0,0,88,6,SPB,RU,141,0,KAPITAN SOROKIN,3,345312,31,43,28,5138,39,1,2016-12-15T18:37:04.000Z,st_petersburg,2016-12-15T00:00:00.000Z,50,Tug,St. Petersburg,1
59.88227,30.19491,0,0,88,6,SPB,RU,141,0,KAPITAN SOROKIN,3,345312,31,43,28,5138,39,1,2016-12-15T18:37:05.000Z,st_petersburg,2016-12-15T00:00:00.000Z,50,Tug,St. Petersburg,1
59.88227,30.19491,0,0,88,8,SPB,RU,141,0,KAPITAN SOROKIN,3,345312,31,43,28,5138,39,1,2016-12-15T18:39:04.000Z,st_petersburg,2016-12-15T00:00:00.000Z,50,Tug,St. Petersburg,1
59.88227,30.19491,0,0,88,8,SPB,RU,141,0,KAPITAN SOROKIN,3,345312,31,43,28,5138,39,1,2016-12-15T18:39:05.000Z,st_petersburg,2016-12-15T00:00:00.000Z,50,Tug,St. Petersburg,1
59.88227,30.19497,0,0,88,1,SPB,RU,141,0,KAPITAN SOROKIN,3,345312,31,43,28,5138,39,1,2016-12-15T18:41:04.000Z,st_petersburg,2016-12-15T00:00:00.000Z,50,Tug,St. Petersburg,1
59.88227,30.19497,0,0,88,2,SPB,RU,141,0,KAPITAN SOROKIN,3,345312,31,43,28,5138,39,1,2016-12-15T18:41:05.000Z,st_petersburg,2016-12-15T00:00:00.000Z,50,Tug,St. Petersburg,1
59.88227,30.19497,0,0,88,4,SPB,RU,141,0,KAPITAN SOROKIN,3,345312,31,43,28,5138,39,1,2016-12-15T18:43:03.000Z,st_petersburg,2016-12-15T00:00:00.000Z,50,Tug,St. Petersburg,1
59.88227,30.19497,0,0,88,4,SPB,RU,141,0,KAPITAN SOROKIN,3,345312,31,43,28,5138,39,1,2016-12-15T18:43:04.000Z,st_petersburg,2016-12-15T00:00:00.000Z,50,Tug,St. Petersburg,1
59.88228,30.19495,0,0,88,3,SPB,RU,141,0,KAPITAN SOROKIN,3,345312,31,43,28,5138,39,1,2016-12-15T18:45:04.000Z,st_petersburg,2016-12-15T00:00:00.000Z,50,Tug,St. Petersburg,1
59.88228,30.19495,0,0,88,3,SPB,RU,141,0,KAPITAN SOROKIN,3,345312,31,43,28,5138,39,1,2016-12-15T18:45:08.000Z,st_petersburg,2016-12-15T00:00:00.000Z,50,Tug,St. Petersburg,1
59.88228,30.19495,0,0,88,5,SPB,RU,141,0,KAPITAN SOROKIN,3,345312,31,43,28,5138,39,1,2016-12-15T18:47:03.000Z,st_petersburg,2016-12-15T00:00:00.000Z,50,Tug,St. Petersburg,1
59.88228,30.19495,0,0,88,5,SPB,RU,141,0,KAPITAN SOROKIN,3,345312,31,43,28,5138,39,1,2016-12-15T18:47:04.000Z,st_petersburg,2016-12-15T00:00:00.000Z,50,Tug,St. Petersburg,1
59.88227,30.19494,0,0,88,3,SPB,RU,141,0,KAPITAN SOROKIN,3,345312,31,43,28,5138,39,1,2016-12-15T18:49:04.000Z,st_petersburg,2016-12-15T00:00:00.000Z,50,Tug,St. Petersburg,1
59.88227,30.19494,0,0,88,3,SPB,RU,141,0,KAPITAN SOROKIN,3,345312,31,43,28,5138,39,1,2016-12-15T18:49:04.000Z,st_petersburg,2016-12-15T00:00:00.000Z,50,Tug,St. Petersburg,1
59.88227,30.19494,0,0,88,5,SPB,RU,141,0,KAPITAN SOROKIN,3,345312,31,43,28,5138,39,1,2016-12-15T18:51:03.000Z,st_petersburg,2016-12-15T00:00:00.000Z,50,Tug,St. Petersburg,1
59.88227,30.19494,0,0,88,5,SPB,RU,141,0,KAPITAN SOROKIN,3,345312,31,43,28,5138,39,1,2016-12-15T18:51:04.000Z,st_petersburg,2016-12-15T00:00:00.000Z,50,Tug,St. Petersburg,1
59.88227,30.19494,0,0,88,7,SPB,RU,141,0,KAPITAN SOROKIN,3,345312,31,43,28,5138,39,1,2016-12-15T18:53:03.000Z,st_petersburg,2016-12-15T00:00:00.000Z,50,Tug,St. Petersburg,1
59.88227,30.19494,0,0,88,7,SPB,RU,141,0,KAPITAN SOROKIN,3,345312,31,43,28,5138,39,1,2016-12-15T18:53:04.000Z,st_petersburg,2016-12-15T00:00:00.000Z,50,Tug,St. Petersburg,1
59.88227,30.19494,0,0,88,9,SPB,RU,141,0,KAPITAN SOROKIN,3,345312,31,43,28,5138,39,1,2016-12-15T18:55:03.000Z,st_petersburg,2016-12-15T00:00:00.000Z,50,Tug,St. Petersburg,1
59.88227,30.19494,0,0,88,8,SPB,RU,141,0,KAPITAN SOROKIN,3,345312,31,43,28,5138,39,1,2016-12-15T18:55:04.000Z,st_petersburg,2016-12-15T00:00:00.000Z,50,Tug,St. Petersburg,1
59.88223,30.19494,0,0,88,3,SPB,RU,141,0,KAPITAN SOROKIN,3,345312,31,43,28,5138,39,1,2016-12-15T18:57:03.000Z,st_petersburg,2016-12-15T00:00:00.000Z,50,Tug,St. Petersburg,1
59.88223,30.19494,0,0,88,3,SPB,RU,141,0,KAPITAN SOROKIN,3,345312,31,43,28,5138,39,1,2016-12-15T18:57:04.000Z,st_petersburg,2016-12-15T00:00:00.000Z,50,Tug,St. Petersburg,1
59.88227,30.19493,0,0,88,2,SPB,RU,141,0,KAPITAN SOROKIN,3,345312,31,43,28,5138,39,1,2016-12-15T18:59:03.000Z,st_petersburg,2016-12-15T00:00:00.000Z,50,Tug,St. Petersburg,1
59.88223,30.19494,0,0,88,3,SPB,RU,141,0,KAPITAN SOROKIN,3,345312,31,43,28,5138,39,1,2016-12-15T18:59:04.000Z,st_petersburg,2016-12-15T00:00:00.000Z,50,Tug,St. Petersburg,1
59.88227,30.19493,0,0,88,4,SPB,RU,141,0,KAPITAN SOROKIN,3,345312,31,43,28,5138,39,1,2016-12-15T19:01:03.000Z,st_petersburg,2016-12-15T00:00:00.000Z,50,Tug,St. Petersburg,1
59.88227,30.19493,0,0,88,4,SPB,RU,141,0,KAPITAN SOROKIN,3,345312,31,43,28,5138,39,1,2016-12-15T19:01:05.000Z,st_petersburg,2016-12-15T00:00:00.000Z,50,Tug,St. Petersburg,1
59.88225,30.19496,0,0,88,2,SPB,RU,141,0,KAPITAN SOROKIN,3,345312,31,43,28,5138,39,1,2016-12-15T19:03:03.000Z,st_petersburg,2016-12-15T00:00:00.000Z,50,Tug,St. Petersburg,1
59.88225,30.19496,0,0,88,2,SPB,RU,141,0,KAPITAN SOROKIN,3,345312,31,43,28,5138,39,1,2016-12-15T19:03:04.000Z,st_petersburg,2016-12-15T00:00:00.000Z,50,Tug,St. Petersburg,1
59.88225,30.19496,0,0,88,4,SPB,RU,141,0,KAPITAN SOROKIN,3,345312,31,43,28,5138,39,1,2016-12-15T19:05:03.000Z,st_petersburg,2016-12-15T00:00:00.000Z,50,Tug,St. Petersburg,1
59.88225,30.19496,0,0,88,4,SPB,RU,141,0,KAPITAN SOROKIN,3,345312,31,43,28,5138,39,1,2016-12-15T19:05:04.000Z,st_petersburg,2016-12-15T00:00:00.000Z,50,Tug,St. Petersburg,1
59.88225,30.19496,0,0,88,6,SPB,RU,141,0,KAPITAN SOROKIN,3,345312,31,43,28,5138,39,1,2016-12-15T19:07:04.000Z,st_petersburg,2016-12-15T00:00:00.000Z,50,Tug,St. Petersburg,1
59.88225,30.19496,0,0,88,6,SPB,RU,141,0,KAPITAN SOROKIN,3,345312,31,43,28,5138,39,1,2016-12-15T19:07:05.000Z,st_petersburg,2016-12-15T00:00:00.000Z,50,Tug,St. Petersburg,1
59.88225,30.19496,0,0,88,6,SPB,RU,141,0,KAPITAN SOROKIN,3,345312,31,43,28,5138,39,1,2016-12-15T19:09:03.000Z,st_petersburg,2016-12-15T00:00:00.000Z,50,Tug,St. Petersburg,1
59.88225,30.19496,0,0,88,6,SPB,RU,141,0,KAPITAN SOROKIN,3,345312,31,43,28,5138,39,1,2016-12-15T19:09:04.000Z,st_petersburg,2016-12-15T00:00:00.000Z,50,Tug,St. Petersburg,1
59.88227,30.19493,0,0,88,3,SPB,RU,141,0,KAPITAN SOROKIN,3,345312,31,43,28,5138,39,1,2016-12-15T19:11:03.000Z,st_petersburg,2016-12-15T00:00:00.000Z,50,Tug,St. Petersburg,1
59.88227,30.19493,0,0,88,3,SPB,RU,141,0,KAPITAN SOROKIN,3,345312,31,43,28,5138,39,1,2016-12-15T19:11:04.000Z,st_petersburg,2016-12-15T00:00:00.000Z,50,Tug,St. Petersburg,1
59.88227,30.19493,0,0,88,2,SPB,RU,141,0,KAPITAN SOROKIN,3,345312,31,43,28,5138,39,1,2016-12-15T19:13:03.000Z,st_petersburg,2016-12-15T00:00:00.000Z,50,Tug,St. Petersburg,1
59.88227,30.19493,0,0,88,2,SPB,RU,141,0,KAPITAN SOROKIN,3,345312,31,43,28,5138,39,1,2016-12-15T19:13:04.000Z,st_petersburg,2016-12-15T00:00:00.000Z,50,Tug,St. Petersburg,1
59.88227,30.19493,0,0,88,4,SPB,RU,141,0,KAPITAN SOROKIN,3,345312,31,43,28,5138,39,1,2016-12-15T19:15:03.000Z,st_petersburg,2016-12-15T00:00:00.000Z,50,Tug,St. Petersburg,1
59.88227,30.19493,0,0,88,3,SPB,RU,141,0,KAPITAN SOROKIN,3,345312,31,43,28,5138,39,1,2016-12-15T19:15:04.000Z,st_petersburg,2016-12-15T00:00:00.000Z,50,Tug,St. Petersburg,1
59.88227,30.19493,0,0,88,6,SPB,RU,141,0,KAPITAN SOROKIN,3,345312,31,43,28,5138,39,1,2016-12-15T19:17:03.000Z,st_petersburg,2016-12-15T00:00:00.000Z,50,Tug,St. Petersburg,1
59.88227,30.19493,0,0,88,4,SPB,RU,141,0,KAPITAN SOROKIN,3,345312,31,43,28,5138,39,1,2016-12-15T19:17:04.000Z,st_petersburg,2016-12-15T00:00:00.000Z,50,Tug,St. Petersburg,1
59.88227,30.19493,0,0,88,8,SPB,RU,141,0,KAPITAN SOROKIN,3,345312,31,43,28,5138,39,1,2016-12-15T19:19:03.000Z,st_petersburg,2016-12-15T00:00:00.000Z,50,Tug,St. Petersburg,1
59.88227,30.19493,0,0,88,8,SPB,RU,141,0,KAPITAN SOROKIN,3,345312,31,43,28,5138,39,1,2016-12-15T19:19:04.000Z,st_petersburg,2016-12-15T00:00:00.000Z,50,Tug,St. Petersburg,1
59.88225,30.19495,0,0,88,2,SPB,RU,141,0,KAPITAN SOROKIN,3,345312,31,43,28,5138,39,1,2016-12-15T19:21:03.000Z,st_petersburg,2016-12-15T00:00:00.000Z,50,Tug,St. Petersburg,1
59.88225,30.19495,0,0,88,2,SPB,RU,141,0,KAPITAN SOROKIN,3,345312,31,43,28,5138,39,1,2016-12-15T19:21:04.000Z,st_petersburg,2016-12-15T00:00:00.000Z,50,Tug,St. Petersburg,1
59.88225,30.19495,0,0,88,4,SPB,RU,141,0,KAPITAN SOROKIN,3,345312,31,43,28,5138,39,1,2016-12-15T19:23:03.000Z,st_petersburg,2016-12-15T00:00:00.000Z,50,Tug,St. Petersburg,1
59.88225,30.19495,0,0,88,2,SPB,RU,141,0,KAPITAN SOROKIN,3,345312,31,43,28,5138,39,1,2016-12-15T19:23:04.000Z,st_petersburg,2016-12-15T00:00:00.000Z,50,Tug,St. Petersburg,1
59.88225,30.19494,0,0,88,3,SPB,RU,141,0,KAPITAN SOROKIN,3,345312,31,43,28,5138,39,1,2016-12-15T19:25:03.000Z,st_petersburg,2016-12-15T00:00:00.000Z,50,Tug,St. Petersburg,1
59.88225,30.19494,0,0,88,3,SPB,RU,141,0,KAPITAN SOROKIN,3,345312,31,43,28,5138,39,1,2016-12-15T19:25:04.000Z,st_petersburg,2016-12-15T00:00:00.000Z,50,Tug,St. Petersburg,1
59.88226,30.19493,0,0,88,2,SPB,RU,141,0,KAPITAN SOROKIN,3,345312,31,43,28,5138,39,1,2016-12-15T19:27:03.000Z,st_petersburg,2016-12-15T00:00:00.000Z,50,Tug,St. Petersburg,1
59.88226,30.19493,0,0,88,2,SPB,RU,141,0,KAPITAN SOROKIN,3,345312,31,43,28,5138,39,1,2016-12-15T19:27:04.000Z,st_petersburg,2016-12-15T00:00:00.000Z,50,Tug,St. Petersburg,1
59.88226,30.19493,0,0,88,4,SPB,RU,141,0,KAPITAN SOROKIN,3,345312,31,43,28,5138,39,1,2016-12-15T19:29:04.000Z,st_petersburg,2016-12-15T00:00:00.000Z,50,Tug,St. Petersburg,1
59.88226,30.19493,0,0,88,3,SPB,RU,141,0,KAPITAN SOROKIN,3,345312,31,43,28,5138,39,1,2016-12-15T19:29:04.000Z,st_petersburg,2016-12-15T00:00:00.000Z,50,Tug,St. Petersburg,1
59.88227,30.19494,0,0,88,2,SPB,RU,141,0,KAPITAN SOROKIN,3,345312,31,43,28,5138,39,1,2016-12-15T19:31:04.000Z,st_petersburg,2016-12-15T00:00:00.000Z,50,Tug,St. Petersburg,1
59.88227,30.19494,0,0,88,1,SPB,RU,141,0,KAPITAN SOROKIN,3,345312,31,43,28,5138,39,1,2016-12-15T19:31:05.000Z,st_petersburg,2016-12-15T00:00:00.000Z,50,Tug,St. Petersburg,1
59.88227,30.19494,0,0,88,5,SPB,RU,141,0,KAPITAN SOROKIN,3,345312,31,43,28,5138,39,1,2016-12-15T19:33:03.000Z,st_petersburg,2016-12-15T00:00:00.000Z,50,Tug,St. Petersburg,1
59.88227,30.19494,0,0,88,5,SPB,RU,141,0,KAPITAN SOROKIN,3,345312,31,43,28,5138,39,1,2016-12-15T19:33:04.000Z,st_petersburg,2016-12-15T00:00:00.000Z,50,Tug,St. Petersburg,1
59.88227,30.19495,0,0,88,3,SPB,RU,141,0,KAPITAN SOROKIN,3,345312,31,43,28,5138,39,1,2016-12-15T19:35:04.000Z,st_petersburg,2016-12-15T00:00:00.000Z,50,Tug,St. Petersburg,1
59.88227,30.19495,0,0,88,3,SPB,RU,141,0,KAPITAN SOROKIN,3,345312,31,43,28,5138,39,1,2016-12-15T19:35:05.000Z,st_petersburg,2016-12-15T00:00:00.000Z,50,Tug,St. Petersburg,1
59.88227,30.19495,0,0,88,5,SPB,RU,141,0,KAPITAN SOROKIN,3,345312,31,43,28,5138,39,1,2016-12-15T19:37:03.000Z,st_petersburg,2016-12-15T00:00:00.000Z,50,Tug,St. Petersburg,1
59.88227,30.19495,0,0,88,5,SPB,RU,141,0,KAPITAN SOROKIN,3,345312,31,43,28,5138,39,1,2016-12-15T19:37:04.000Z,st_petersburg,2016-12-15T00:00:00.000Z,50,Tug,St. Petersburg,1
59.88227,30.19495,0,0,88,7,SPB,RU,141,0,KAPITAN SOROKIN,3,345312,31,43,28,5138,39,1,2016-12-15T19:39:03.000Z,st_petersburg,2016-12-15T00:00:00.000Z,50,Tug,St. Petersburg,1
59.88227,30.19495,0,0,88,7,SPB,RU,141,0,KAPITAN SOROKIN,3,345312,31,43,28,5138,39,1,2016-12-15T19:39:04.000Z,st_petersburg,2016-12-15T00:00:00.000Z,50,Tug,St. Petersburg,1
59.88227,30.19495,0,0,88,9,SPB,RU,141,0,KAPITAN SOROKIN,3,345312,31,43,28,5138,39,1,2016-12-15T19:41:03.000Z,st_petersburg,2016-12-15T00:00:00.000Z,50,Tug,St. Petersburg,1
59.88227,30.19495,0,0,88,8,SPB,RU,141,0,KAPITAN SOROKIN,3,345312,31,43,28,5138,39,1,2016-12-15T19:41:04.000Z,st_petersburg,2016-12-15T00:00:00.000Z,50,Tug,St. Petersburg,1
59.88226,30.19495,0,0,88,3,SPB,RU,141,0,KAPITAN SOROKIN,3,345312,31,43,28,5138,39,1,2016-12-15T19:43:04.000Z,st_petersburg,2016-12-15T00:00:00.000Z,50,Tug,St. Petersburg,1
59.88226,30.19495,0,0,88,3,SPB,RU,141,0,KAPITAN SOROKIN,3,345312,31,43,28,5138,39,1,2016-12-15T19:43:05.000Z,st_petersburg,2016-12-15T00:00:00.000Z,50,Tug,St. Petersburg,1
59.88225,30.19495,0,0,88,2,SPB,RU,141,0,KAPITAN SOROKIN,3,345312,31,43,28,5138,39,1,2016-12-15T19:45:04.000Z,st_petersburg,2016-12-15T00:00:00.000Z,50,Tug,St. Petersburg,1
59.88225,30.19495,0,0,88,2,SPB,RU,141,0,KAPITAN SOROKIN,3,345312,31,43,28,5138,39,1,2016-12-15T19:45:05.000Z,st_petersburg,2016-12-15T00:00:00.000Z,50,Tug,St. Petersburg,1
59.88225,30.19495,0,0,88,4,SPB,RU,141,0,KAPITAN SOROKIN,3,345312,31,43,28,5138,39,1,2016-12-15T19:47:03.000Z,st_petersburg,2016-12-15T00:00:00.000Z,50,Tug,St. Petersburg,1
59.88225,30.19495,0,0,88,3,SPB,RU,141,0,KAPITAN SOROKIN,3,345312,31,43,28,5138,39,1,2016-12-15T19:47:04.000Z,st_petersburg,2016-12-15T00:00:00.000Z,50,Tug,St. Petersburg,1
59.88223,30.19497,0,0,88,3,SPB,RU,141,0,KAPITAN SOROKIN,3,345312,31,43,28,5138,39,1,2016-12-15T19:49:04.000Z,st_petersburg,2016-12-15T00:00:00.000Z,50,Tug,St. Petersburg,1
59.88223,30.19497,0,0,88,2,SPB,RU,141,0,KAPITAN SOROKIN,3,345312,31,43,28,5138,39,1,2016-12-15T19:49:04.000Z,st_petersburg,2016-12-15T00:00:00.000Z,50,Tug,St. Petersburg,1
59.88223,30.19497,0,0,88,5,SPB,RU,141,0,KAPITAN SOROKIN,3,345312,31,43,28,5138,39,1,2016-12-15T19:51:04.000Z,st_petersburg,2016-12-15T00:00:00.000Z,50,Tug,St. Petersburg,1
59.88223,30.19497,0,0,88,3,SPB,RU,141,0,KAPITAN SOROKIN,3,345312,31,43,28,5138,39,1,2016-12-15T19:51:04.000Z,st_petersburg,2016-12-15T00:00:00.000Z,50,Tug,St. Petersburg,1
59.88229,30.19492,0,0,88,3,SPB,RU,141,0,KAPITAN SOROKIN,3,345312,31,43,28,5138,39,1,2016-12-15T19:53:03.000Z,st_petersburg,2016-12-15T00:00:00.000Z,50,Tug,St. Petersburg,1
59.88229,30.19492,0,0,88,3,SPB,RU,141,0,KAPITAN SOROKIN,3,345312,31,43,28,5138,39,1,2016-12-15T19:53:04.000Z,st_petersburg,2016-12-15T00:00:00.000Z,50,Tug,St. Petersburg,1
59.88221,30.19497,0,0,88,2,SPB,RU,141,0,KAPITAN SOROKIN,3,345312,31,43,28,5138,39,1,2016-12-15T19:55:03.000Z,st_petersburg,2016-12-15T00:00:00.000Z,50,Tug,St. Petersburg,1
59.88221,30.19497,0,0,88,1,SPB,RU,141,0,KAPITAN SOROKIN,3,345312,31,43,28,5138,39,1,2016-12-15T19:55:04.000Z,st_petersburg,2016-12-15T00:00:00.000Z,50,Tug,St. Petersburg,1
59.88221,30.19497,0,0,88,4,SPB,RU,141,0,KAPITAN SOROKIN,3,345312,31,43,28,5138,39,1,2016-12-15T19:57:04.000Z,st_petersburg,2016-12-15T00:00:00.000Z,50,Tug,St. Petersburg,1
59.88221,30.19497,0,0,88,4,SPB,RU,141,0,KAPITAN SOROKIN,3,345312,31,43,28,5138,39,1,2016-12-15T19:57:04.000Z,st_petersburg,2016-12-15T00:00:00.000Z,50,Tug,St. Petersburg,1
59.88227,30.19493,0,0,88,2,SPB,RU,141,0,KAPITAN SOROKIN,3,345312,31,43,28,5138,39,1,2016-12-15T19:59:03.000Z,st_petersburg,2016-12-15T00:00:00.000Z,50,Tug,St. Petersburg,1
59.88227,30.19493,0,0,88,2,SPB,RU,141,0,KAPITAN SOROKIN,3,345312,31,43,28,5138,39,1,2016-12-15T19:59:04.000Z,st_petersburg,2016-12-15T00:00:00.000Z,50,Tug,St. Petersburg,1
59.88227,30.19493,0,0,88,3,SPB,RU,141,0,KAPITAN SOROKIN,3,345312,31,43,28,5138,39,1,2016-12-15T20:01:03.000Z,st_petersburg,2016-12-15T00:00:00.000Z,50,Tug,St. Petersburg,1
59.88227,30.19493,0,0,88,4,SPB,RU,141,0,KAPITAN SOROKIN,3,345312,31,43,28,5138,39,1,2016-12-15T20:01:04.000Z,st_petersburg,2016-12-15T00:00:00.000Z,50,Tug,St. Petersburg,1
59.88227,30.19493,0,0,88,6,SPB,RU,141,0,KAPITAN SOROKIN,3,345312,31,43,28,5138,39,1,2016-12-15T20:03:04.000Z,st_petersburg,2016-12-15T00:00:00.000Z,50,Tug,St. Petersburg,1
59.88227,30.19493,0,0,88,6,SPB,RU,141,0,KAPITAN SOROKIN,3,345312,31,43,28,5138,39,1,2016-12-15T20:03:05.000Z,st_petersburg,2016-12-15T00:00:00.000Z,50,Tug,St. Petersburg,1
59.88227,30.19493,0,0,88,8,SPB,RU,141,0,KAPITAN SOROKIN,3,345312,31,43,28,5138,39,1,2016-12-15T20:05:04.000Z,st_petersburg,2016-12-15T00:00:00.000Z,50,Tug,St. Petersburg,1
59.88227,30.19493,0,0,88,8,SPB,RU,141,0,KAPITAN SOROKIN,3,345312,31,43,28,5138,39,1,2016-12-15T20:05:05.000Z,st_petersburg,2016-12-15T00:00:00.000Z,50,Tug,St. Petersburg,1
59.88227,30.19493,0,0,88,8,SPB,RU,141,0,KAPITAN SOROKIN,3,345312,31,43,28,5138,39,1,2016-12-15T20:07:03.000Z,st_petersburg,2016-12-15T00:00:00.000Z,50,Tug,St. Petersburg,1
59.88227,30.19495,0,0,88,2,SPB,RU,141,0,KAPITAN SOROKIN,3,345312,31,43,28,5138,39,1,2016-12-15T20:07:04.000Z,st_petersburg,2016-12-15T00:00:00.000Z,50,Tug,St. Petersburg,1
59.88227,30.19495,0,0,88,4,SPB,RU,141,0,KAPITAN SOROKIN,3,345312,31,43,28,5138,39,1,2016-12-15T20:09:03.000Z,st_petersburg,2016-12-15T00:00:00.000Z,50,Tug,St. Petersburg,1
59.88227,30.19495,0,0,88,4,SPB,RU,141,0,KAPITAN SOROKIN,3,345312,31,43,28,5138,39,1,2016-12-15T20:09:04.000Z,st_petersburg,2016-12-15T00:00:00.000Z,50,Tug,St. Petersburg,1
59.88227,30.19494,0,0,88,3,SPB,RU,141,0,KAPITAN SOROKIN,3,345312,31,43,28,5138,39,1,2016-12-15T20:11:03.000Z,st_petersburg,2016-12-15T00:00:00.000Z,50,Tug,St. Petersburg,1
59.88227,30.19494,0,0,88,3,SPB,RU,141,0,KAPITAN SOROKIN,3,345312,31,43,28,5138,39,1,2016-12-15T20:11:04.000Z,st_petersburg,2016-12-15T00:00:00.000Z,50,Tug,St. Petersburg,1
59.88227,30.19494,0,0,88,5,SPB,RU,141,0,KAPITAN SOROKIN,3,345312,31,43,28,5138,39,1,2016-12-15T20:13:03.000Z,st_petersburg,2016-12-15T00:00:00.000Z,50,Tug,St. Petersburg,1
59.88227,30.19494,0,0,88,5,SPB,RU,141,0,KAPITAN SOROKIN,3,345312,31,43,28,5138,39,1,2016-12-15T20:13:04.000Z,st_petersburg,2016-12-15T00:00:00.000Z,50,Tug,St. Petersburg,1
59.88228,30.19493,0,0,88,3,SPB,RU,141,0,KAPITAN SOROKIN,3,345312,31,43,28,5138,39,1,2016-12-15T20:15:04.000Z,st_petersburg,2016-12-15T00:00:00.000Z,50,Tug,St. Petersburg,1
59.88228,30.19493,0,0,88,1,SPB,RU,141,0,KAPITAN SOROKIN,3,345312,31,43,28,5138,39,1,2016-12-15T20:15:05.000Z,st_petersburg,2016-12-15T00:00:00.000Z,50,Tug,St. Petersburg,1
59.88228,30.19492,0,0,88,2,SPB,RU,141,0,KAPITAN SOROKIN,3,345312,31,43,28,5138,39,1,2016-12-15T20:17:04.000Z,st_petersburg,2016-12-15T00:00:00.000Z,50,Tug,St. Petersburg,1
59.88228,30.19492,0,0,88,2,SPB,RU,141,0,KAPITAN SOROKIN,3,345312,31,43,28,5138,39,1,2016-12-15T20:17:05.000Z,st_petersburg,2016-12-15T00:00:00.000Z,50,Tug,St. Petersburg,1
59.88228,30.19492,0,0,88,4,SPB,RU,141,0,KAPITAN SOROKIN,3,345312,31,43,28,5138,39,1,2016-12-15T20:19:03.000Z,st_petersburg,2016-12-15T00:00:00.000Z,50,Tug,St. Petersburg,1
59.88228,30.19492,0,0,88,4,SPB,RU,141,0,KAPITAN SOROKIN,3,345312,31,43,28,5138,39,1,2016-12-15T20:19:04.000Z,st_petersburg,2016-12-15T00:00:00.000Z,50,Tug,St. Petersburg,1
59.88226,30.19495,0,0,88,3,SPB,RU,141,0,KAPITAN SOROKIN,3,345312,31,43,28,5138,39,1,2016-12-15T20:21:04.000Z,st_petersburg,2016-12-15T00:00:00.000Z,50,Tug,St. Petersburg,1
59.88226,30.19495,0,0,88,1,SPB,RU,141,0,KAPITAN SOROKIN,3,345312,31,43,28,5138,39,1,2016-12-15T20:21:04.000Z,st_petersburg,2016-12-15T00:00:00.000Z,50,Tug,St. Petersburg,1
59.88226,30.19495,0,0,88,3,SPB,RU,141,0,KAPITAN SOROKIN,3,345312,31,43,28,5138,39,1,2016-12-15T20:23:03.000Z,st_petersburg,2016-12-15T00:00:00.000Z,50,Tug,St. Petersburg,1
59.88226,30.19495,0,0,88,3,SPB,RU,141,0,KAPITAN SOROKIN,3,345312,31,43,28,5138,39,1,2016-12-15T20:23:04.000Z,st_petersburg,2016-12-15T00:00:00.000Z,50,Tug,St. Petersburg,1
59.88227,30.19495,0,0,88,3,SPB,RU,141,0,KAPITAN SOROKIN,3,345312,31,43,28,5138,39,1,2016-12-15T20:25:04.000Z,st_petersburg,2016-12-15T00:00:00.000Z,50,Tug,St. Petersburg,1
59.88227,30.19495,0,0,88,3,SPB,RU,141,0,KAPITAN SOROKIN,3,345312,31,43,28,5138,39,1,2016-12-15T20:25:05.000Z,st_petersburg,2016-12-15T00:00:00.000Z,50,Tug,St. Petersburg,1
59.88227,30.19495,0,0,88,5,SPB,RU,141,0,KAPITAN SOROKIN,3,345312,31,43,28,5138,39,1,2016-12-15T20:27:03.000Z,st_petersburg,2016-12-15T00:00:00.000Z,50,Tug,St. Petersburg,1
59.88227,30.19495,0,0,88,5,SPB,RU,141,0,KAPITAN SOROKIN,3,345312,31,43,28,5138,39,1,2016-12-15T20:27:04.000Z,st_petersburg,2016-12-15T00:00:00.000Z,50,Tug,St. Petersburg,1
59.88227,30.19495,0,0,88,7,SPB,RU,141,0,KAPITAN SOROKIN,3,345312,31,43,28,5138,39,1,2016-12-15T20:29:04.000Z,st_petersburg,2016-12-15T00:00:00.000Z,50,Tug,St. Petersburg,1
59.88227,30.19495,0,0,88,7,SPB,RU,141,0,KAPITAN SOROKIN,3,345312,31,43,28,5138,39,1,2016-12-15T20:29:05.000Z,st_petersburg,2016-12-15T00:00:00.000Z,50,Tug,St. Petersburg,1
59.88227,30.19495,0,0,88,9,SPB,RU,141,0,KAPITAN SOROKIN,3,345312,31,43,28,5138,39,1,2016-12-15T20:31:03.000Z,st_petersburg,2016-12-15T00:00:00.000Z,50,Tug,St. Petersburg,1
59.88227,30.19495,0,0,88,7,SPB,RU,141,0,KAPITAN SOROKIN,3,345312,31,43,28,5138,39,1,2016-12-15T20:31:04.000Z,st_petersburg,2016-12-15T00:00:00.000Z,50,Tug,St. Petersburg,1
59.88226,30.19497,0,0,88,3,SPB,RU,141,0,KAPITAN SOROKIN,3,345312,31,43,28,5138,39,1,2016-12-15T20:33:04.000Z,st_petersburg,2016-12-15T00:00:00.000Z,50,Tug,St. Petersburg,1
59.88226,30.19497,0,0,88,3,SPB,RU,141,0,KAPITAN SOROKIN,3,345312,31,43,28,5138,39,1,2016-12-15T20:33:05.000Z,st_petersburg,2016-12-15T00:00:00.000Z,50,Tug,St. Petersburg,1
59.88226,30.19495,0,0,88,2,SPB,RU,141,0,KAPITAN SOROKIN,3,345312,31,43,28,5138,39,1,2016-12-15T20:35:04.000Z,st_petersburg,2016-12-15T00:00:00.000Z,50,Tug,St. Petersburg,1
59.88226,30.19495,0,0,88,2,SPB,RU,141,0,KAPITAN SOROKIN,3,345312,31,43,28,5138,39,1,2016-12-15T20:35:05.000Z,st_petersburg,2016-12-15T00:00:00.000Z,50,Tug,St. Petersburg,1
59.88226,30.19495,0,0,88,4,SPB,RU,141,0,KAPITAN SOROKIN,3,345312,31,43,28,5138,39,1,2016-12-15T20:37:04.000Z,st_petersburg,2016-12-15T00:00:00.000Z,50,Tug,St. Petersburg,1
59.88226,30.19495,0,0,88,4,SPB,RU,141,0,KAPITAN SOROKIN,3,345312,31,43,28,5138,39,1,2016-12-15T20:37:05.000Z,st_petersburg,2016-12-15T00:00:00.000Z,50,Tug,St. Petersburg,1
59.88225,30.19496,0,0,88,2,SPB,RU,141,0,KAPITAN SOROKIN,3,345312,31,43,28,5138,39,1,2016-12-15T20:39:03.000Z,st_petersburg,2016-12-15T00:00:00.000Z,50,Tug,St. Petersburg,1
59.88225,30.19496,0,0,88,1,SPB,RU,141,0,KAPITAN SOROKIN,3,345312,31,43,28,5138,39,1,2016-12-15T20:39:04.000Z,st_petersburg,2016-12-15T00:00:00.000Z,50,Tug,St. Petersburg,1
59.88225,30.19496,0,0,88,4,SPB,RU,141,0,KAPITAN SOROKIN,3,345312,31,43,28,5138,39,1,2016-12-15T20:41:04.000Z,st_petersburg,2016-12-15T00:00:00.000Z,50,Tug,St. Petersburg,1
59.88225,30.19496,0,0,88,3,SPB,RU,141,0,KAPITAN SOROKIN,3,345312,31,43,28,5138,39,1,2016-12-15T20:41:05.000Z,st_petersburg,2016-12-15T00:00:00.000Z,50,Tug,St. Petersburg,1
59.88223,30.19499,0,0,88,3,SPB,RU,141,0,KAPITAN SOROKIN,3,345312,31,43,28,5138,39,1,2016-12-15T20:43:03.000Z,st_petersburg,2016-12-15T00:00:00.000Z,50,Tug,St. Petersburg,1
59.88223,30.19499,0,0,88,3,SPB,RU,141,0,KAPITAN SOROKIN,3,345312,31,43,28,5138,39,1,2016-12-15T20:43:04.000Z,st_petersburg,2016-12-15T00:00:00.000Z,50,Tug,St. Petersburg,1
59.88225,30.19493,0,0,88,2,SPB,RU,141,0,KAPITAN SOROKIN,3,345312,31,43,28,5138,39,1,2016-12-15T20:45:03.000Z,st_petersburg,2016-12-15T00:00:00.000Z,50,Tug,St. Petersburg,1
59.88225,30.19493,0,0,88,2,SPB,RU,141,0,KAPITAN SOROKIN,3,345312,31,43,28,5138,39,1,2016-12-15T20:45:04.000Z,st_petersburg,2016-12-15T00:00:00.000Z,50,Tug,St. Petersburg,1
59.88225,30.19493,0,0,88,4,SPB,RU,141,0,KAPITAN SOROKIN,3,345312,31,43,28,5138,39,1,2016-12-15T20:47:03.000Z,st_petersburg,2016-12-15T00:00:00.000Z,50,Tug,St. Petersburg,1
59.88225,30.19493,0,0,88,4,SPB,RU,141,0,KAPITAN SOROKIN,3,345312,31,43,28,5138,39,1,2016-12-15T20:47:04.000Z,st_petersburg,2016-12-15T00:00:00.000Z,50,Tug,St. Petersburg,1
59.88223,30.19495,0,0,88,3,SPB,RU,141,0,KAPITAN SOROKIN,3,345312,31,43,28,5138,39,1,2016-12-15T20:49:03.000Z,st_petersburg,2016-12-15T00:00:00.000Z,50,Tug,St. Petersburg,1
59.88223,30.19495,0,0,88,3,SPB,RU,141,0,KAPITAN SOROKIN,3,345312,31,43,28,5138,39,1,2016-12-15T20:49:04.000Z,st_petersburg,2016-12-15T00:00:00.000Z,50,Tug,St. Petersburg,1
59.88219,30.1949,0,0,88,2,SPB,RU,141,0,KAPITAN SOROKIN,3,345312,31,43,28,5138,39,1,2016-12-15T20:51:04.000Z,st_petersburg,2016-12-15T00:00:00.000Z,50,Tug,St. Petersburg,1
59.88219,30.1949,0,0,88,2,SPB,RU,141,0,KAPITAN SOROKIN,3,345312,31,43,28,5138,39,1,2016-12-15T20:51:05.000Z,st_petersburg,2016-12-15T00:00:00.000Z,50,Tug,St. Petersburg,1
59.88219,30.1949,0,0,88,4,SPB,RU,141,0,KAPITAN SOROKIN,3,345312,31,43,28,5138,39,1,2016-12-15T20:53:03.000Z,st_petersburg,2016-12-15T00:00:00.000Z,50,Tug,St. Petersburg,1
59.88219,30.1949,0,0,88,4,SPB,RU,141,0,KAPITAN SOROKIN,3,345312,31,43,28,5138,39,1,2016-12-15T20:53:04.000Z,st_petersburg,2016-12-15T00:00:00.000Z,50,Tug,St. Petersburg,1
59.88221,30.1949,0,0,88,3,SPB,RU,141,0,KAPITAN SOROKIN,3,345312,31,43,28,5138,39,1,2016-12-15T20:55:03.000Z,st_petersburg,2016-12-15T00:00:00.000Z,50,Tug,St. Petersburg,1
59.88221,30.1949,0,0,88,3,SPB,RU,141,0,KAPITAN SOROKIN,3,345312,31,43,28,5138,39,1,2016-12-15T20:55:05.000Z,st_petersburg,2016-12-15T00:00:00.000Z,50,Tug,St. Petersburg,1
59.88224,30.19493,0,0,88,2,SPB,RU,141,0,KAPITAN SOROKIN,3,345312,31,43,28,5138,39,1,2016-12-15T20:57:03.000Z,st_petersburg,2016-12-15T00:00:00.000Z,50,Tug,St. Petersburg,1
59.88224,30.19493,0,0,88,2,SPB,RU,141,0,KAPITAN SOROKIN,3,345312,31,43,28,5138,39,1,2016-12-15T20:57:04.000Z,st_petersburg,2016-12-15T00:00:00.000Z,50,Tug,St. Petersburg,1
59.88224,30.19493,0,0,88,4,SPB,RU,141,0,KAPITAN SOROKIN,3,345312,31,43,28,5138,39,1,2016-12-15T20:59:04.000Z,st_petersburg,2016-12-15T00:00:00.000Z,50,Tug,St. Petersburg,1
59.88224,30.19493,0,0,88,2,SPB,RU,141,0,KAPITAN SOROKIN,3,345312,31,43,28,5138,39,1,2016-12-15T20:59:05.000Z,st_petersburg,2016-12-15T00:00:00.000Z,50,Tug,St. Petersburg,1
59.88224,30.19493,0,0,88,6,SPB,RU,141,0,KAPITAN SOROKIN,3,345312,31,43,28,5138,39,1,2016-12-15T21:01:06.000Z,st_petersburg,2016-12-15T00:00:00.000Z,50,Tug,St. Petersburg,1
59.88224,30.19493,0,0,88,6,SPB,RU,141,0,KAPITAN SOROKIN,3,345312,31,43,28,5138,39,1,2016-12-15T21:01:07.000Z,st_petersburg,2016-12-15T00:00:00.000Z,50,Tug,St. Petersburg,1
59.88224,30.19493,0,0,88,8,SPB,RU,141,0,KAPITAN SOROKIN,3,345312,31,43,28,5138,39,1,2016-12-15T21:03:04.000Z,st_petersburg,2016-12-15T00:00:00.000Z,50,Tug,St. Petersburg,1
59.88224,30.19493,0,0,88,8,SPB,RU,141,0,KAPITAN SOROKIN,3,345312,31,43,28,5138,39,1,2016-12-15T21:03:05.000Z,st_petersburg,2016-12-15T00:00:00.000Z,50,Tug,St. Petersburg,1
59.88224,30.19493,0,0,88,2,SPB,RU,141,0,KAPITAN SOROKIN,3,345312,31,43,28,5138,39,1,2016-12-15T21:05:04.000Z,st_petersburg,2016-12-15T00:00:00.000Z,50,Tug,St. Petersburg,1
59.88224,30.19493,0,0,88,2,SPB,RU,141,0,KAPITAN SOROKIN,3,345312,31,43,28,5138,39,1,2016-12-15T21:05:05.000Z,st_petersburg,2016-12-15T00:00:00.000Z,50,Tug,St. Petersburg,1
59.88224,30.19493,0,0,88,4,SPB,RU,141,0,KAPITAN SOROKIN,3,345312,31,43,28,5138,39,1,2016-12-15T21:07:04.000Z,st_petersburg,2016-12-15T00:00:00.000Z,50,Tug,St. Petersburg,1
59.88224,30.19493,0,0,88,4,SPB,RU,141,0,KAPITAN SOROKIN,3,345312,31,43,28,5138,39,1,2016-12-15T21:07:05.000Z,st_petersburg,2016-12-15T00:00:00.000Z,50,Tug,St. Petersburg,1
59.88224,30.19493,0,0,88,6,SPB,RU,141,0,KAPITAN SOROKIN,3,345312,31,43,28,5138,39,1,2016-12-15T21:09:04.000Z,st_petersburg,2016-12-15T00:00:00.000Z,50,Tug,St. Petersburg,1
59.88224,30.19493,0,0,88,4,SPB,RU,141,0,KAPITAN SOROKIN,3,345312,31,43,28,5138,39,1,2016-12-15T21:09:05.000Z,st_petersburg,2016-12-15T00:00:00.000Z,50,Tug,St. Petersburg,1
59.88224,30.19493,0,0,88,8,SPB,RU,141,0,KAPITAN SOROKIN,3,345312,31,43,28,5138,39,1,2016-12-15T21:11:03.000Z,st_petersburg,2016-12-15T00:00:00.000Z,50,Tug,St. Petersburg,1
59.88224,30.19493,0,0,88,8,SPB,RU,141,0,KAPITAN SOROKIN,3,345312,31,43,28,5138,39,1,2016-12-15T21:11:04.000Z,st_petersburg,2016-12-15T00:00:00.000Z,50,Tug,St. Petersburg,1
59.88227,30.19492,0,0,88,2,SPB,RU,141,0,KAPITAN SOROKIN,3,345312,31,43,28,5138,39,1,2016-12-15T21:13:03.000Z,st_petersburg,2016-12-15T00:00:00.000Z,50,Tug,St. Petersburg,1
59.88227,30.19492,0,0,88,2,SPB,RU,141,0,KAPITAN SOROKIN,3,345312,31,43,28,5138,39,1,2016-12-15T21:13:04.000Z,st_petersburg,2016-12-15T00:00:00.000Z,50,Tug,St. Petersburg,1
59.88227,30.19492,0,0,88,4,SPB,RU,141,0,KAPITAN SOROKIN,3,345312,31,43,28,5138,39,1,2016-12-15T21:15:04.000Z,st_petersburg,2016-12-15T00:00:00.000Z,50,Tug,St. Petersburg,1
59.88227,30.19492,0,0,88,3,SPB,RU,141,0,KAPITAN SOROKIN,3,345312,31,43,28,5138,39,1,2016-12-15T21:15:05.000Z,st_petersburg,2016-12-15T00:00:00.000Z,50,Tug,St. Petersburg,1
59.88224,30.19497,0,0,88,3,SPB,RU,141,0,KAPITAN SOROKIN,3,345312,31,43,28,5138,39,1,2016-12-15T21:17:03.000Z,st_petersburg,2016-12-15T00:00:00.000Z,50,Tug,St. Petersburg,1
59.88224,30.19497,0,0,88,3,SPB,RU,141,0,KAPITAN SOROKIN,3,345312,31,43,28,5138,39,1,2016-12-15T21:17:04.000Z,st_petersburg,2016-12-15T00:00:00.000Z,50,Tug,St. Petersburg,1
59.88225,30.19495,0,0,88,2,SPB,RU,141,0,KAPITAN SOROKIN,3,345312,31,43,28,5138,39,1,2016-12-15T21:19:03.000Z,st_petersburg,2016-12-15T00:00:00.000Z,50,Tug,St. Petersburg,1
59.88225,30.19495,0,0,88,2,SPB,RU,141,0,KAPITAN SOROKIN,3,345312,31,43,28,5138,39,1,2016-12-15T21:19:04.000Z,st_petersburg,2016-12-15T00:00:00.000Z,50,Tug,St. Petersburg,1
59.88225,30.19495,0,0,88,4,SPB,RU,141,0,KAPITAN SOROKIN,3,345312,31,43,28,5138,39,1,2016-12-15T21:21:03.000Z,st_petersburg,2016-12-15T00:00:00.000Z,50,Tug,St. Petersburg,1
59.88225,30.19495,0,0,88,4,SPB,RU,141,0,KAPITAN SOROKIN,3,345312,31,43,28,5138,39,1,2016-12-15T21:21:04.000Z,st_petersburg,2016-12-15T00:00:00.000Z,50,Tug,St. Petersburg,1
59.88226,30.19493,0,0,88,3,SPB,RU,141,0,KAPITAN SOROKIN,3,345312,31,43,28,5138,39,1,2016-12-15T21:23:03.000Z,st_petersburg,2016-12-15T00:00:00.000Z,50,Tug,St. Petersburg,1
59.88226,30.19493,0,0,88,2,SPB,RU,141,0,KAPITAN SOROKIN,3,345312,31,43,28,5138,39,1,2016-12-15T21:23:04.000Z,st_petersburg,2016-12-15T00:00:00.000Z,50,Tug,St. Petersburg,1
59.88226,30.19493,0,0,88,5,SPB,RU,141,0,KAPITAN SOROKIN,3,345312,31,43,28,5138,39,1,2016-12-15T21:25:03.000Z,st_petersburg,2016-12-15T00:00:00.000Z,50,Tug,St. Petersburg,1
59.88226,30.19493,0,0,88,4,SPB,RU,141,0,KAPITAN SOROKIN,3,345312,31,43,28,5138,39,1,2016-12-15T21:25:04.000Z,st_petersburg,2016-12-15T00:00:00.000Z,50,Tug,St. Petersburg,1
59.88226,30.19492,0,0,88,3,SPB,RU,141,0,KAPITAN SOROKIN,3,345312,31,43,28,5138,39,1,2016-12-15T21:27:04.000Z,st_petersburg,2016-12-15T00:00:00.000Z,50,Tug,St. Petersburg,1
59.88226,30.19492,0,0,88,3,SPB,RU,141,0,KAPITAN SOROKIN,3,345312,31,43,28,5138,39,1,2016-12-15T21:27:05.000Z,st_petersburg,2016-12-15T00:00:00.000Z,50,Tug,St. Petersburg,1
59.88225,30.19495,0,0,88,2,SPB,RU,141,0,KAPITAN SOROKIN,3,345312,31,43,28,5138,39,1,2016-12-15T21:29:04.000Z,st_petersburg,2016-12-15T00:00:00.000Z,50,Tug,St. Petersburg,1
59.88225,30.19495,0,0,88,2,SPB,RU,141,0,KAPITAN SOROKIN,3,345312,31,43,28,5138,39,1,2016-12-15T21:29:04.000Z,st_petersburg,2016-12-15T00:00:00.000Z,50,Tug,St. Petersburg,1
59.88225,30.19495,0,0,88,4,SPB,RU,141,0,KAPITAN SOROKIN,3,345312,31,43,28,5138,39,1,2016-12-15T21:31:03.000Z,st_petersburg,2016-12-15T00:00:00.000Z,50,Tug,St. Petersburg,1
59.88225,30.19495,0,0,88,3,SPB,RU,141,0,KAPITAN SOROKIN,3,345312,31,43,28,5138,39,1,2016-12-15T21:31:04.000Z,st_petersburg,2016-12-15T00:00:00.000Z,50,Tug,St. Petersburg,1
59.88225,30.19495,0,0,88,6,SPB,RU,141,0,KAPITAN SOROKIN,3,345312,31,43,28,5138,39,1,2016-12-15T21:33:04.000Z,st_petersburg,2016-12-15T00:00:00.000Z,50,Tug,St. Petersburg,1
59.88225,30.19495,0,0,88,6,SPB,RU,141,0,KAPITAN SOROKIN,3,345312,31,43,28,5138,39,1,2016-12-15T21:33:05.000Z,st_petersburg,2016-12-15T00:00:00.000Z,50,Tug,St. Petersburg,1
59.88225,30.19495,0,0,88,8,SPB,RU,141,0,KAPITAN SOROKIN,3,345312,31,43,28,5138,39,1,2016-12-15T21:35:04.000Z,st_petersburg,2016-12-15T00:00:00.000Z,50,Tug,St. Petersburg,1
59.88225,30.19495,0,0,88,7,SPB,RU,141,0,KAPITAN SOROKIN,3,345312,31,43,28,5138,39,1,2016-12-15T21:35:05.000Z,st_petersburg,2016-12-15T00:00:00.000Z,50,Tug,St. Petersburg,1
59.88225,30.19496,0,0,88,2,SPB,RU,141,0,KAPITAN SOROKIN,3,345312,31,43,28,5138,39,1,2016-12-15T21:37:03.000Z,st_petersburg,2016-12-15T00:00:00.000Z,50,Tug,St. Petersburg,1
59.88225,30.19496,0,0,88,2,SPB,RU,141,0,KAPITAN SOROKIN,3,345312,31,43,28,5138,39,1,2016-12-15T21:37:04.000Z,st_petersburg,2016-12-15T00:00:00.000Z,50,Tug,St. Petersburg,1
59.88225,30.19496,0,0,88,4,SPB,RU,141,0,KAPITAN SOROKIN,3,345312,31,43,28,5138,39,1,2016-12-15T21:39:04.000Z,st_petersburg,2016-12-15T00:00:00.000Z,50,Tug,St. Petersburg,1
59.88225,30.19496,0,0,88,4,SPB,RU,141,0,KAPITAN SOROKIN,3,345312,31,43,28,5138,39,1,2016-12-15T21:39:04.000Z,st_petersburg,2016-12-15T00:00:00.000Z,50,Tug,St. Petersburg,1
59.88223,30.19497,0,0,88,3,SPB,RU,141,0,KAPITAN SOROKIN,3,345312,31,43,28,5138,39,1,2016-12-15T21:41:04.000Z,st_petersburg,2016-12-15T00:00:00.000Z,50,Tug,St. Petersburg,1
59.88223,30.19497,0,0,88,2,SPB,RU,141,0,KAPITAN SOROKIN,3,345312,31,43,28,5138,39,1,2016-12-15T21:41:04.000Z,st_petersburg,2016-12-15T00:00:00.000Z,50,Tug,St. Petersburg,1
59.88226,30.19489,0,0,88,2,SPB,RU,141,0,KAPITAN SOROKIN,3,345312,31,43,28,5138,39,1,2016-12-15T21:43:04.000Z,st_petersburg,2016-12-15T00:00:00.000Z,50,Tug,St. Petersburg,1
59.88226,30.19489,0,0,88,1,SPB,RU,141,0,KAPITAN SOROKIN,3,345312,31,43,28,5138,39,1,2016-12-15T21:43:04.000Z,st_petersburg,2016-12-15T00:00:00.000Z,50,Tug,St. Petersburg,1
59.88226,30.19489,0,0,88,4,SPB,RU,141,0,KAPITAN SOROKIN,3,345312,31,43,28,5138,39,1,2016-12-15T21:45:04.000Z,st_petersburg,2016-12-15T00:00:00.000Z,50,Tug,St. Petersburg,1
59.88226,30.19489,0,0,88,3,SPB,RU,141,0,KAPITAN SOROKIN,3,345312,31,43,28,5138,39,1,2016-12-15T21:45:04.000Z,st_petersburg,2016-12-15T00:00:00.000Z,50,Tug,St. Petersburg,1
59.88226,30.19489,0,0,88,6,SPB,RU,141,0,KAPITAN SOROKIN,3,345312,31,43,28,5138,39,1,2016-12-15T21:47:04.000Z,st_petersburg,2016-12-15T00:00:00.000Z,50,Tug,St. Petersburg,1
59.88226,30.19489,0,0,88,6,SPB,RU,141,0,KAPITAN SOROKIN,3,345312,31,43,28,5138,39,1,2016-12-15T21:47:04.000Z,st_petersburg,2016-12-15T00:00:00.000Z,50,Tug,St. Petersburg,1
59.88226,30.19489,0,0,88,8,SPB,RU,141,0,KAPITAN SOROKIN,3,345312,31,43,28,5138,39,1,2016-12-15T21:49:03.000Z,st_petersburg,2016-12-15T00:00:00.000Z,50,Tug,St. Petersburg,1
59.88226,30.19489,0,0,88,8,SPB,RU,141,0,KAPITAN SOROKIN,3,345312,31,43,28,5138,39,1,2016-12-15T21:49:04.000Z,st_petersburg,2016-12-15T00:00:00.000Z,50,Tug,St. Petersburg,1
59.88225,30.19495,0,0,88,2,SPB,RU,141,0,KAPITAN SOROKIN,3,345312,31,43,28,5138,39,1,2016-12-15T21:51:03.000Z,st_petersburg,2016-12-15T00:00:00.000Z,50,Tug,St. Petersburg,1
59.88226,30.19489,0,0,88,9,SPB,RU,141,0,KAPITAN SOROKIN,3,345312,31,43,28,5138,39,1,2016-12-15T21:51:04.000Z,st_petersburg,2016-12-15T00:00:00.000Z,50,Tug,St. Petersburg,1
59.88225,30.19495,0,0,88,4,SPB,RU,141,0,KAPITAN SOROKIN,3,345312,31,43,28,5138,39,1,2016-12-15T21:53:03.000Z,st_petersburg,2016-12-15T00:00:00.000Z,50,Tug,St. Petersburg,1
59.88225,30.19495,0,0,88,2,SPB,RU,141,0,KAPITAN SOROKIN,3,345312,31,43,28,5138,39,1,2016-12-15T21:53:04.000Z,st_petersburg,2016-12-15T00:00:00.000Z,50,Tug,St. Petersburg,1
59.88226,30.19496,0,0,88,3,SPB,RU,141,0,KAPITAN SOROKIN,3,345312,31,43,28,5138,39,1,2016-12-15T21:55:03.000Z,st_petersburg,2016-12-15T00:00:00.000Z,50,Tug,St. Petersburg,1
59.88226,30.19496,0,0,88,3,SPB,RU,141,0,KAPITAN SOROKIN,3,345312,31,43,28,5138,39,1,2016-12-15T21:55:04.000Z,st_petersburg,2016-12-15T00:00:00.000Z,50,Tug,St. Petersburg,1
59.88223,30.19494,0,0,88,2,SPB,RU,141,0,KAPITAN SOROKIN,3,345312,31,43,28,5138,39,1,2016-12-15T21:57:03.000Z,st_petersburg,2016-12-15T00:00:00.000Z,50,Tug,St. Petersburg,1
59.88223,30.19494,0,0,88,2,SPB,RU,141,0,KAPITAN SOROKIN,3,345312,31,43,28,5138,39,1,2016-12-15T21:57:04.000Z,st_petersburg,2016-12-15T00:00:00.000Z,50,Tug,St. Petersburg,1
59.88223,30.19494,0,0,88,4,SPB,RU,141,0,KAPITAN SOROKIN,3,345312,31,43,28,5138,39,1,2016-12-15T21:59:03.000Z,st_petersburg,2016-12-15T00:00:00.000Z,50,Tug,St. Petersburg,1
59.88223,30.19494,0,0,88,2,SPB,RU,141,0,KAPITAN SOROKIN,3,345312,31,43,28,5138,39,1,2016-12-15T21:59:04.000Z,st_petersburg,2016-12-15T00:00:00.000Z,50,Tug,St. Petersburg,1
59.88226,30.19494,0,0,88,3,SPB,RU,141,0,KAPITAN SOROKIN,3,345312,31,43,28,5138,39,1,2016-12-15T22:01:04.000Z,st_petersburg,2016-12-15T00:00:00.000Z,50,Tug,St. Petersburg,1
59.88226,30.19494,0,0,88,3,SPB,RU,141,0,KAPITAN SOROKIN,3,345312,31,43,28,5138,39,1,2016-12-15T22:01:05.000Z,st_petersburg,2016-12-15T00:00:00.000Z,50,Tug,St. Petersburg,1
59.88226,30.19494,0,0,88,3,SPB,RU,141,0,KAPITAN SOROKIN,3,345312,31,43,28,5138,39,1,2016-12-15T22:03:03.000Z,st_petersburg,2016-12-15T00:00:00.000Z,50,Tug,St. Petersburg,1
59.88226,30.19494,0,0,88,5,SPB,RU,141,0,KAPITAN SOROKIN,3,345312,31,43,28,5138,39,1,2016-12-15T22:03:04.000Z,st_petersburg,2016-12-15T00:00:00.000Z,50,Tug,St. Petersburg,1
59.88226,30.19494,0,0,88,7,SPB,RU,141,0,KAPITAN SOROKIN,3,345312,31,43,28,5138,39,1,2016-12-15T22:05:04.000Z,st_petersburg,2016-12-15T00:00:00.000Z,50,Tug,St. Petersburg,1
59.88226,30.19494,0,0,88,7,SPB,RU,141,0,KAPITAN SOROKIN,3,345312,31,43,28,5138,39,1,2016-12-15T22:05:05.000Z,st_petersburg,2016-12-15T00:00:00.000Z,50,Tug,St. Petersburg,1
59.88226,30.19494,0,0,88,9,SPB,RU,141,0,KAPITAN SOROKIN,3,345312,31,43,28,5138,39,1,2016-12-15T22:07:04.000Z,st_petersburg,2016-12-15T00:00:00.000Z,50,Tug,St. Petersburg,1
59.88226,30.19494,0,0,88,9,SPB,RU,141,0,KAPITAN SOROKIN,3,345312,31,43,28,5138,39,1,2016-12-15T22:07:05.000Z,st_petersburg,2016-12-15T00:00:00.000Z,50,Tug,St. Petersburg,1
59.88226,30.19494,0,0,88,9,SPB,RU,141,0,KAPITAN SOROKIN,3,345312,31,43,28,5138,39,1,2016-12-15T22:09:03.000Z,st_petersburg,2016-12-15T00:00:00.000Z,50,Tug,St. Petersburg,1
59.88226,30.19494,0,0,88,3,SPB,RU,141,0,KAPITAN SOROKIN,3,345312,31,43,28,5138,39,1,2016-12-15T22:09:04.000Z,st_petersburg,2016-12-15T00:00:00.000Z,50,Tug,St. Petersburg,1
59.88226,30.19494,0,0,88,5,SPB,RU,141,0,KAPITAN SOROKIN,3,345312,31,43,28,5138,39,1,2016-12-15T22:11:03.000Z,st_petersburg,2016-12-15T00:00:00.000Z,50,Tug,St. Petersburg,1
59.88226,30.19494,0,0,88,5,SPB,RU,141,0,KAPITAN SOROKIN,3,345312,31,43,28,5138,39,1,2016-12-15T22:11:04.000Z,st_petersburg,2016-12-15T00:00:00.000Z,50,Tug,St. Petersburg,1
59.88226,30.19494,0,0,88,7,SPB,RU,141,0,KAPITAN SOROKIN,3,345312,31,43,28,5138,39,1,2016-12-15T22:13:04.000Z,st_petersburg,2016-12-15T00:00:00.000Z,50,Tug,St. Petersburg,1
59.88226,30.19494,0,0,88,7,SPB,RU,141,0,KAPITAN SOROKIN,3,345312,31,43,28,5138,39,1,2016-12-15T22:13:05.000Z,st_petersburg,2016-12-15T00:00:00.000Z,50,Tug,St. Petersburg,1
59.88226,30.19494,0,0,88,9,SPB,RU,141,0,KAPITAN SOROKIN,3,345312,31,43,28,5138,39,1,2016-12-15T22:15:03.000Z,st_petersburg,2016-12-15T00:00:00.000Z,50,Tug,St. Petersburg,1
59.88226,30.19494,0,0,88,8,SPB,RU,141,0,KAPITAN SOROKIN,3,345312,31,43,28,5138,39,1,2016-12-15T22:15:04.000Z,st_petersburg,2016-12-15T00:00:00.000Z,50,Tug,St. Petersburg,1
59.88226,30.19495,0,0,88,3,SPB,RU,141,0,KAPITAN SOROKIN,3,345312,31,43,28,5138,39,1,2016-12-15T22:17:03.000Z,st_petersburg,2016-12-15T00:00:00.000Z,50,Tug,St. Petersburg,1
59.88226,30.19495,0,0,88,3,SPB,RU,141,0,KAPITAN SOROKIN,3,345312,31,43,28,5138,39,1,2016-12-15T22:17:04.000Z,st_petersburg,2016-12-15T00:00:00.000Z,50,Tug,St. Petersburg,1
59.88226,30.19495,0,0,88,5,SPB,RU,141,0,KAPITAN SOROKIN,3,345312,31,43,28,5138,39,1,2016-12-15T22:19:04.000Z,st_petersburg,2016-12-15T00:00:00.000Z,50,Tug,St. Petersburg,1
59.88226,30.19495,0,0,88,5,SPB,RU,141,0,KAPITAN SOROKIN,3,345312,31,43,28,5138,39,1,2016-12-15T22:19:05.000Z,st_petersburg,2016-12-15T00:00:00.000Z,50,Tug,St. Petersburg,1
59.88226,30.19495,0,0,88,7,SPB,RU,141,0,KAPITAN SOROKIN,3,345312,31,43,28,5138,39,1,2016-12-15T22:21:04.000Z,st_petersburg,2016-12-15T00:00:00.000Z,50,Tug,St. Petersburg,1
59.88226,30.19495,0,0,88,7,SPB,RU,141,0,KAPITAN SOROKIN,3,345312,31,43,28,5138,39,1,2016-12-15T22:21:05.000Z,st_petersburg,2016-12-15T00:00:00.000Z,50,Tug,St. Petersburg,1
59.88226,30.19495,0,0,88,9,SPB,RU,141,0,KAPITAN SOROKIN,3,345312,31,43,28,5138,39,1,2016-12-15T22:23:04.000Z,st_petersburg,2016-12-15T00:00:00.000Z,50,Tug,St. Petersburg,1
59.88226,30.19495,0,0,88,9,SPB,RU,141,0,KAPITAN SOROKIN,3,345312,31,43,28,5138,39,1,2016-12-15T22:23:05.000Z,st_petersburg,2016-12-15T00:00:00.000Z,50,Tug,St. Petersburg,1
59.88222,30.19492,0,0,88,3,SPB,RU,141,0,KAPITAN SOROKIN,3,345312,31,43,28,5138,39,1,2016-12-15T22:25:03.000Z,st_petersburg,2016-12-15T00:00:00.000Z,50,Tug,St. Petersburg,1
59.88222,30.19492,0,0,88,3,SPB,RU,141,0,KAPITAN SOROKIN,3,345312,31,43,28,5138,39,1,2016-12-15T22:25:04.000Z,st_petersburg,2016-12-15T00:00:00.000Z,50,Tug,St. Petersburg,1
59.88225,30.19492,0,0,88,2,SPB,RU,141,0,KAPITAN SOROKIN,3,345312,31,43,28,5138,39,1,2016-12-15T22:27:04.000Z,st_petersburg,2016-12-15T00:00:00.000Z,50,Tug,St. Petersburg,1
59.88225,30.19492,0,0,88,2,SPB,RU,141,0,KAPITAN SOROKIN,3,345312,31,43,28,5138,39,1,2016-12-15T22:27:05.000Z,st_petersburg,2016-12-15T00:00:00.000Z,50,Tug,St. Petersburg,1
59.88225,30.19492,0,0,88,4,SPB,RU,141,0,KAPITAN SOROKIN,3,345312,31,43,28,5138,39,1,2016-12-15T22:29:03.000Z,st_petersburg,2016-12-15T00:00:00.000Z,50,Tug,St. Petersburg,1
59.88225,30.19492,0,0,88,2,SPB,RU,141,0,KAPITAN SOROKIN,3,345312,31,43,28,5138,39,1,2016-12-15T22:29:04.000Z,st_petersburg,2016-12-15T00:00:00.000Z,50,Tug,St. Petersburg,1
59.88226,30.19491,0,0,88,3,SPB,RU,141,0,KAPITAN SOROKIN,3,345312,31,43,28,5138,39,1,2016-12-15T22:31:04.000Z,st_petersburg,2016-12-15T00:00:00.000Z,50,Tug,St. Petersburg,1
59.88226,30.19491,0,0,88,3,SPB,RU,141,0,KAPITAN SOROKIN,3,345312,31,43,28,5138,39,1,2016-12-15T22:31:04.000Z,st_petersburg,2016-12-15T00:00:00.000Z,50,Tug,St. Petersburg,1
59.88225,30.19495,0,0,88,2,SPB,RU,141,0,KAPITAN SOROKIN,3,345312,31,43,28,5138,39,1,2016-12-15T22:33:03.000Z,st_petersburg,2016-12-15T00:00:00.000Z,50,Tug,St. Petersburg,1
59.88225,30.19495,0,0,88,2,SPB,RU,141,0,KAPITAN SOROKIN,3,345312,31,43,28,5138,39,1,2016-12-15T22:33:04.000Z,st_petersburg,2016-12-15T00:00:00.000Z,50,Tug,St. Petersburg,1
59.88225,30.19495,0,0,88,4,SPB,RU,141,0,KAPITAN SOROKIN,3,345312,31,43,28,5138,39,1,2016-12-15T22:35:04.000Z,st_petersburg,2016-12-15T00:00:00.000Z,50,Tug,St. Petersburg,1
59.88225,30.19495,0,0,88,2,SPB,RU,141,0,KAPITAN SOROKIN,3,345312,31,43,28,5138,39,1,2016-12-15T22:35:04.000Z,st_petersburg,2016-12-15T00:00:00.000Z,50,Tug,St. Petersburg,1
59.88225,30.19495,0,0,88,6,SPB,RU,141,0,KAPITAN SOROKIN,3,345312,31,43,28,5138,39,1,2016-12-15T22:37:04.000Z,st_petersburg,2016-12-15T00:00:00.000Z,50,Tug,St. Petersburg,1
59.88225,30.19495,0,0,88,6,SPB,RU,141,0,KAPITAN SOROKIN,3,345312,31,43,28,5138,39,1,2016-12-15T22:37:05.000Z,st_petersburg,2016-12-15T00:00:00.000Z,50,Tug,St. Petersburg,1
59.88225,30.19495,0,0,88,8,SPB,RU,141,0,KAPITAN SOROKIN,3,345312,31,43,28,5138,39,1,2016-12-15T22:39:04.000Z,st_petersburg,2016-12-15T00:00:00.000Z,50,Tug,St. Petersburg,1
59.88225,30.19495,0,0,88,8,SPB,RU,141,0,KAPITAN SOROKIN,3,345312,31,43,28,5138,39,1,2016-12-15T22:39:04.000Z,st_petersburg,2016-12-15T00:00:00.000Z,50,Tug,St. Petersburg,1
59.88227,30.19496,0,0,88,2,SPB,RU,141,0,KAPITAN SOROKIN,3,345312,31,43,28,5138,39,1,2016-12-15T22:41:03.000Z,st_petersburg,2016-12-15T00:00:00.000Z,50,Tug,St. Petersburg,1
59.88227,30.19496,0,0,88,2,SPB,RU,141,0,KAPITAN SOROKIN,3,345312,31,43,28,5138,39,1,2016-12-15T22:41:04.000Z,st_petersburg,2016-12-15T00:00:00.000Z,50,Tug,St. Petersburg,1
59.88227,30.19496,0,0,88,4,SPB,RU,141,0,KAPITAN SOROKIN,3,345312,31,43,28,5138,39,1,2016-12-15T22:43:04.000Z,st_petersburg,2016-12-15T00:00:00.000Z,50,Tug,St. Petersburg,1
59.88227,30.19496,0,0,88,3,SPB,RU,141,0,KAPITAN SOROKIN,3,345312,31,43,28,5138,39,1,2016-12-15T22:43:05.000Z,st_petersburg,2016-12-15T00:00:00.000Z,50,Tug,St. Petersburg,1
59.88224,30.19496,0,0,88,3,SPB,RU,141,0,KAPITAN SOROKIN,3,345312,31,43,28,5138,39,1,2016-12-15T22:45:04.000Z,st_petersburg,2016-12-15T00:00:00.000Z,50,Tug,St. Petersburg,1
59.88224,30.19496,0,0,88,3,SPB,RU,141,0,KAPITAN SOROKIN,3,345312,31,43,28,5138,39,1,2016-12-15T22:45:05.000Z,st_petersburg,2016-12-15T00:00:00.000Z,50,Tug,St. Petersburg,1
59.88224,30.19496,0,0,88,5,SPB,RU,141,0,KAPITAN SOROKIN,3,345312,31,43,28,5138,39,1,2016-12-15T22:47:04.000Z,st_petersburg,2016-12-15T00:00:00.000Z,50,Tug,St. Petersburg,1
59.88224,30.19496,0,0,88,5,SPB,RU,141,0,KAPITAN SOROKIN,3,345312,31,43,28,5138,39,1,2016-12-15T22:47:05.000Z,st_petersburg,2016-12-15T00:00:00.000Z,50,Tug,St. Petersburg,1
59.88225,30.19492,0,0,88,3,SPB,RU,141,0,KAPITAN SOROKIN,3,345312,31,43,28,5138,39,1,2016-12-15T22:49:03.000Z,st_petersburg,2016-12-15T00:00:00.000Z,50,Tug,St. Petersburg,1
59.88225,30.19492,0,0,88,3,SPB,RU,141,0,KAPITAN SOROKIN,3,345312,31,43,28,5138,39,1,2016-12-15T22:49:04.000Z,st_petersburg,2016-12-15T00:00:00.000Z,50,Tug,St. Petersburg,1
59.88225,30.19492,0,0,88,5,SPB,RU,141,0,KAPITAN SOROKIN,3,345312,31,43,28,5138,39,1,2016-12-15T22:51:03.000Z,st_petersburg,2016-12-15T00:00:00.000Z,50,Tug,St. Petersburg,1
59.88225,30.19492,0,0,88,5,SPB,RU,141,0,KAPITAN SOROKIN,3,345312,31,43,28,5138,39,1,2016-12-15T22:51:04.000Z,st_petersburg,2016-12-15T00:00:00.000Z,50,Tug,St. Petersburg,1
59.88225,30.19492,0,0,88,7,SPB,RU,141,0,KAPITAN SOROKIN,3,345312,31,43,28,5138,39,1,2016-12-15T22:53:03.000Z,st_petersburg,2016-12-15T00:00:00.000Z,50,Tug,St. Petersburg,1
59.88225,30.19492,0,0,88,7,SPB,RU,141,0,KAPITAN SOROKIN,3,345312,31,43,28,5138,39,1,2016-12-15T22:53:04.000Z,st_petersburg,2016-12-15T00:00:00.000Z,50,Tug,St. Petersburg,1
59.88225,30.19492,0,0,88,9,SPB,RU,141,0,KAPITAN SOROKIN,3,345312,31,43,28,5138,39,1,2016-12-15T22:55:03.000Z,st_petersburg,2016-12-15T00:00:00.000Z,50,Tug,St. Petersburg,1
59.88225,30.19492,0,0,88,9,SPB,RU,141,0,KAPITAN SOROKIN,3,345312,31,43,28,5138,39,1,2016-12-15T22:55:04.000Z,st_petersburg,2016-12-15T00:00:00.000Z,50,Tug,St. Petersburg,1
59.88229,30.19492,0,0,88,3,SPB,RU,141,0,KAPITAN SOROKIN,3,345312,31,43,28,5138,39,1,2016-12-15T22:57:03.000Z,st_petersburg,2016-12-15T00:00:00.000Z,50,Tug,St. Petersburg,1
59.88229,30.19492,0,0,88,3,SPB,RU,141,0,KAPITAN SOROKIN,3,345312,31,43,28,5138,39,1,2016-12-15T22:57:04.000Z,st_petersburg,2016-12-15T00:00:00.000Z,50,Tug,St. Petersburg,1
59.88223,30.19493,0,0,88,2,SPB,RU,141,0,KAPITAN SOROKIN,3,345312,31,43,28,5138,39,1,2016-12-15T22:59:04.000Z,st_petersburg,2016-12-15T00:00:00.000Z,50,Tug,St. Petersburg,1
59.88223,30.19493,0,0,88,2,SPB,RU,141,0,KAPITAN SOROKIN,3,345312,31,43,28,5138,39,1,2016-12-15T22:59:04.000Z,st_petersburg,2016-12-15T00:00:00.000Z,50,Tug,St. Petersburg,1
59.88223,30.19493,0,0,88,4,SPB,RU,141,0,KAPITAN SOROKIN,3,345312,31,43,28,5138,39,1,2016-12-15T23:01:03.000Z,st_petersburg,2016-12-15T00:00:00.000Z,50,Tug,St. Petersburg,1
59.88223,30.19493,0,0,88,3,SPB,RU,141,0,KAPITAN SOROKIN,3,345312,31,43,28,5138,39,1,2016-12-15T23:01:04.000Z,st_petersburg,2016-12-15T00:00:00.000Z,50,Tug,St. Petersburg,1
59.88223,30.19496,0,0,88,3,SPB,RU,141,0,KAPITAN SOROKIN,3,345312,31,43,28,5138,39,1,2016-12-15T23:03:04.000Z,st_petersburg,2016-12-15T00:00:00.000Z,50,Tug,St. Petersburg,1
59.88223,30.19496,0,0,88,2,SPB,RU,141,0,KAPITAN SOROKIN,3,345312,31,43,28,5138,39,1,2016-12-15T23:03:04.000Z,st_petersburg,2016-12-15T00:00:00.000Z,50,Tug,St. Petersburg,1
59.88223,30.19496,0,0,88,5,SPB,RU,141,0,KAPITAN SOROKIN,3,345312,31,43,28,5138,39,1,2016-12-15T23:05:03.000Z,st_petersburg,2016-12-15T00:00:00.000Z,50,Tug,St. Petersburg,1
59.88223,30.19496,0,0,88,5,SPB,RU,141,0,KAPITAN SOROKIN,3,345312,31,43,28,5138,39,1,2016-12-15T23:05:04.000Z,st_petersburg,2016-12-15T00:00:00.000Z,50,Tug,St. Petersburg,1
59.88223,30.19496,0,0,88,7,SPB,RU,141,0,KAPITAN SOROKIN,3,345312,31,43,28,5138,39,1,2016-12-15T23:07:03.000Z,st_petersburg,2016-12-15T00:00:00.000Z,50,Tug,St. Petersburg,1
59.88223,30.19496,0,0,88,7,SPB,RU,141,0,KAPITAN SOROKIN,3,345312,31,43,28,5138,39,1,2016-12-15T23:07:04.000Z,st_petersburg,2016-12-15T00:00:00.000Z,50,Tug,St. Petersburg,1
59.88223,30.19496,0,0,88,9,SPB,RU,141,0,KAPITAN SOROKIN,3,345312,31,43,28,5138,39,1,2016-12-15T23:09:03.000Z,st_petersburg,2016-12-15T00:00:00.000Z,50,Tug,St. Petersburg,1
59.88223,30.19496,0,0,88,9,SPB,RU,141,0,KAPITAN SOROKIN,3,345312,31,43,28,5138,39,1,2016-12-15T23:09:04.000Z,st_petersburg,2016-12-15T00:00:00.000Z,50,Tug,St. Petersburg,1
59.88226,30.19496,0,0,88,3,SPB,RU,141,0,KAPITAN SOROKIN,3,345312,31,43,28,5138,39,1,2016-12-15T23:11:03.000Z,st_petersburg,2016-12-15T00:00:00.000Z,50,Tug,St. Petersburg,1
59.88226,30.19496,0,0,88,3,SPB,RU,141,0,KAPITAN SOROKIN,3,345312,31,43,28,5138,39,1,2016-12-15T23:11:04.000Z,st_petersburg,2016-12-15T00:00:00.000Z,50,Tug,St. Petersburg,1
59.88223,30.19495,0,0,88,2,SPB,RU,141,0,KAPITAN SOROKIN,3,345312,31,43,28,5138,39,1,2016-12-15T23:13:03.000Z,st_petersburg,2016-12-15T00:00:00.000Z,50,Tug,St. Petersburg,1
59.88223,30.19495,0,0,88,2,SPB,RU,141,0,KAPITAN SOROKIN,3,345312,31,43,28,5138,39,1,2016-12-15T23:13:04.000Z,st_petersburg,2016-12-15T00:00:00.000Z,50,Tug,St. Petersburg,1
59.88223,30.19495,0,0,88,4,SPB,RU,141,0,KAPITAN SOROKIN,3,345312,31,43,28,5138,39,1,2016-12-15T23:15:04.000Z,st_petersburg,2016-12-15T00:00:00.000Z,50,Tug,St. Petersburg,1
59.88223,30.19495,0,0,88,4,SPB,RU,141,0,KAPITAN SOROKIN,3,345312,31,43,28,5138,39,1,2016-12-15T23:15:05.000Z,st_petersburg,2016-12-15T00:00:00.000Z,50,Tug,St. Petersburg,1
59.88224,30.19492,0,0,88,3,SPB,RU,141,0,KAPITAN SOROKIN,3,345312,31,43,28,5138,39,1,2016-12-15T23:17:03.000Z,st_petersburg,2016-12-15T00:00:00.000Z,50,Tug,St. Petersburg,1
59.88224,30.19492,0,0,88,3,SPB,RU,141,0,KAPITAN SOROKIN,3,345312,31,43,28,5138,39,1,2016-12-15T23:17:04.000Z,st_petersburg,2016-12-15T00:00:00.000Z,50,Tug,St. Petersburg,1
59.88224,30.19492,0,0,88,5,SPB,RU,141,0,KAPITAN SOROKIN,3,345312,31,43,28,5138,39,1,2016-12-15T23:19:04.000Z,st_petersburg,2016-12-15T00:00:00.000Z,50,Tug,St. Petersburg,1
59.88224,30.19492,0,0,88,4,SPB,RU,141,0,KAPITAN SOROKIN,3,345312,31,43,28,5138,39,1,2016-12-15T23:19:04.000Z,st_petersburg,2016-12-15T00:00:00.000Z,50,Tug,St. Petersburg,1
59.88229,30.19494,1,0,88,3,SPB,RU,141,0,KAPITAN SOROKIN,3,345312,31,43,28,5138,39,1,2016-12-15T23:21:04.000Z,st_petersburg,2016-12-15T00:00:00.000Z,50,Tug,St. Petersburg,1
59.88229,30.19494,1,0,88,3,SPB,RU,141,0,KAPITAN SOROKIN,3,345312,31,43,28,5138,39,1,2016-12-15T23:21:05.000Z,st_petersburg,2016-12-15T00:00:00.000Z,50,Tug,St. Petersburg,1
59.88227,30.19496,0,0,88,2,SPB,RU,141,0,KAPITAN SOROKIN,3,345312,31,43,28,5138,39,1,2016-12-15T23:23:03.000Z,st_petersburg,2016-12-15T00:00:00.000Z,50,Tug,St. Petersburg,1
59.88227,30.19496,0,0,88,2,SPB,RU,141,0,KAPITAN SOROKIN,3,345312,31,43,28,5138,39,1,2016-12-15T23:23:04.000Z,st_petersburg,2016-12-15T00:00:00.000Z,50,Tug,St. Petersburg,1
59.88227,30.19496,0,0,88,4,SPB,RU,141,0,KAPITAN SOROKIN,3,345312,31,43,28,5138,39,1,2016-12-15T23:25:03.000Z,st_petersburg,2016-12-15T00:00:00.000Z,50,Tug,St. Petersburg,1
59.88227,30.19496,0,0,88,3,SPB,RU,141,0,KAPITAN SOROKIN,3,345312,31,43,28,5138,39,1,2016-12-15T23:25:04.000Z,st_petersburg,2016-12-15T00:00:00.000Z,50,Tug,St. Petersburg,1
59.88229,30.19495,0,0,88,2,SPB,RU,141,0,KAPITAN SOROKIN,3,345312,31,43,28,5138,39,1,2016-12-15T23:27:03.000Z,st_petersburg,2016-12-15T00:00:00.000Z,50,Tug,St. Petersburg,1
59.88229,30.19495,0,0,88,2,SPB,RU,141,0,KAPITAN SOROKIN,3,345312,31,43,28,5138,39,1,2016-12-15T23:27:04.000Z,st_petersburg,2016-12-15T00:00:00.000Z,50,Tug,St. Petersburg,1
59.88229,30.19495,0,0,88,4,SPB,RU,141,0,KAPITAN SOROKIN,3,345312,31,43,28,5138,39,1,2016-12-15T23:29:04.000Z,st_petersburg,2016-12-15T00:00:00.000Z,50,Tug,St. Petersburg,1
59.88229,30.19495,0,0,88,4,SPB,RU,141,0,KAPITAN SOROKIN,3,345312,31,43,28,5138,39,1,2016-12-15T23:29:05.000Z,st_petersburg,2016-12-15T00:00:00.000Z,50,Tug,St. Petersburg,1
59.88229,30.19494,0,0,88,3,SPB,RU,141,0,KAPITAN SOROKIN,3,345312,31,43,28,5138,39,1,2016-12-15T23:31:02.000Z,st_petersburg,2016-12-15T00:00:00.000Z,50,Tug,St. Petersburg,1
59.88229,30.19495,0,0,88,5,SPB,RU,141,0,KAPITAN SOROKIN,3,345312,31,43,28,5138,39,1,2016-12-15T23:31:03.000Z,st_petersburg,2016-12-15T00:00:00.000Z,50,Tug,St. Petersburg,1
59.88228,30.19495,0,0,88,2,SPB,RU,141,0,KAPITAN SOROKIN,3,345312,31,43,28,5138,39,1,2016-12-15T23:33:04.000Z,st_petersburg,2016-12-15T00:00:00.000Z,50,Tug,St. Petersburg,1
59.88228,30.19495,0,0,88,1,SPB,RU,141,0,KAPITAN SOROKIN,3,345312,31,43,28,5138,39,1,2016-12-15T23:33:05.000Z,st_petersburg,2016-12-15T00:00:00.000Z,50,Tug,St. Petersburg,1
59.88228,30.19495,0,0,88,4,SPB,RU,141,0,KAPITAN SOROKIN,3,345312,31,43,28,5138,39,1,2016-12-15T23:35:03.000Z,st_petersburg,2016-12-15T00:00:00.000Z,50,Tug,St. Petersburg,1
59.88228,30.19495,0,0,88,3,SPB,RU,141,0,KAPITAN SOROKIN,3,345312,31,43,28,5138,39,1,2016-12-15T23:35:04.000Z,st_petersburg,2016-12-15T00:00:00.000Z,50,Tug,St. Petersburg,1
59.88229,30.19495,0,0,88,2,SPB,RU,141,0,KAPITAN SOROKIN,3,345312,31,43,28,5138,39,1,2016-12-15T23:37:03.000Z,st_petersburg,2016-12-15T00:00:00.000Z,50,Tug,St. Petersburg,1
59.88229,30.19495,0,0,88,2,SPB,RU,141,0,KAPITAN SOROKIN,3,345312,31,43,28,5138,39,1,2016-12-15T23:37:04.000Z,st_petersburg,2016-12-15T00:00:00.000Z,50,Tug,St. Petersburg,1
59.88229,30.19495,0,0,88,4,SPB,RU,141,0,KAPITAN SOROKIN,3,345312,31,43,28,5138,39,1,2016-12-15T23:39:03.000Z,st_petersburg,2016-12-15T00:00:00.000Z,50,Tug,St. Petersburg,1
59.88229,30.19495,0,0,88,4,SPB,RU,141,0,KAPITAN SOROKIN,3,345312,31,43,28,5138,39,1,2016-12-15T23:39:04.000Z,st_petersburg,2016-12-15T00:00:00.000Z,50,Tug,St. Petersburg,1
59.88229,30.19495,0,0,88,6,SPB,RU,141,0,KAPITAN SOROKIN,3,345312,31,43,28,5138,39,1,2016-12-15T23:41:03.000Z,st_petersburg,2016-12-15T00:00:00.000Z,50,Tug,St. Petersburg,1
59.88229,30.19495,0,0,88,6,SPB,RU,141,0,KAPITAN SOROKIN,3,345312,31,43,28,5138,39,1,2016-12-15T23:41:04.000Z,st_petersburg,2016-12-15T00:00:00.000Z,50,Tug,St. Petersburg,1
59.88229,30.19495,0,0,88,8,SPB,RU,141,0,KAPITAN SOROKIN,3,345312,31,43,28,5138,39,1,2016-12-15T23:43:03.000Z,st_petersburg,2016-12-15T00:00:00.000Z,50,Tug,St. Petersburg,1
59.88229,30.19495,0,0,88,7,SPB,RU,141,0,KAPITAN SOROKIN,3,345312,31,43,28,5138,39,1,2016-12-15T23:43:04.000Z,st_petersburg,2016-12-15T00:00:00.000Z,50,Tug,St. Petersburg,1
59.88229,30.19492,0,0,88,2,SPB,RU,141,0,KAPITAN SOROKIN,3,345312,31,43,28,5138,39,1,2016-12-15T23:45:03.000Z,st_petersburg,2016-12-15T00:00:00.000Z,50,Tug,St. Petersburg,1
59.88229,30.19492,0,0,88,2,SPB,RU,141,0,KAPITAN SOROKIN,3,345312,31,43,28,5138,39,1,2016-12-15T23:45:04.000Z,st_petersburg,2016-12-15T00:00:00.000Z,50,Tug,St. Petersburg,1
59.88229,30.19492,0,0,88,4,SPB,RU,141,0,KAPITAN SOROKIN,3,345312,31,43,28,5138,39,1,2016-12-15T23:47:04.000Z,st_petersburg,2016-12-15T00:00:00.000Z,50,Tug,St. Petersburg,1
59.88229,30.19492,0,0,88,4,SPB,RU,141,0,KAPITAN SOROKIN,3,345312,31,43,28,5138,39,1,2016-12-15T23:47:05.000Z,st_petersburg,2016-12-15T00:00:00.000Z,50,Tug,St. Petersburg,1
59.88225,30.19495,0,0,88,3,SPB,RU,141,0,KAPITAN SOROKIN,3,345312,31,43,28,5138,39,1,2016-12-15T23:49:04.000Z,st_petersburg,2016-12-15T00:00:00.000Z,50,Tug,St. Petersburg,1
59.88225,30.19495,0,0,88,3,SPB,RU,141,0,KAPITAN SOROKIN,3,345312,31,43,28,5138,39,1,2016-12-15T23:49:05.000Z,st_petersburg,2016-12-15T00:00:00.000Z,50,Tug,St. Petersburg,1
59.88225,30.19495,0,0,88,5,SPB,RU,141,0,KAPITAN SOROKIN,3,345312,31,43,28,5138,39,1,2016-12-15T23:51:03.000Z,st_petersburg,2016-12-15T00:00:00.000Z,50,Tug,St. Petersburg,1
59.88225,30.19495,0,0,88,3,SPB,RU,141,0,KAPITAN SOROKIN,3,345312,31,43,28,5138,39,1,2016-12-15T23:51:04.000Z,st_petersburg,2016-12-15T00:00:00.000Z,50,Tug,St. Petersburg,1
59.88229,30.19494,0,0,88,3,SPB,RU,141,0,KAPITAN SOROKIN,3,345312,31,43,28,5138,39,1,2016-12-15T23:53:04.000Z,st_petersburg,2016-12-15T00:00:00.000Z,50,Tug,St. Petersburg,1
59.88229,30.19494,0,0,88,3,SPB,RU,141,0,KAPITAN SOROKIN,3,345312,31,43,28,5138,39,1,2016-12-15T23:53:05.000Z,st_petersburg,2016-12-15T00:00:00.000Z,50,Tug,St. Petersburg,1
59.88229,30.19494,0,0,88,3,SPB,RU,141,0,KAPITAN SOROKIN,3,345312,31,43,28,5138,39,1,2016-12-15T23:55:03.000Z,st_petersburg,2016-12-15T00:00:00.000Z,50,Tug,St. Petersburg,1
59.88223,30.19491,0,0,88,2,SPB,RU,141,0,KAPITAN SOROKIN,3,345312,31,43,28,5138,39,1,2016-12-15T23:55:04.000Z,st_petersburg,2016-12-15T00:00:00.000Z,50,Tug,St. Petersburg,1
59.88223,30.19491,0,0,88,4,SPB,RU,141,0,KAPITAN SOROKIN,3,345312,31,43,28,5138,39,1,2016-12-15T23:57:03.000Z,st_petersburg,2016-12-15T00:00:00.000Z,50,Tug,St. Petersburg,1
59.88223,30.19491,0,0,88,4,SPB,RU,141,0,KAPITAN SOROKIN,3,345312,31,43,28,5138,39,1,2016-12-15T23:57:04.000Z,st_petersburg,2016-12-15T00:00:00.000Z,50,Tug,St. Petersburg,1
59.88225,30.19496,0,0,88,3,SPB,RU,141,0,KAPITAN SOROKIN,3,345312,31,43,28,5138,39,1,2016-12-15T23:59:03.000Z,st_petersburg,2016-12-15T00:00:00.000Z,50,Tug,St. Petersburg,1
59.88225,30.19496,0,0,88,3,SPB,RU,141,0,KAPITAN SOROKIN,3,345312,31,43,28,5138,39,1,2016-12-15T23:59:04.000Z,st_petersburg,2016-12-15T00:00:00.000Z,50,Tug,St. Petersburg,1
59.88225,30.19496,0,0,88,6,SPB,RU,141,0,KAPITAN SOROKIN,3,345312,31,43,28,5138,39,1,2016-12-16T00:02:07.000Z,st_petersburg,2016-12-16T00:00:00.000Z,51,Tug,St. Petersburg,1
59.88225,30.19496,0,0,88,6,SPB,RU,141,0,KAPITAN SOROKIN,3,345312,31,43,28,5138,39,1,2016-12-16T00:02:07.000Z,st_petersburg,2016-12-16T00:00:00.000Z,51,Tug,St. Petersburg,1
59.88225,30.19496,0,0,88,6,SPB,RU,141,0,KAPITAN SOROKIN,3,345312,31,43,28,5138,39,1,2016-12-16T00:03:03.000Z,st_petersburg,2016-12-16T00:00:00.000Z,51,Tug,St. Petersburg,1
59.88225,30.19496,0,0,88,7,SPB,RU,141,0,KAPITAN SOROKIN,3,345312,31,43,28,5138,39,1,2016-12-16T00:03:04.000Z,st_petersburg,2016-12-16T00:00:00.000Z,51,Tug,St. Petersburg,1
59.88225,30.19496,0,0,88,9,SPB,RU,141,0,KAPITAN SOROKIN,3,345312,31,43,28,5138,39,1,2016-12-16T00:05:04.000Z,st_petersburg,2016-12-16T00:00:00.000Z,51,Tug,St. Petersburg,1
59.88225,30.19496,0,0,88,9,SPB,RU,141,0,KAPITAN SOROKIN,3,345312,31,43,28,5138,39,1,2016-12-16T00:05:04.000Z,st_petersburg,2016-12-16T00:00:00.000Z,51,Tug,St. Petersburg,1
59.88227,30.19498,0,0,88,3,SPB,RU,141,0,KAPITAN SOROKIN,3,345312,31,43,28,5138,39,1,2016-12-16T00:07:04.000Z,st_petersburg,2016-12-16T00:00:00.000Z,51,Tug,St. Petersburg,1
59.88227,30.19498,0,0,88,3,SPB,RU,141,0,KAPITAN SOROKIN,3,345312,31,43,28,5138,39,1,2016-12-16T00:07:05.000Z,st_petersburg,2016-12-16T00:00:00.000Z,51,Tug,St. Petersburg,1
59.88227,30.19498,0,0,88,3,SPB,RU,141,0,KAPITAN SOROKIN,3,345312,31,43,28,5138,39,1,2016-12-16T00:09:03.000Z,st_petersburg,2016-12-16T00:00:00.000Z,51,Tug,St. Petersburg,1
59.88225,30.19495,0,0,88,2,SPB,RU,141,0,KAPITAN SOROKIN,3,345312,31,43,28,5138,39,1,2016-12-16T00:09:04.000Z,st_petersburg,2016-12-16T00:00:00.000Z,51,Tug,St. Petersburg,1
59.88225,30.19495,0,0,88,4,SPB,RU,141,0,KAPITAN SOROKIN,3,345312,31,43,28,5138,39,1,2016-12-16T00:11:03.000Z,st_petersburg,2016-12-16T00:00:00.000Z,51,Tug,St. Petersburg,1
59.88225,30.19495,0,0,88,4,SPB,RU,141,0,KAPITAN SOROKIN,3,345312,31,43,28,5138,39,1,2016-12-16T00:11:04.000Z,st_petersburg,2016-12-16T00:00:00.000Z,51,Tug,St. Petersburg,1
59.88225,30.19495,0,0,88,6,SPB,RU,141,0,KAPITAN SOROKIN,3,345312,31,43,28,5138,39,1,2016-12-16T00:13:04.000Z,st_petersburg,2016-12-16T00:00:00.000Z,51,Tug,St. Petersburg,1
59.88225,30.19495,0,0,88,6,SPB,RU,141,0,KAPITAN SOROKIN,3,345312,31,43,28,5138,39,1,2016-12-16T00:13:05.000Z,st_petersburg,2016-12-16T00:00:00.000Z,51,Tug,St. Petersburg,1
59.88225,30.19495,0,0,88,6,SPB,RU,141,0,KAPITAN SOROKIN,3,345312,31,43,28,5138,39,1,2016-12-16T00:15:03.000Z,st_petersburg,2016-12-16T00:00:00.000Z,51,Tug,St. Petersburg,1
59.88225,30.19495,0,0,88,8,SPB,RU,141,0,KAPITAN SOROKIN,3,345312,31,43,28,5138,39,1,2016-12-16T00:15:04.000Z,st_petersburg,2016-12-16T00:00:00.000Z,51,Tug,St. Petersburg,1
59.88224,30.19494,0,0,88,2,SPB,RU,141,0,KAPITAN SOROKIN,3,345312,31,43,28,5138,39,1,2016-12-16T00:17:03.000Z,st_petersburg,2016-12-16T00:00:00.000Z,51,Tug,St. Petersburg,1
59.88224,30.19494,0,0,88,2,SPB,RU,141,0,KAPITAN SOROKIN,3,345312,31,43,28,5138,39,1,2016-12-16T00:17:04.000Z,st_petersburg,2016-12-16T00:00:00.000Z,51,Tug,St. Petersburg,1
59.88224,30.19494,0,0,88,4,SPB,RU,141,0,KAPITAN SOROKIN,3,345312,31,43,28,5138,39,1,2016-12-16T00:19:03.000Z,st_petersburg,2016-12-16T00:00:00.000Z,51,Tug,St. Petersburg,1
59.88224,30.19494,0,0,88,4,SPB,RU,141,0,KAPITAN SOROKIN,3,345312,31,43,28,5138,39,1,2016-12-16T00:19:04.000Z,st_petersburg,2016-12-16T00:00:00.000Z,51,Tug,St. Petersburg,1
59.88223,30.19492,0,0,88,3,SPB,RU,141,0,KAPITAN SOROKIN,3,345312,31,43,28,5138,39,1,2016-12-16T00:21:03.000Z,st_petersburg,2016-12-16T00:00:00.000Z,51,Tug,St. Petersburg,1
59.88223,30.19492,0,0,88,3,SPB,RU,141,0,KAPITAN SOROKIN,3,345312,31,43,28,5138,39,1,2016-12-16T00:21:04.000Z,st_petersburg,2016-12-16T00:00:00.000Z,51,Tug,St. Petersburg,1
59.88224,30.19495,0,0,88,2,SPB,RU,141,0,KAPITAN SOROKIN,3,345312,31,43,28,5138,39,1,2016-12-16T00:23:03.000Z,st_petersburg,2016-12-16T00:00:00.000Z,51,Tug,St. Petersburg,1
59.88223,30.19492,0,0,88,3,SPB,RU,141,0,KAPITAN SOROKIN,3,345312,31,43,28,5138,39,1,2016-12-16T00:23:04.000Z,st_petersburg,2016-12-16T00:00:00.000Z,51,Tug,St. Petersburg,1
59.88224,30.19495,0,0,88,4,SPB,RU,141,0,KAPITAN SOROKIN,3,345312,31,43,28,5138,39,1,2016-12-16T00:25:03.000Z,st_petersburg,2016-12-16T00:00:00.000Z,51,Tug,St. Petersburg,1
59.88224,30.19495,0,0,88,4,SPB,RU,141,0,KAPITAN SOROKIN,3,345312,31,43,28,5138,39,1,2016-12-16T00:25:04.000Z,st_petersburg,2016-12-16T00:00:00.000Z,51,Tug,St. Petersburg,1
59.88223,30.19494,0,0,88,3,SPB,RU,141,0,KAPITAN SOROKIN,3,345312,31,43,28,5138,39,1,2016-12-16T00:27:03.000Z,st_petersburg,2016-12-16T00:00:00.000Z,51,Tug,St. Petersburg,1
59.88223,30.19494,0,0,88,3,SPB,RU,141,0,KAPITAN SOROKIN,3,345312,31,43,28,5138,39,1,2016-12-16T00:27:04.000Z,st_petersburg,2016-12-16T00:00:00.000Z,51,Tug,St. Petersburg,1
59.88223,30.19494,0,0,88,5,SPB,RU,141,0,KAPITAN SOROKIN,3,345312,31,43,28,5138,39,1,2016-12-16T00:29:03.000Z,st_petersburg,2016-12-16T00:00:00.000Z,51,Tug,St. Petersburg,1
59.88223,30.19494,0,0,88,5,SPB,RU,141,0,KAPITAN SOROKIN,3,345312,31,43,28,5138,39,1,2016-12-16T00:29:04.000Z,st_petersburg,2016-12-16T00:00:00.000Z,51,Tug,St. Petersburg,1
59.88225,30.19497,0,0,88,2,SPB,RU,141,0,KAPITAN SOROKIN,3,345312,31,43,28,5138,39,1,2016-12-16T00:31:04.000Z,st_petersburg,2016-12-16T00:00:00.000Z,51,Tug,St. Petersburg,1
59.88225,30.19497,0,0,88,3,SPB,RU,141,0,KAPITAN SOROKIN,3,345312,31,43,28,5138,39,1,2016-12-16T00:31:05.000Z,st_petersburg,2016-12-16T00:00:00.000Z,51,Tug,St. Petersburg,1
59.88225,30.19497,0,0,88,5,SPB,RU,141,0,KAPITAN SOROKIN,3,345312,31,43,28,5138,39,1,2016-12-16T00:33:04.000Z,st_petersburg,2016-12-16T00:00:00.000Z,51,Tug,St. Petersburg,1
59.88225,30.19497,0,0,88,5,SPB,RU,141,0,KAPITAN SOROKIN,3,345312,31,43,28,5138,39,1,2016-12-16T00:33:05.000Z,st_petersburg,2016-12-16T00:00:00.000Z,51,Tug,St. Petersburg,1
59.88225,30.19497,0,0,88,7,SPB,RU,141,0,KAPITAN SOROKIN,3,345312,31,43,28,5138,39,1,2016-12-16T00:35:03.000Z,st_petersburg,2016-12-16T00:00:00.000Z,51,Tug,St. Petersburg,1
59.88225,30.19497,0,0,88,5,SPB,RU,141,0,KAPITAN SOROKIN,3,345312,31,43,28,5138,39,1,2016-12-16T00:35:04.000Z,st_petersburg,2016-12-16T00:00:00.000Z,51,Tug,St. Petersburg,1
59.88225,30.19497,0,0,88,9,SPB,RU,141,0,KAPITAN SOROKIN,3,345312,31,43,28,5138,39,1,2016-12-16T00:37:03.000Z,st_petersburg,2016-12-16T00:00:00.000Z,51,Tug,St. Petersburg,1
59.88225,30.19497,0,0,88,9,SPB,RU,141,0,KAPITAN SOROKIN,3,345312,31,43,28,5138,39,1,2016-12-16T00:37:04.000Z,st_petersburg,2016-12-16T00:00:00.000Z,51,Tug,St. Petersburg,1
59.88224,30.19491,0,0,88,3,SPB,RU,141,0,KAPITAN SOROKIN,3,345312,31,43,28,5138,39,1,2016-12-16T00:39:03.000Z,st_petersburg,2016-12-16T00:00:00.000Z,51,Tug,St. Petersburg,1
59.88224,30.19491,0,0,88,3,SPB,RU,141,0,KAPITAN SOROKIN,3,345312,31,43,28,5138,39,1,2016-12-16T00:39:04.000Z,st_petersburg,2016-12-16T00:00:00.000Z,51,Tug,St. Petersburg,1
59.88223,30.19492,0,0,88,2,SPB,RU,141,0,KAPITAN SOROKIN,3,345312,31,43,28,5138,39,1,2016-12-16T00:41:03.000Z,st_petersburg,2016-12-16T00:00:00.000Z,51,Tug,St. Petersburg,1
59.88223,30.19492,0,0,88,2,SPB,RU,141,0,KAPITAN SOROKIN,3,345312,31,43,28,5138,39,1,2016-12-16T00:41:04.000Z,st_petersburg,2016-12-16T00:00:00.000Z,51,Tug,St. Petersburg,1
59.88223,30.19492,0,0,88,4,SPB,RU,141,0,KAPITAN SOROKIN,3,345312,31,43,28,5138,39,1,2016-12-16T00:43:03.000Z,st_petersburg,2016-12-16T00:00:00.000Z,51,Tug,St. Petersburg,1
59.88223,30.19492,0,0,88,4,SPB,RU,141,0,KAPITAN SOROKIN,3,345312,31,43,28,5138,39,1,2016-12-16T00:43:04.000Z,st_petersburg,2016-12-16T00:00:00.000Z,51,Tug,St. Petersburg,1
59.88223,30.19492,0,0,88,6,SPB,RU,141,0,KAPITAN SOROKIN,3,345312,31,43,28,5138,39,1,2016-12-16T00:45:03.000Z,st_petersburg,2016-12-16T00:00:00.000Z,51,Tug,St. Petersburg,1
59.88223,30.19492,0,0,88,6,SPB,RU,141,0,KAPITAN SOROKIN,3,345312,31,43,28,5138,39,1,2016-12-16T00:45:04.000Z,st_petersburg,2016-12-16T00:00:00.000Z,51,Tug,St. Petersburg,1
59.88223,30.19492,0,0,88,8,SPB,RU,141,0,KAPITAN SOROKIN,3,345312,31,43,28,5138,39,1,2016-12-16T00:47:05.000Z,st_petersburg,2016-12-16T00:00:00.000Z,51,Tug,St. Petersburg,1
59.88223,30.19492,0,0,88,8,SPB,RU,141,0,KAPITAN SOROKIN,3,345312,31,43,28,5138,39,1,2016-12-16T00:47:06.000Z,st_petersburg,2016-12-16T00:00:00.000Z,51,Tug,St. Petersburg,1
59.88225,30.19492,0,0,88,2,SPB,RU,141,0,KAPITAN SOROKIN,3,345312,31,43,28,5138,39,1,2016-12-16T00:49:03.000Z,st_petersburg,2016-12-16T00:00:00.000Z,51,Tug,St. Petersburg,1
59.88225,30.19492,0,0,88,2,SPB,RU,141,0,KAPITAN SOROKIN,3,345312,31,43,28,5138,39,1,2016-12-16T00:49:04.000Z,st_petersburg,2016-12-16T00:00:00.000Z,51,Tug,St. Petersburg,1
59.88225,30.19492,0,0,88,4,SPB,RU,141,0,KAPITAN SOROKIN,3,345312,31,43,28,5138,39,1,2016-12-16T00:51:04.000Z,st_petersburg,2016-12-16T00:00:00.000Z,51,Tug,St. Petersburg,1
59.88225,30.19492,0,0,88,4,SPB,RU,141,0,KAPITAN SOROKIN,3,345312,31,43,28,5138,39,1,2016-12-16T00:51:05.000Z,st_petersburg,2016-12-16T00:00:00.000Z,51,Tug,St. Petersburg,1
59.88225,30.19494,0,0,88,3,SPB,RU,141,0,KAPITAN SOROKIN,3,345312,31,43,28,5138,39,1,2016-12-16T00:53:04.000Z,st_petersburg,2016-12-16T00:00:00.000Z,51,Tug,St. Petersburg,1
59.88225,30.19494,0,0,88,3,SPB,RU,141,0,KAPITAN SOROKIN,3,345312,31,43,28,5138,39,1,2016-12-16T00:53:05.000Z,st_petersburg,2016-12-16T00:00:00.000Z,51,Tug,St. Petersburg,1
59.88225,30.19494,0,0,88,5,SPB,RU,141,0,KAPITAN SOROKIN,3,345312,31,43,28,5138,39,1,2016-12-16T00:55:04.000Z,st_petersburg,2016-12-16T00:00:00.000Z,51,Tug,St. Petersburg,1
59.88225,30.19494,0,0,88,5,SPB,RU,141,0,KAPITAN SOROKIN,3,345312,31,43,28,5138,39,1,2016-12-16T00:55:05.000Z,st_petersburg,2016-12-16T00:00:00.000Z,51,Tug,St. Petersburg,1
59.88225,30.19496,0,0,88,3,SPB,RU,141,0,KAPITAN SOROKIN,3,345312,31,43,28,5138,39,1,2016-12-16T00:57:04.000Z,st_petersburg,2016-12-16T00:00:00.000Z,51,Tug,St. Petersburg,1
59.88225,30.19496,0,0,88,3,SPB,RU,141,0,KAPITAN SOROKIN,3,345312,31,43,28,5138,39,1,2016-12-16T00:57:05.000Z,st_petersburg,2016-12-16T00:00:00.000Z,51,Tug,St. Petersburg,1
59.88225,30.19495,0,0,88,2,SPB,RU,141,0,KAPITAN SOROKIN,3,345312,31,43,28,5138,39,1,2016-12-16T00:59:04.000Z,st_petersburg,2016-12-16T00:00:00.000Z,51,Tug,St. Petersburg,1
59.88225,30.19495,0,0,88,2,SPB,RU,141,0,KAPITAN SOROKIN,3,345312,31,43,28,5138,39,1,2016-12-16T00:59:05.000Z,st_petersburg,2016-12-16T00:00:00.000Z,51,Tug,St. Petersburg,1
59.88225,30.19495,0,0,88,4,SPB,RU,141,0,KAPITAN SOROKIN,3,345312,31,43,28,5138,39,1,2016-12-16T01:01:03.000Z,st_petersburg,2016-12-16T00:00:00.000Z,51,Tug,St. Petersburg,1
59.88225,30.19495,0,0,88,3,SPB,RU,141,0,KAPITAN SOROKIN,3,345312,31,43,28,5138,39,1,2016-12-16T01:01:04.000Z,st_petersburg,2016-12-16T00:00:00.000Z,51,Tug,St. Petersburg,1
59.88224,30.19495,0,0,88,3,SPB,RU,141,0,KAPITAN SOROKIN,3,345312,31,43,28,5138,39,1,2016-12-16T01:03:04.000Z,st_petersburg,2016-12-16T00:00:00.000Z,51,Tug,St. Petersburg,1
59.88224,30.19495,0,0,88,3,SPB,RU,141,0,KAPITAN SOROKIN,3,345312,31,43,28,5138,39,1,2016-12-16T01:03:04.000Z,st_petersburg,2016-12-16T00:00:00.000Z,51,Tug,St. Petersburg,1
59.8822,30.19495,0,0,88,2,SPB,RU,141,0,KAPITAN SOROKIN,3,345312,31,43,28,5138,39,1,2016-12-16T01:05:03.000Z,st_petersburg,2016-12-16T00:00:00.000Z,51,Tug,St. Petersburg,1
59.8822,30.19495,0,0,88,2,SPB,RU,141,0,KAPITAN SOROKIN,3,345312,31,43,28,5138,39,1,2016-12-16T01:05:05.000Z,st_petersburg,2016-12-16T00:00:00.000Z,51,Tug,St. Petersburg,1
59.8822,30.19495,0,0,88,4,SPB,RU,141,0,KAPITAN SOROKIN,3,345312,31,43,28,5138,39,1,2016-12-16T01:07:03.000Z,st_petersburg,2016-12-16T00:00:00.000Z,51,Tug,St. Petersburg,1
59.8822,30.19495,0,0,88,4,SPB,RU,141,0,KAPITAN SOROKIN,3,345312,31,43,28,5138,39,1,2016-12-16T01:07:04.000Z,st_petersburg,2016-12-16T00:00:00.000Z,51,Tug,St. Petersburg,1
59.88225,30.19494,0,0,88,3,SPB,RU,141,0,KAPITAN SOROKIN,3,345312,31,43,28,5138,39,1,2016-12-16T01:09:03.000Z,st_petersburg,2016-12-16T00:00:00.000Z,51,Tug,St. Petersburg,1
59.88225,30.19494,0,0,88,3,SPB,RU,141,0,KAPITAN SOROKIN,3,345312,31,43,28,5138,39,1,2016-12-16T01:09:04.000Z,st_petersburg,2016-12-16T00:00:00.000Z,51,Tug,St. Petersburg,1
59.88227,30.19496,0,0,88,2,SPB,RU,141,0,KAPITAN SOROKIN,3,345312,31,43,28,5138,39,1,2016-12-16T01:11:03.000Z,st_petersburg,2016-12-16T00:00:00.000Z,51,Tug,St. Petersburg,1
59.88227,30.19496,0,0,88,2,SPB,RU,141,0,KAPITAN SOROKIN,3,345312,31,43,28,5138,39,1,2016-12-16T01:11:04.000Z,st_petersburg,2016-12-16T00:00:00.000Z,51,Tug,St. Petersburg,1
59.88227,30.19496,0,0,88,4,SPB,RU,141,0,KAPITAN SOROKIN,3,345312,31,43,28,5138,39,1,2016-12-16T01:13:04.000Z,st_petersburg,2016-12-16T00:00:00.000Z,51,Tug,St. Petersburg,1
59.88227,30.19496,0,0,88,4,SPB,RU,141,0,KAPITAN SOROKIN,3,345312,31,43,28,5138,39,1,2016-12-16T01:13:04.000Z,st_petersburg,2016-12-16T00:00:00.000Z,51,Tug,St. Petersburg,1
59.88227,30.19496,0,0,88,6,SPB,RU,141,0,KAPITAN SOROKIN,3,345312,31,43,28,5138,39,1,2016-12-16T01:15:04.000Z,st_petersburg,2016-12-16T00:00:00.000Z,51,Tug,St. Petersburg,1
59.88227,30.19496,0,0,88,6,SPB,RU,141,0,KAPITAN SOROKIN,3,345312,31,43,28,5138,39,1,2016-12-16T01:15:05.000Z,st_petersburg,2016-12-16T00:00:00.000Z,51,Tug,St. Petersburg,1
59.88227,30.19496,0,0,88,8,SPB,RU,141,0,KAPITAN SOROKIN,3,345312,31,43,28,5138,39,1,2016-12-16T01:17:03.000Z,st_petersburg,2016-12-16T00:00:00.000Z,51,Tug,St. Petersburg,1
59.88227,30.19496,0,0,88,8,SPB,RU,141,0,KAPITAN SOROKIN,3,345312,31,43,28,5138,39,1,2016-12-16T01:17:04.000Z,st_petersburg,2016-12-16T00:00:00.000Z,51,Tug,St. Petersburg,1
59.88224,30.19494,0,0,88,2,SPB,RU,141,0,KAPITAN SOROKIN,3,345312,31,43,28,5138,39,1,2016-12-16T01:19:03.000Z,st_petersburg,2016-12-16T00:00:00.000Z,51,Tug,St. Petersburg,1
59.88224,30.19494,0,0,88,2,SPB,RU,141,0,KAPITAN SOROKIN,3,345312,31,43,28,5138,39,1,2016-12-16T01:19:04.000Z,st_petersburg,2016-12-16T00:00:00.000Z,51,Tug,St. Petersburg,1
59.88224,30.19494,0,0,88,4,SPB,RU,141,0,KAPITAN SOROKIN,3,345312,31,43,28,5138,39,1,2016-12-16T01:21:04.000Z,st_petersburg,2016-12-16T00:00:00.000Z,51,Tug,St. Petersburg,1
59.88224,30.19494,0,0,88,3,SPB,RU,141,0,KAPITAN SOROKIN,3,345312,31,43,28,5138,39,1,2016-12-16T01:21:04.000Z,st_petersburg,2016-12-16T00:00:00.000Z,51,Tug,St. Petersburg,1
59.88223,30.19493,0,0,88,3,SPB,RU,141,0,KAPITAN SOROKIN,3,345312,31,43,28,5138,39,1,2016-12-16T01:23:03.000Z,st_petersburg,2016-12-16T00:00:00.000Z,51,Tug,St. Petersburg,1
59.88223,30.19493,0,0,88,3,SPB,RU,141,0,KAPITAN SOROKIN,3,345312,31,43,28,5138,39,1,2016-12-16T01:23:04.000Z,st_petersburg,2016-12-16T00:00:00.000Z,51,Tug,St. Petersburg,1
59.88224,30.19495,0,0,88,2,SPB,RU,141,0,KAPITAN SOROKIN,3,345312,31,43,28,5138,39,1,2016-12-16T01:25:03.000Z,st_petersburg,2016-12-16T00:00:00.000Z,51,Tug,St. Petersburg,1
59.88224,30.19495,0,0,88,2,SPB,RU,141,0,KAPITAN SOROKIN,3,345312,31,43,28,5138,39,1,2016-12-16T01:25:04.000Z,st_petersburg,2016-12-16T00:00:00.000Z,51,Tug,St. Petersburg,1
59.88224,30.19495,0,0,88,4,SPB,RU,141,0,KAPITAN SOROKIN,3,345312,31,43,28,5138,39,1,2016-12-16T01:27:03.000Z,st_petersburg,2016-12-16T00:00:00.000Z,51,Tug,St. Petersburg,1
59.88224,30.19495,0,0,88,4,SPB,RU,141,0,KAPITAN SOROKIN,3,345312,31,43,28,5138,39,1,2016-12-16T01:27:04.000Z,st_petersburg,2016-12-16T00:00:00.000Z,51,Tug,St. Petersburg,1
59.88223,30.19495,0,0,88,2,SPB,RU,141,0,KAPITAN SOROKIN,3,345312,31,43,28,5138,39,1,2016-12-16T01:29:04.000Z,st_petersburg,2016-12-16T00:00:00.000Z,51,Tug,St. Petersburg,1
59.88223,30.19495,0,0,88,2,SPB,RU,141,0,KAPITAN SOROKIN,3,345312,31,43,28,5138,39,1,2016-12-16T01:29:05.000Z,st_petersburg,2016-12-16T00:00:00.000Z,51,Tug,St. Petersburg,1
59.88223,30.19495,0,0,88,2,SPB,RU,141,0,KAPITAN SOROKIN,3,345312,31,43,28,5138,39,1,2016-12-16T01:31:03.000Z,st_petersburg,2016-12-16T00:00:00.000Z,51,Tug,St. Petersburg,1
59.88223,30.19495,0,0,88,4,SPB,RU,141,0,KAPITAN SOROKIN,3,345312,31,43,28,5138,39,1,2016-12-16T01:31:05.000Z,st_petersburg,2016-12-16T00:00:00.000Z,51,Tug,St. Petersburg,1
59.88223,30.19493,0,0,88,3,SPB,RU,141,0,KAPITAN SOROKIN,3,345312,31,43,28,5138,39,1,2016-12-16T01:33:04.000Z,st_petersburg,2016-12-16T00:00:00.000Z,51,Tug,St. Petersburg,1
59.88223,30.19493,0,0,88,3,SPB,RU,141,0,KAPITAN SOROKIN,3,345312,31,43,28,5138,39,1,2016-12-16T01:33:04.000Z,st_petersburg,2016-12-16T00:00:00.000Z,51,Tug,St. Petersburg,1
59.88227,30.19492,0,0,88,2,SPB,RU,141,0,KAPITAN SOROKIN,3,345312,31,43,28,5138,39,1,2016-12-16T01:35:04.000Z,st_petersburg,2016-12-16T00:00:00.000Z,51,Tug,St. Petersburg,1
59.88227,30.19492,0,0,88,2,SPB,RU,141,0,KAPITAN SOROKIN,3,345312,31,43,28,5138,39,1,2016-12-16T01:35:05.000Z,st_petersburg,2016-12-16T00:00:00.000Z,51,Tug,St. Petersburg,1
59.88227,30.19492,0,0,88,4,SPB,RU,141,0,KAPITAN SOROKIN,3,345312,31,43,28,5138,39,1,2016-12-16T01:37:03.000Z,st_petersburg,2016-12-16T00:00:00.000Z,51,Tug,St. Petersburg,1
59.88227,30.19492,0,0,88,2,SPB,RU,141,0,KAPITAN SOROKIN,3,345312,31,43,28,5138,39,1,2016-12-16T01:37:04.000Z,st_petersburg,2016-12-16T00:00:00.000Z,51,Tug,St. Petersburg,1
59.88227,30.19492,0,0,88,6,SPB,RU,141,0,KAPITAN SOROKIN,3,345312,31,43,28,5138,39,1,2016-12-16T01:39:04.000Z,st_petersburg,2016-12-16T00:00:00.000Z,51,Tug,St. Petersburg,1
59.88227,30.19492,0,0,88,6,SPB,RU,141,0,KAPITAN SOROKIN,3,345312,31,43,28,5138,39,1,2016-12-16T01:39:04.000Z,st_petersburg,2016-12-16T00:00:00.000Z,51,Tug,St. Petersburg,1
59.88227,30.19492,0,0,88,8,SPB,RU,141,0,KAPITAN SOROKIN,3,345312,31,43,28,5138,39,1,2016-12-16T01:41:04.000Z,st_petersburg,2016-12-16T00:00:00.000Z,51,Tug,St. Petersburg,1
59.88227,30.19492,0,0,88,7,SPB,RU,141,0,KAPITAN SOROKIN,3,345312,31,43,28,5138,39,1,2016-12-16T01:41:04.000Z,st_petersburg,2016-12-16T00:00:00.000Z,51,Tug,St. Petersburg,1
59.88224,30.19494,0,0,88,2,SPB,RU,141,0,KAPITAN SOROKIN,3,345312,31,43,28,5138,39,1,2016-12-16T01:43:03.000Z,st_petersburg,2016-12-16T00:00:00.000Z,51,Tug,St. Petersburg,1
59.88224,30.19494,0,0,88,1,SPB,RU,141,0,KAPITAN SOROKIN,3,345312,31,43,28,5138,39,1,2016-12-16T01:43:04.000Z,st_petersburg,2016-12-16T00:00:00.000Z,51,Tug,St. Petersburg,1
59.88224,30.19494,0,0,88,4,SPB,RU,141,0,KAPITAN SOROKIN,3,345312,31,43,28,5138,39,1,2016-12-16T01:45:03.000Z,st_petersburg,2016-12-16T00:00:00.000Z,51,Tug,St. Petersburg,1
59.88224,30.19494,0,0,88,4,SPB,RU,141,0,KAPITAN SOROKIN,3,345312,31,43,28,5138,39,1,2016-12-16T01:45:04.000Z,st_petersburg,2016-12-16T00:00:00.000Z,51,Tug,St. Petersburg,1
59.88225,30.19492,0,0,88,3,SPB,RU,141,0,KAPITAN SOROKIN,3,345312,31,43,28,5138,39,1,2016-12-16T01:47:03.000Z,st_petersburg,2016-12-16T00:00:00.000Z,51,Tug,St. Petersburg,1
59.88225,30.19492,0,0,88,3,SPB,RU,141,0,KAPITAN SOROKIN,3,345312,31,43,28,5138,39,1,2016-12-16T01:47:04.000Z,st_petersburg,2016-12-16T00:00:00.000Z,51,Tug,St. Petersburg,1
59.88226,30.19494,0,0,88,2,SPB,RU,141,0,KAPITAN SOROKIN,3,345312,31,43,28,5138,39,1,2016-12-16T01:49:04.000Z,st_petersburg,2016-12-16T00:00:00.000Z,51,Tug,St. Petersburg,1
59.88226,30.19494,0,0,88,2,SPB,RU,141,0,KAPITAN SOROKIN,3,345312,31,43,28,5138,39,1,2016-12-16T01:49:05.000Z,st_petersburg,2016-12-16T00:00:00.000Z,51,Tug,St. Petersburg,1
59.88226,30.19494,0,0,88,4,SPB,RU,141,0,KAPITAN SOROKIN,3,345312,31,43,28,5138,39,1,2016-12-16T01:51:04.000Z,st_petersburg,2016-12-16T00:00:00.000Z,51,Tug,St. Petersburg,1
59.88226,30.19494,0,0,88,4,SPB,RU,141,0,KAPITAN SOROKIN,3,345312,31,43,28,5138,39,1,2016-12-16T01:51:04.000Z,st_petersburg,2016-12-16T00:00:00.000Z,51,Tug,St. Petersburg,1
59.88225,30.19497,0,0,88,3,SPB,RU,141,0,KAPITAN SOROKIN,3,345312,31,43,28,5138,39,1,2016-12-16T01:53:04.000Z,st_petersburg,2016-12-16T00:00:00.000Z,51,Tug,St. Petersburg,1
59.88225,30.19497,0,0,88,3,SPB,RU,141,0,KAPITAN SOROKIN,3,345312,31,43,28,5138,39,1,2016-12-16T01:53:05.000Z,st_petersburg,2016-12-16T00:00:00.000Z,51,Tug,St. Petersburg,1
59.88225,30.19495,0,0,88,2,SPB,RU,141,0,KAPITAN SOROKIN,3,345312,31,43,28,5138,39,1,2016-12-16T01:55:03.000Z,st_petersburg,2016-12-16T00:00:00.000Z,51,Tug,St. Petersburg,1
59.88225,30.19495,0,0,88,2,SPB,RU,141,0,KAPITAN SOROKIN,3,345312,31,43,28,5138,39,1,2016-12-16T01:55:04.000Z,st_petersburg,2016-12-16T00:00:00.000Z,51,Tug,St. Petersburg,1
59.88225,30.19495,0,0,88,4,SPB,RU,141,0,KAPITAN SOROKIN,3,345312,31,43,28,5138,39,1,2016-12-16T01:57:03.000Z,st_petersburg,2016-12-16T00:00:00.000Z,51,Tug,St. Petersburg,1
59.88225,30.19495,0,0,88,4,SPB,RU,141,0,KAPITAN SOROKIN,3,345312,31,43,28,5138,39,1,2016-12-16T01:57:05.000Z,st_petersburg,2016-12-16T00:00:00.000Z,51,Tug,St. Petersburg,1
59.88224,30.19494,0,0,88,3,SPB,RU,141,0,KAPITAN SOROKIN,3,345312,31,43,28,5138,39,1,2016-12-16T01:59:04.000Z,st_petersburg,2016-12-16T00:00:00.000Z,51,Tug,St. Petersburg,1
59.88224,30.19494,0,0,88,3,SPB,RU,141,0,KAPITAN SOROKIN,3,345312,31,43,28,5138,39,1,2016-12-16T01:59:05.000Z,st_petersburg,2016-12-16T00:00:00.000Z,51,Tug,St. Petersburg,1
59.88224,30.19494,0,0,88,5,SPB,RU,141,0,KAPITAN SOROKIN,3,345312,31,43,28,5138,39,1,2016-12-16T02:01:04.000Z,st_petersburg,2016-12-16T00:00:00.000Z,51,Tug,St. Petersburg,1
59.88224,30.19494,0,0,88,5,SPB,RU,141,0,KAPITAN SOROKIN,3,345312,31,43,28,5138,39,1,2016-12-16T02:01:04.000Z,st_petersburg,2016-12-16T00:00:00.000Z,51,Tug,St. Petersburg,1
59.88224,30.19494,0,0,88,7,SPB,RU,141,0,KAPITAN SOROKIN,3,345312,31,43,28,5138,39,1,2016-12-16T02:03:04.000Z,st_petersburg,2016-12-16T00:00:00.000Z,51,Tug,St. Petersburg,1
59.88224,30.19494,0,0,88,7,SPB,RU,141,0,KAPITAN SOROKIN,3,345312,31,43,28,5138,39,1,2016-12-16T02:03:05.000Z,st_petersburg,2016-12-16T00:00:00.000Z,51,Tug,St. Petersburg,1
59.88224,30.19494,0,0,88,9,SPB,RU,141,0,KAPITAN SOROKIN,3,345312,31,43,28,5138,39,1,2016-12-16T02:05:04.000Z,st_petersburg,2016-12-16T00:00:00.000Z,51,Tug,St. Petersburg,1
59.88224,30.19494,0,0,88,9,SPB,RU,141,0,KAPITAN SOROKIN,3,345312,31,43,28,5138,39,1,2016-12-16T02:05:05.000Z,st_petersburg,2016-12-16T00:00:00.000Z,51,Tug,St. Petersburg,1
59.88227,30.19495,0,0,88,3,SPB,RU,141,0,KAPITAN SOROKIN,3,345312,31,43,28,5138,39,1,2016-12-16T02:07:03.000Z,st_petersburg,2016-12-16T00:00:00.000Z,51,Tug,St. Petersburg,1
59.88227,30.19495,0,0,88,2,SPB,RU,141,0,KAPITAN SOROKIN,3,345312,31,43,28,5138,39,1,2016-12-16T02:07:04.000Z,st_petersburg,2016-12-16T00:00:00.000Z,51,Tug,St. Petersburg,1
59.88225,30.19493,0,0,88,2,SPB,RU,141,0,KAPITAN SOROKIN,3,345312,31,43,28,5138,39,1,2016-12-16T02:09:04.000Z,st_petersburg,2016-12-16T00:00:00.000Z,51,Tug,St. Petersburg,1
59.88225,30.19493,0,0,88,2,SPB,RU,141,0,KAPITAN SOROKIN,3,345312,31,43,28,5138,39,1,2016-12-16T02:09:05.000Z,st_petersburg,2016-12-16T00:00:00.000Z,51,Tug,St. Petersburg,1
59.88225,30.19493,0,0,88,4,SPB,RU,141,0,KAPITAN SOROKIN,3,345312,31,43,28,5138,39,1,2016-12-16T02:11:04.000Z,st_petersburg,2016-12-16T00:00:00.000Z,51,Tug,St. Petersburg,1
59.88225,30.19493,0,0,88,2,SPB,RU,141,0,KAPITAN SOROKIN,3,345312,31,43,28,5138,39,1,2016-12-16T02:11:05.000Z,st_petersburg,2016-12-16T00:00:00.000Z,51,Tug,St. Petersburg,1
59.88225,30.19497,0,0,88,3,SPB,RU,141,0,KAPITAN SOROKIN,3,345312,31,43,28,5138,39,1,2016-12-16T02:13:04.000Z,st_petersburg,2016-12-16T00:00:00.000Z,51,Tug,St. Petersburg,1
59.88225,30.19497,0,0,88,3,SPB,RU,141,0,KAPITAN SOROKIN,3,345312,31,43,28,5138,39,1,2016-12-16T02:13:05.000Z,st_petersburg,2016-12-16T00:00:00.000Z,51,Tug,St. Petersburg,1
59.88225,30.19497,0,0,88,5,SPB,RU,141,0,KAPITAN SOROKIN,3,345312,31,43,28,5138,39,1,2016-12-16T02:15:03.000Z,st_petersburg,2016-12-16T00:00:00.000Z,51,Tug,St. Petersburg,1
59.88225,30.19497,0,0,88,5,SPB,RU,141,0,KAPITAN SOROKIN,3,345312,31,43,28,5138,39,1,2016-12-16T02:15:04.000Z,st_petersburg,2016-12-16T00:00:00.000Z,51,Tug,St. Petersburg,1
59.88225,30.19494,0,0,88,3,SPB,RU,141,0,KAPITAN SOROKIN,3,345312,31,43,28,5138,39,1,2016-12-16T02:17:03.000Z,st_petersburg,2016-12-16T00:00:00.000Z,51,Tug,St. Petersburg,1
59.88225,30.19494,0,0,88,3,SPB,RU,141,0,KAPITAN SOROKIN,3,345312,31,43,28,5138,39,1,2016-12-16T02:17:04.000Z,st_petersburg,2016-12-16T00:00:00.000Z,51,Tug,St. Petersburg,1
59.88225,30.19494,0,0,88,2,SPB,RU,141,0,KAPITAN SOROKIN,3,345312,31,43,28,5138,39,1,2016-12-16T02:19:03.000Z,st_petersburg,2016-12-16T00:00:00.000Z,51,Tug,St. Petersburg,1
59.88225,30.19494,0,0,88,2,SPB,RU,141,0,KAPITAN SOROKIN,3,345312,31,43,28,5138,39,1,2016-12-16T02:19:04.000Z,st_petersburg,2016-12-16T00:00:00.000Z,51,Tug,St. Petersburg,1
59.88225,30.19494,0,0,88,4,SPB,RU,141,0,KAPITAN SOROKIN,3,345312,31,43,28,5138,39,1,2016-12-16T02:21:03.000Z,st_petersburg,2016-12-16T00:00:00.000Z,51,Tug,St. Petersburg,1
59.88225,30.19494,0,0,88,4,SPB,RU,141,0,KAPITAN SOROKIN,3,345312,31,43,28,5138,39,1,2016-12-16T02:21:04.000Z,st_petersburg,2016-12-16T00:00:00.000Z,51,Tug,St. Petersburg,1
59.88227,30.19495,0,0,88,2,SPB,RU,141,0,KAPITAN SOROKIN,3,345312,31,43,28,5138,39,1,2016-12-16T02:23:03.000Z,st_petersburg,2016-12-16T00:00:00.000Z,51,Tug,St. Petersburg,1
59.88227,30.19495,0,0,88,2,SPB,RU,141,0,KAPITAN SOROKIN,3,345312,31,43,28,5138,39,1,2016-12-16T02:23:05.000Z,st_petersburg,2016-12-16T00:00:00.000Z,51,Tug,St. Petersburg,1
59.88227,30.19495,0,0,88,4,SPB,RU,141,0,KAPITAN SOROKIN,3,345312,31,43,28,5138,39,1,2016-12-16T02:25:04.000Z,st_petersburg,2016-12-16T00:00:00.000Z,51,Tug,St. Petersburg,1
59.88227,30.19495,0,0,88,4,SPB,RU,141,0,KAPITAN SOROKIN,3,345312,31,43,28,5138,39,1,2016-12-16T02:25:05.000Z,st_petersburg,2016-12-16T00:00:00.000Z,51,Tug,St. Petersburg,1
59.88225,30.19493,0,0,88,3,SPB,RU,141,0,KAPITAN SOROKIN,3,345312,31,43,28,5138,39,1,2016-12-16T02:27:04.000Z,st_petersburg,2016-12-16T00:00:00.000Z,51,Tug,St. Petersburg,1
59.88225,30.19493,0,0,88,3,SPB,RU,141,0,KAPITAN SOROKIN,3,345312,31,43,28,5138,39,1,2016-12-16T02:27:04.000Z,st_petersburg,2016-12-16T00:00:00.000Z,51,Tug,St. Petersburg,1
59.88225,30.19493,0,0,88,5,SPB,RU,141,0,KAPITAN SOROKIN,3,345312,31,43,28,5138,39,1,2016-12-16T02:29:04.000Z,st_petersburg,2016-12-16T00:00:00.000Z,51,Tug,St. Petersburg,1
59.88225,30.19493,0,0,88,5,SPB,RU,141,0,KAPITAN SOROKIN,3,345312,31,43,28,5138,39,1,2016-12-16T02:29:05.000Z,st_petersburg,2016-12-16T00:00:00.000Z,51,Tug,St. Petersburg,1
59.88227,30.19492,0,0,88,3,SPB,RU,141,0,KAPITAN SOROKIN,3,345312,31,43,28,5138,39,1,2016-12-16T02:31:04.000Z,st_petersburg,2016-12-16T00:00:00.000Z,51,Tug,St. Petersburg,1
59.88227,30.19492,0,0,88,2,SPB,RU,141,0,KAPITAN SOROKIN,3,345312,31,43,28,5138,39,1,2016-12-16T02:31:05.000Z,st_petersburg,2016-12-16T00:00:00.000Z,51,Tug,St. Petersburg,1
59.88227,30.19492,0,0,88,5,SPB,RU,141,0,KAPITAN SOROKIN,3,345312,31,43,28,5138,39,1,2016-12-16T02:33:04.000Z,st_petersburg,2016-12-16T00:00:00.000Z,51,Tug,St. Petersburg,1
59.88227,30.19492,0,0,88,5,SPB,RU,141,0,KAPITAN SOROKIN,3,345312,31,43,28,5138,39,1,2016-12-16T02:33:05.000Z,st_petersburg,2016-12-16T00:00:00.000Z,51,Tug,St. Petersburg,1
59.88227,30.19492,0,0,88,7,SPB,RU,141,0,KAPITAN SOROKIN,3,345312,31,43,28,5138,39,1,2016-12-16T02:35:04.000Z,st_petersburg,2016-12-16T00:00:00.000Z,51,Tug,St. Petersburg,1
59.88227,30.19492,0,0,88,7,SPB,RU,141,0,KAPITAN SOROKIN,3,345312,31,43,28,5138,39,1,2016-12-16T02:35:05.000Z,st_petersburg,2016-12-16T00:00:00.000Z,51,Tug,St. Petersburg,1
59.88227,30.19492,0,0,88,9,SPB,RU,141,0,KAPITAN SOROKIN,3,345312,31,43,28,5138,39,1,2016-12-16T02:37:04.000Z,st_petersburg,2016-12-16T00:00:00.000Z,51,Tug,St. Petersburg,1
59.88227,30.19492,0,0,88,9,SPB,RU,141,0,KAPITAN SOROKIN,3,345312,31,43,28,5138,39,1,2016-12-16T02:37:05.000Z,st_petersburg,2016-12-16T00:00:00.000Z,51,Tug,St. Petersburg,1
59.88228,30.19494,0,0,88,3,SPB,RU,141,0,KAPITAN SOROKIN,3,345312,31,43,28,5138,39,1,2016-12-16T02:39:04.000Z,st_petersburg,2016-12-16T00:00:00.000Z,51,Tug,St. Petersburg,1
59.88228,30.19494,0,0,88,3,SPB,RU,141,0,KAPITAN SOROKIN,3,345312,31,43,28,5138,39,1,2016-12-16T02:39:05.000Z,st_petersburg,2016-12-16T00:00:00.000Z,51,Tug,St. Petersburg,1
59.88229,30.19494,0,0,88,2,SPB,RU,141,0,KAPITAN SOROKIN,3,345312,31,43,28,5138,39,1,2016-12-16T02:41:03.000Z,st_petersburg,2016-12-16T00:00:00.000Z,51,Tug,St. Petersburg,1
59.88229,30.19494,0,0,88,2,SPB,RU,141,0,KAPITAN SOROKIN,3,345312,31,43,28,5138,39,1,2016-12-16T02:41:04.000Z,st_petersburg,2016-12-16T00:00:00.000Z,51,Tug,St. Petersburg,1
59.88229,30.19494,0,0,88,4,SPB,RU,141,0,KAPITAN SOROKIN,3,345312,31,43,28,5138,39,1,2016-12-16T02:43:03.000Z,st_petersburg,2016-12-16T00:00:00.000Z,51,Tug,St. Petersburg,1
59.88229,30.19494,0,0,88,4,SPB,RU,141,0,KAPITAN SOROKIN,3,345312,31,43,28,5138,39,1,2016-12-16T02:43:04.000Z,st_petersburg,2016-12-16T00:00:00.000Z,51,Tug,St. Petersburg,1
59.88229,30.19494,0,0,88,3,SPB,RU,141,0,KAPITAN SOROKIN,3,345312,31,43,28,5138,39,1,2016-12-16T02:45:03.000Z,st_petersburg,2016-12-16T00:00:00.000Z,51,Tug,St. Petersburg,1
59.88229,30.19494,0,0,88,3,SPB,RU,141,0,KAPITAN SOROKIN,3,345312,31,43,28,5138,39,1,2016-12-16T02:45:04.000Z,st_petersburg,2016-12-16T00:00:00.000Z,51,Tug,St. Petersburg,1
59.88227,30.19493,0,0,88,2,SPB,RU,141,0,KAPITAN SOROKIN,3,345312,31,43,28,5138,39,1,2016-12-16T02:47:03.000Z,st_petersburg,2016-12-16T00:00:00.000Z,51,Tug,St. Petersburg,1
59.88227,30.19493,0,0,88,2,SPB,RU,141,0,KAPITAN SOROKIN,3,345312,31,43,28,5138,39,1,2016-12-16T02:47:04.000Z,st_petersburg,2016-12-16T00:00:00.000Z,51,Tug,St. Petersburg,1
59.88227,30.19493,0,0,88,4,SPB,RU,141,0,KAPITAN SOROKIN,3,345312,31,43,28,5138,39,1,2016-12-16T02:49:03.000Z,st_petersburg,2016-12-16T00:00:00.000Z,51,Tug,St. Petersburg,1
59.88227,30.19493,0,0,88,4,SPB,RU,141,0,KAPITAN SOROKIN,3,345312,31,43,28,5138,39,1,2016-12-16T02:49:05.000Z,st_petersburg,2016-12-16T00:00:00.000Z,51,Tug,St. Petersburg,1
59.88227,30.19493,0,0,88,6,SPB,RU,141,0,KAPITAN SOROKIN,3,345312,31,43,28,5138,39,1,2016-12-16T02:51:03.000Z,st_petersburg,2016-12-16T00:00:00.000Z,51,Tug,St. Petersburg,1
59.88227,30.19493,0,0,88,6,SPB,RU,141,0,KAPITAN SOROKIN,3,345312,31,43,28,5138,39,1,2016-12-16T02:51:04.000Z,st_petersburg,2016-12-16T00:00:00.000Z,51,Tug,St. Petersburg,1
59.88227,30.19493,0,0,88,8,SPB,RU,141,0,KAPITAN SOROKIN,3,345312,31,43,28,5138,39,1,2016-12-16T02:53:03.000Z,st_petersburg,2016-12-16T00:00:00.000Z,51,Tug,St. Petersburg,1
59.88227,30.19493,0,0,88,8,SPB,RU,141,0,KAPITAN SOROKIN,3,345312,31,43,28,5138,39,1,2016-12-16T02:53:04.000Z,st_petersburg,2016-12-16T00:00:00.000Z,51,Tug,St. Petersburg,1
59.88232,30.19491,0,0,88,2,SPB,RU,141,0,KAPITAN SOROKIN,3,345312,31,43,28,5138,39,1,2016-12-16T02:55:03.000Z,st_petersburg,2016-12-16T00:00:00.000Z,51,Tug,St. Petersburg,1
59.88232,30.19491,0,0,88,2,SPB,RU,141,0,KAPITAN SOROKIN,3,345312,31,43,28,5138,39,1,2016-12-16T02:55:04.000Z,st_petersburg,2016-12-16T00:00:00.000Z,51,Tug,St. Petersburg,1
59.88232,30.19491,0,0,88,4,SPB,RU,141,0,KAPITAN SOROKIN,3,345312,31,43,28,5138,39,1,2016-12-16T02:57:04.000Z,st_petersburg,2016-12-16T00:00:00.000Z,51,Tug,St. Petersburg,1
59.88232,30.19491,0,0,88,4,SPB,RU,141,0,KAPITAN SOROKIN,3,345312,31,43,28,5138,39,1,2016-12-16T02:57:05.000Z,st_petersburg,2016-12-16T00:00:00.000Z,51,Tug,St. Petersburg,1
59.88229,30.19492,0,0,88,3,SPB,RU,141,0,KAPITAN SOROKIN,3,345312,31,43,28,5138,39,1,2016-12-16T02:59:03.000Z,st_petersburg,2016-12-16T00:00:00.000Z,51,Tug,St. Petersburg,1
59.88229,30.19492,0,0,88,3,SPB,RU,141,0,KAPITAN SOROKIN,3,345312,31,43,28,5138,39,1,2016-12-16T02:59:04.000Z,st_petersburg,2016-12-16T00:00:00.000Z,51,Tug,St. Petersburg,1
59.88224,30.19495,0,0,88,2,SPB,RU,141,0,KAPITAN SOROKIN,3,345312,31,43,28,5138,39,1,2016-12-16T03:01:03.000Z,st_petersburg,2016-12-16T00:00:00.000Z,51,Tug,St. Petersburg,1
59.88224,30.19495,0,0,88,2,SPB,RU,141,0,KAPITAN SOROKIN,3,345312,31,43,28,5138,39,1,2016-12-16T03:01:04.000Z,st_petersburg,2016-12-16T00:00:00.000Z,51,Tug,St. Petersburg,1
59.88224,30.19495,0,0,88,4,SPB,RU,141,0,KAPITAN SOROKIN,3,345312,31,43,28,5138,39,1,2016-12-16T03:03:04.000Z,st_petersburg,2016-12-16T00:00:00.000Z,51,Tug,St. Petersburg,1
59.88224,30.19495,0,0,88,4,SPB,RU,141,0,KAPITAN SOROKIN,3,345312,31,43,28,5138,39,1,2016-12-16T03:03:05.000Z,st_petersburg,2016-12-16T00:00:00.000Z,51,Tug,St. Petersburg,1
59.88229,30.19494,0,0,88,3,SPB,RU,141,0,KAPITAN SOROKIN,3,345312,31,43,28,5138,39,1,2016-12-16T03:05:04.000Z,st_petersburg,2016-12-16T00:00:00.000Z,51,Tug,St. Petersburg,1
59.88224,30.19495,0,0,88,4,SPB,RU,141,0,KAPITAN SOROKIN,3,345312,31,43,28,5138,39,1,2016-12-16T03:05:05.000Z,st_petersburg,2016-12-16T00:00:00.000Z,51,Tug,St. Petersburg,1
59.88228,30.19496,0,0,88,2,SPB,RU,141,0,KAPITAN SOROKIN,3,345312,31,43,28,5138,39,1,2016-12-16T03:07:04.000Z,st_petersburg,2016-12-16T00:00:00.000Z,51,Tug,St. Petersburg,1
59.88228,30.19496,0,0,88,2,SPB,RU,141,0,KAPITAN SOROKIN,3,345312,31,43,28,5138,39,1,2016-12-16T03:07:05.000Z,st_petersburg,2016-12-16T00:00:00.000Z,51,Tug,St. Petersburg,1
59.88228,30.19496,0,0,88,4,SPB,RU,141,0,KAPITAN SOROKIN,3,345312,31,43,28,5138,39,1,2016-12-16T03:09:04.000Z,st_petersburg,2016-12-16T00:00:00.000Z,51,Tug,St. Petersburg,1
59.88228,30.19496,0,0,88,4,SPB,RU,141,0,KAPITAN SOROKIN,3,345312,31,43,28,5138,39,1,2016-12-16T03:09:05.000Z,st_petersburg,2016-12-16T00:00:00.000Z,51,Tug,St. Petersburg,1
59.88219,30.19494,0,0,88,3,SPB,RU,141,0,KAPITAN SOROKIN,3,345312,31,43,28,5138,39,1,2016-12-16T03:11:04.000Z,st_petersburg,2016-12-16T00:00:00.000Z,51,Tug,St. Petersburg,1
59.88219,30.19494,0,0,88,3,SPB,RU,141,0,KAPITAN SOROKIN,3,345312,31,43,28,5138,39,1,2016-12-16T03:11:04.000Z,st_petersburg,2016-12-16T00:00:00.000Z,51,Tug,St. Petersburg,1
59.88231,30.1949,0,0,88,2,SPB,RU,141,0,KAPITAN SOROKIN,3,345312,31,43,28,5138,39,1,2016-12-16T03:13:03.000Z,st_petersburg,2016-12-16T00:00:00.000Z,51,Tug,St. Petersburg,1
59.88231,30.1949,0,0,88,2,SPB,RU,141,0,KAPITAN SOROKIN,3,345312,31,43,28,5138,39,1,2016-12-16T03:13:04.000Z,st_petersburg,2016-12-16T00:00:00.000Z,51,Tug,St. Petersburg,1
59.88231,30.1949,0,0,88,4,SPB,RU,141,0,KAPITAN SOROKIN,3,345312,31,43,28,5138,39,1,2016-12-16T03:15:03.000Z,st_petersburg,2016-12-16T00:00:00.000Z,51,Tug,St. Petersburg,1
59.88231,30.1949,0,0,88,4,SPB,RU,141,0,KAPITAN SOROKIN,3,345312,31,43,28,5138,39,1,2016-12-16T03:15:04.000Z,st_petersburg,2016-12-16T00:00:00.000Z,51,Tug,St. Petersburg,1
59.88227,30.19495,0,0,88,3,SPB,RU,141,0,KAPITAN SOROKIN,3,345312,31,43,28,5138,39,1,2016-12-16T03:17:04.000Z,st_petersburg,2016-12-16T00:00:00.000Z,51,Tug,St. Petersburg,1
59.88227,30.19495,0,0,88,3,SPB,RU,141,0,KAPITAN SOROKIN,3,345312,31,43,28,5138,39,1,2016-12-16T03:17:04.000Z,st_petersburg,2016-12-16T00:00:00.000Z,51,Tug,St. Petersburg,1
59.88223,30.19494,0,0,88,2,SPB,RU,141,0,KAPITAN SOROKIN,3,345312,31,43,28,5138,39,1,2016-12-16T03:19:04.000Z,st_petersburg,2016-12-16T00:00:00.000Z,51,Tug,St. Petersburg,1
59.88223,30.19494,0,0,88,2,SPB,RU,141,0,KAPITAN SOROKIN,3,345312,31,43,28,5138,39,1,2016-12-16T03:19:04.000Z,st_petersburg,2016-12-16T00:00:00.000Z,51,Tug,St. Petersburg,1
59.88223,30.19494,0,0,88,4,SPB,RU,141,0,KAPITAN SOROKIN,3,345312,31,43,28,5138,39,1,2016-12-16T03:21:04.000Z,st_petersburg,2016-12-16T00:00:00.000Z,51,Tug,St. Petersburg,1
59.88223,30.19494,0,0,88,4,SPB,RU,141,0,KAPITAN SOROKIN,3,345312,31,43,28,5138,39,1,2016-12-16T03:21:05.000Z,st_petersburg,2016-12-16T00:00:00.000Z,51,Tug,St. Petersburg,1
59.88223,30.19494,0,0,88,6,SPB,RU,141,0,KAPITAN SOROKIN,3,345312,31,43,28,5138,39,1,2016-12-16T03:23:04.000Z,st_petersburg,2016-12-16T00:00:00.000Z,51,Tug,St. Petersburg,1
59.88223,30.19494,0,0,88,6,SPB,RU,141,0,KAPITAN SOROKIN,3,345312,31,43,28,5138,39,1,2016-12-16T03:23:05.000Z,st_petersburg,2016-12-16T00:00:00.000Z,51,Tug,St. Petersburg,1
59.88223,30.19494,0,0,88,8,SPB,RU,141,0,KAPITAN SOROKIN,3,345312,31,43,28,5138,39,1,2016-12-16T03:25:03.000Z,st_petersburg,2016-12-16T00:00:00.000Z,51,Tug,St. Petersburg,1
59.88223,30.19494,0,0,88,8,SPB,RU,141,0,KAPITAN SOROKIN,3,345312,31,43,28,5138,39,1,2016-12-16T03:25:04.000Z,st_petersburg,2016-12-16T00:00:00.000Z,51,Tug,St. Petersburg,1
59.88223,30.19494,0,0,88,2,SPB,RU,141,0,KAPITAN SOROKIN,3,345312,31,43,28,5138,39,1,2016-12-16T03:27:03.000Z,st_petersburg,2016-12-16T00:00:00.000Z,51,Tug,St. Petersburg,1
59.88223,30.19494,0,0,88,2,SPB,RU,141,0,KAPITAN SOROKIN,3,345312,31,43,28,5138,39,1,2016-12-16T03:27:04.000Z,st_petersburg,2016-12-16T00:00:00.000Z,51,Tug,St. Petersburg,1
59.88223,30.19494,0,0,88,4,SPB,RU,141,0,KAPITAN SOROKIN,3,345312,31,43,28,5138,39,1,2016-12-16T03:29:03.000Z,st_petersburg,2016-12-16T00:00:00.000Z,51,Tug,St. Petersburg,1
59.88223,30.19494,0,0,88,4,SPB,RU,141,0,KAPITAN SOROKIN,3,345312,31,43,28,5138,39,1,2016-12-16T03:29:04.000Z,st_petersburg,2016-12-16T00:00:00.000Z,51,Tug,St. Petersburg,1
59.88224,30.19496,0,0,88,3,SPB,RU,141,0,KAPITAN SOROKIN,3,345312,31,43,28,5138,39,1,2016-12-16T03:31:04.000Z,st_petersburg,2016-12-16T00:00:00.000Z,51,Tug,St. Petersburg,1
59.88224,30.19496,0,0,88,3,SPB,RU,141,0,KAPITAN SOROKIN,3,345312,31,43,28,5138,39,1,2016-12-16T03:31:10.000Z,st_petersburg,2016-12-16T00:00:00.000Z,51,Tug,St. Petersburg,1
59.88228,30.19495,0,0,88,2,SPB,RU,141,0,KAPITAN SOROKIN,3,345312,31,43,28,5138,39,1,2016-12-16T03:33:04.000Z,st_petersburg,2016-12-16T00:00:00.000Z,51,Tug,St. Petersburg,1
59.88228,30.19495,0,0,88,2,SPB,RU,141,0,KAPITAN SOROKIN,3,345312,31,43,28,5138,39,1,2016-12-16T03:33:05.000Z,st_petersburg,2016-12-16T00:00:00.000Z,51,Tug,St. Petersburg,1
59.88228,30.19495,0,0,88,4,SPB,RU,141,0,KAPITAN SOROKIN,3,345312,31,43,28,5138,39,1,2016-12-16T03:35:03.000Z,st_petersburg,2016-12-16T00:00:00.000Z,51,Tug,St. Petersburg,1
59.88228,30.19495,0,0,88,4,SPB,RU,141,0,KAPITAN SOROKIN,3,345312,31,43,28,5138,39,1,2016-12-16T03:35:04.000Z,st_petersburg,2016-12-16T00:00:00.000Z,51,Tug,St. Petersburg,1
59.88226,30.19494,0,0,88,3,SPB,RU,141,0,KAPITAN SOROKIN,3,345312,31,43,28,5138,39,1,2016-12-16T03:37:03.000Z,st_petersburg,2016-12-16T00:00:00.000Z,51,Tug,St. Petersburg,1
59.88226,30.19494,0,0,88,3,SPB,RU,141,0,KAPITAN SOROKIN,3,345312,31,43,28,5138,39,1,2016-12-16T03:37:04.000Z,st_petersburg,2016-12-16T00:00:00.000Z,51,Tug,St. Petersburg,1
59.88226,30.19492,0,0,88,2,SPB,RU,141,0,KAPITAN SOROKIN,3,345312,31,43,28,5138,39,1,2016-12-16T03:39:04.000Z,st_petersburg,2016-12-16T00:00:00.000Z,51,Tug,St. Petersburg,1
59.88226,30.19492,0,0,88,2,SPB,RU,141,0,KAPITAN SOROKIN,3,345312,31,43,28,5138,39,1,2016-12-16T03:39:05.000Z,st_petersburg,2016-12-16T00:00:00.000Z,51,Tug,St. Petersburg,1
59.88226,30.19492,0,0,88,4,SPB,RU,141,0,KAPITAN SOROKIN,3,345312,31,43,28,5138,39,1,2016-12-16T03:41:03.000Z,st_petersburg,2016-12-16T00:00:00.000Z,51,Tug,St. Petersburg,1
59.88226,30.19492,0,0,88,3,SPB,RU,141,0,KAPITAN SOROKIN,3,345312,31,43,28,5138,39,1,2016-12-16T03:41:04.000Z,st_petersburg,2016-12-16T00:00:00.000Z,51,Tug,St. Petersburg,1
59.88227,30.19495,0,0,88,2,SPB,RU,141,0,KAPITAN SOROKIN,3,345312,31,43,28,5138,39,1,2016-12-16T03:43:04.000Z,st_petersburg,2016-12-16T00:00:00.000Z,51,Tug,St. Petersburg,1
59.88227,30.19495,0,0,88,2,SPB,RU,141,0,KAPITAN SOROKIN,3,345312,31,43,28,5138,39,1,2016-12-16T03:43:05.000Z,st_petersburg,2016-12-16T00:00:00.000Z,51,Tug,St. Petersburg,1
59.88227,30.19495,0,0,88,4,SPB,RU,141,0,KAPITAN SOROKIN,3,345312,31,43,28,5138,39,1,2016-12-16T03:45:03.000Z,st_petersburg,2016-12-16T00:00:00.000Z,51,Tug,St. Petersburg,1
59.88227,30.19495,0,0,88,4,SPB,RU,141,0,KAPITAN SOROKIN,3,345312,31,43,28,5138,39,1,2016-12-16T03:45:04.000Z,st_petersburg,2016-12-16T00:00:00.000Z,51,Tug,St. Petersburg,1
59.88228,30.19498,0,0,88,3,SPB,RU,141,0,KAPITAN SOROKIN,3,345312,31,43,28,5138,39,1,2016-12-16T03:47:04.000Z,st_petersburg,2016-12-16T00:00:00.000Z,51,Tug,St. Petersburg,1
59.88228,30.19498,0,0,88,3,SPB,RU,141,0,KAPITAN SOROKIN,3,345312,31,43,28,5138,39,1,2016-12-16T03:47:05.000Z,st_petersburg,2016-12-16T00:00:00.000Z,51,Tug,St. Petersburg,1
59.88228,30.19498,0,0,88,3,SPB,RU,141,0,KAPITAN SOROKIN,3,345312,31,43,28,5138,39,1,2016-12-16T03:49:03.000Z,st_petersburg,2016-12-16T00:00:00.000Z,51,Tug,St. Petersburg,1
59.88226,30.19495,0,0,88,2,SPB,RU,141,0,KAPITAN SOROKIN,3,345312,31,43,28,5138,39,1,2016-12-16T03:49:04.000Z,st_petersburg,2016-12-16T00:00:00.000Z,51,Tug,St. Petersburg,1
59.88226,30.19495,0,0,88,4,SPB,RU,141,0,KAPITAN SOROKIN,3,345312,31,43,28,5138,39,1,2016-12-16T03:51:04.000Z,st_petersburg,2016-12-16T00:00:00.000Z,51,Tug,St. Petersburg,1
59.88226,30.19495,0,0,88,3,SPB,RU,141,0,KAPITAN SOROKIN,3,345312,31,43,28,5138,39,1,2016-12-16T03:51:04.000Z,st_petersburg,2016-12-16T00:00:00.000Z,51,Tug,St. Petersburg,1
59.88225,30.19496,0,0,88,3,SPB,RU,141,0,KAPITAN SOROKIN,3,345312,31,43,28,5138,39,1,2016-12-16T03:53:04.000Z,st_petersburg,2016-12-16T00:00:00.000Z,51,Tug,St. Petersburg,1
59.88225,30.19496,0,0,88,3,SPB,RU,141,0,KAPITAN SOROKIN,3,345312,31,43,28,5138,39,1,2016-12-16T03:53:05.000Z,st_petersburg,2016-12-16T00:00:00.000Z,51,Tug,St. Petersburg,1
59.88228,30.19498,0,0,88,2,SPB,RU,141,0,KAPITAN SOROKIN,3,345312,31,43,28,5138,39,1,2016-12-16T03:55:04.000Z,st_petersburg,2016-12-16T00:00:00.000Z,51,Tug,St. Petersburg,1
59.88228,30.19498,0,0,88,2,SPB,RU,141,0,KAPITAN SOROKIN,3,345312,31,43,28,5138,39,1,2016-12-16T03:55:05.000Z,st_petersburg,2016-12-16T00:00:00.000Z,51,Tug,St. Petersburg,1
59.88228,30.19498,0,0,88,4,SPB,RU,141,0,KAPITAN SOROKIN,3,345312,31,43,28,5138,39,1,2016-12-16T03:57:04.000Z,st_petersburg,2016-12-16T00:00:00.000Z,51,Tug,St. Petersburg,1
59.88228,30.19498,0,0,88,4,SPB,RU,141,0,KAPITAN SOROKIN,3,345312,31,43,28,5138,39,1,2016-12-16T03:57:05.000Z,st_petersburg,2016-12-16T00:00:00.000Z,51,Tug,St. Petersburg,1
59.88224,30.19495,0,0,88,2,SPB,RU,141,0,KAPITAN SOROKIN,3,345312,31,43,28,5138,39,1,2016-12-16T03:59:04.000Z,st_petersburg,2016-12-16T00:00:00.000Z,51,Tug,St. Petersburg,1
59.88224,30.19495,0,0,88,2,SPB,RU,141,0,KAPITAN SOROKIN,3,345312,31,43,28,5138,39,1,2016-12-16T03:59:05.000Z,st_petersburg,2016-12-16T00:00:00.000Z,51,Tug,St. Petersburg,1
59.88224,30.19495,0,0,88,3,SPB,RU,141,0,KAPITAN SOROKIN,3,345312,31,43,28,5138,39,1,2016-12-16T04:01:15.000Z,st_petersburg,2016-12-16T00:00:00.000Z,51,Tug,St. Petersburg,1
59.88226,30.19493,0,0,88,2,SPB,RU,141,0,KAPITAN SOROKIN,3,345312,31,43,28,5138,39,1,2016-12-16T04:02:19.000Z,st_petersburg,2016-12-16T00:00:00.000Z,51,Tug,St. Petersburg,1
59.88226,30.19493,0,0,88,3,SPB,RU,141,0,KAPITAN SOROKIN,3,345312,31,43,28,5138,39,1,2016-12-16T04:03:03.000Z,st_petersburg,2016-12-16T00:00:00.000Z,51,Tug,St. Petersburg,1
59.88226,30.19493,0,0,88,3,SPB,RU,141,0,KAPITAN SOROKIN,3,345312,31,43,28,5138,39,1,2016-12-16T04:03:04.000Z,st_petersburg,2016-12-16T00:00:00.000Z,51,Tug,St. Petersburg,1
59.88226,30.19494,0,0,88,2,SPB,RU,141,0,KAPITAN SOROKIN,3,345312,31,43,28,5138,39,1,2016-12-16T04:05:03.000Z,st_petersburg,2016-12-16T00:00:00.000Z,51,Tug,St. Petersburg,1
59.88226,30.19494,0,0,88,2,SPB,RU,141,0,KAPITAN SOROKIN,3,345312,31,43,28,5138,39,1,2016-12-16T04:05:04.000Z,st_petersburg,2016-12-16T00:00:00.000Z,51,Tug,St. Petersburg,1
59.88226,30.19494,0,0,88,4,SPB,RU,141,0,KAPITAN SOROKIN,3,345312,31,43,28,5138,39,1,2016-12-16T04:07:04.000Z,st_petersburg,2016-12-16T00:00:00.000Z,51,Tug,St. Petersburg,1
59.88226,30.19494,0,0,88,2,SPB,RU,141,0,KAPITAN SOROKIN,3,345312,31,43,28,5138,39,1,2016-12-16T04:07:05.000Z,st_petersburg,2016-12-16T00:00:00.000Z,51,Tug,St. Petersburg,1
59.88227,30.19494,0,0,88,3,SPB,RU,141,0,KAPITAN SOROKIN,3,345312,31,43,28,5138,39,1,2016-12-16T04:09:03.000Z,st_petersburg,2016-12-16T00:00:00.000Z,51,Tug,St. Petersburg,1
59.88227,30.19494,0,0,88,1,SPB,RU,141,0,KAPITAN SOROKIN,3,345312,31,43,28,5138,39,1,2016-12-16T04:09:04.000Z,st_petersburg,2016-12-16T00:00:00.000Z,51,Tug,St. Petersburg,1
59.88227,30.19492,0,0,88,2,SPB,RU,141,0,KAPITAN SOROKIN,3,345312,31,43,28,5138,39,1,2016-12-16T04:11:03.000Z,st_petersburg,2016-12-16T00:00:00.000Z,51,Tug,St. Petersburg,1
59.88227,30.19494,0,0,88,3,SPB,RU,141,0,KAPITAN SOROKIN,3,345312,31,43,28,5138,39,1,2016-12-16T04:11:04.000Z,st_petersburg,2016-12-16T00:00:00.000Z,51,Tug,St. Petersburg,1
59.88227,30.19492,0,0,88,4,SPB,RU,141,0,KAPITAN SOROKIN,3,345312,31,43,28,5138,39,1,2016-12-16T04:13:03.000Z,st_petersburg,2016-12-16T00:00:00.000Z,51,Tug,St. Petersburg,1
59.88227,30.19492,0,0,88,4,SPB,RU,141,0,KAPITAN SOROKIN,3,345312,31,43,28,5138,39,1,2016-12-16T04:13:05.000Z,st_petersburg,2016-12-16T00:00:00.000Z,51,Tug,St. Petersburg,1
59.88225,30.19495,0,0,88,3,SPB,RU,141,0,KAPITAN SOROKIN,3,345312,31,43,28,5138,39,1,2016-12-16T04:15:04.000Z,st_petersburg,2016-12-16T00:00:00.000Z,51,Tug,St. Petersburg,1
59.88225,30.19495,0,0,88,3,SPB,RU,141,0,KAPITAN SOROKIN,3,345312,31,43,28,5138,39,1,2016-12-16T04:15:04.000Z,st_petersburg,2016-12-16T00:00:00.000Z,51,Tug,St. Petersburg,1
59.88227,30.19494,0,0,88,2,SPB,RU,141,0,KAPITAN SOROKIN,3,345312,31,43,28,5138,39,1,2016-12-16T04:17:03.000Z,st_petersburg,2016-12-16T00:00:00.000Z,51,Tug,St. Petersburg,1
59.88227,30.19494,0,0,88,2,SPB,RU,141,0,KAPITAN SOROKIN,3,345312,31,43,28,5138,39,1,2016-12-16T04:17:04.000Z,st_petersburg,2016-12-16T00:00:00.000Z,51,Tug,St. Petersburg,1
59.88227,30.19494,0,0,88,4,SPB,RU,141,0,KAPITAN SOROKIN,3,345312,31,43,28,5138,39,1,2016-12-16T04:19:04.000Z,st_petersburg,2016-12-16T00:00:00.000Z,51,Tug,St. Petersburg,1
59.88227,30.19494,0,0,88,4,SPB,RU,141,0,KAPITAN SOROKIN,3,345312,31,43,28,5138,39,1,2016-12-16T04:19:05.000Z,st_petersburg,2016-12-16T00:00:00.000Z,51,Tug,St. Petersburg,1
59.88227,30.19492,0,0,88,3,SPB,RU,141,0,KAPITAN SOROKIN,3,345312,31,43,28,5138,39,1,2016-12-16T04:21:04.000Z,st_petersburg,2016-12-16T00:00:00.000Z,51,Tug,St. Petersburg,1
59.88227,30.19494,0,0,88,4,SPB,RU,141,0,KAPITAN SOROKIN,3,345312,31,43,28,5138,39,1,2016-12-16T04:21:05.000Z,st_petersburg,2016-12-16T00:00:00.000Z,51,Tug,St. Petersburg,1
59.88224,30.19494,0,0,88,2,SPB,RU,141,0,KAPITAN SOROKIN,3,345312,31,43,28,5138,39,1,2016-12-16T04:23:03.000Z,st_petersburg,2016-12-16T00:00:00.000Z,51,Tug,St. Petersburg,1
59.88224,30.19494,0,0,88,2,SPB,RU,141,0,KAPITAN SOROKIN,3,345312,31,43,28,5138,39,1,2016-12-16T04:23:04.000Z,st_petersburg,2016-12-16T00:00:00.000Z,51,Tug,St. Petersburg,1
59.88224,30.19494,0,0,88,4,SPB,RU,141,0,KAPITAN SOROKIN,3,345312,31,43,28,5138,39,1,2016-12-16T04:25:03.000Z,st_petersburg,2016-12-16T00:00:00.000Z,51,Tug,St. Petersburg,1
59.88224,30.19494,0,0,88,3,SPB,RU,141,0,KAPITAN SOROKIN,3,345312,31,43,28,5138,39,1,2016-12-16T04:25:04.000Z,st_petersburg,2016-12-16T00:00:00.000Z,51,Tug,St. Petersburg,1
59.88227,30.19494,0,0,88,3,SPB,RU,141,0,KAPITAN SOROKIN,3,345312,31,43,28,5138,39,1,2016-12-16T04:27:04.000Z,st_petersburg,2016-12-16T00:00:00.000Z,51,Tug,St. Petersburg,1
59.88227,30.19494,0,0,88,3,SPB,RU,141,0,KAPITAN SOROKIN,3,345312,31,43,28,5138,39,1,2016-12-16T04:27:05.000Z,st_petersburg,2016-12-16T00:00:00.000Z,51,Tug,St. Petersburg,1
59.88224,30.19495,0,0,88,2,SPB,RU,141,0,KAPITAN SOROKIN,3,345312,31,43,28,5138,39,1,2016-12-16T04:29:03.000Z,st_petersburg,2016-12-16T00:00:00.000Z,51,Tug,St. Petersburg,1
59.88227,30.19494,0,0,88,3,SPB,RU,141,0,KAPITAN SOROKIN,3,345312,31,43,28,5138,39,1,2016-12-16T04:29:04.000Z,st_petersburg,2016-12-16T00:00:00.000Z,51,Tug,St. Petersburg,1
59.88224,30.19495,0,0,88,4,SPB,RU,141,0,KAPITAN SOROKIN,3,345312,31,43,28,5138,39,1,2016-12-16T04:31:04.000Z,st_petersburg,2016-12-16T00:00:00.000Z,51,Tug,St. Petersburg,1
59.88224,30.19495,0,0,88,4,SPB,RU,141,0,KAPITAN SOROKIN,3,345312,31,43,28,5138,39,1,2016-12-16T04:31:05.000Z,st_petersburg,2016-12-16T00:00:00.000Z,51,Tug,St. Petersburg,1
59.88224,30.19495,0,0,88,4,SPB,RU,141,0,KAPITAN SOROKIN,3,345312,31,43,28,5138,39,1,2016-12-16T04:33:03.000Z,st_petersburg,2016-12-16T00:00:00.000Z,51,Tug,St. Petersburg,1
59.88228,30.19494,0,0,88,2,SPB,RU,141,0,KAPITAN SOROKIN,3,345312,31,43,28,5138,39,1,2016-12-16T04:33:04.000Z,st_petersburg,2016-12-16T00:00:00.000Z,51,Tug,St. Petersburg,1
59.88228,30.19494,0,0,88,4,SPB,RU,141,0,KAPITAN SOROKIN,3,345312,31,43,28,5138,39,1,2016-12-16T04:35:04.000Z,st_petersburg,2016-12-16T00:00:00.000Z,51,Tug,St. Petersburg,1
59.88228,30.19494,0,0,88,4,SPB,RU,141,0,KAPITAN SOROKIN,3,345312,31,43,28,5138,39,1,2016-12-16T04:35:04.000Z,st_petersburg,2016-12-16T00:00:00.000Z,51,Tug,St. Petersburg,1
59.88228,30.19494,0,0,88,6,SPB,RU,141,0,KAPITAN SOROKIN,3,345312,31,43,28,5138,39,1,2016-12-16T04:37:04.000Z,st_petersburg,2016-12-16T00:00:00.000Z,51,Tug,St. Petersburg,1
59.88228,30.19494,0,0,88,6,SPB,RU,141,0,KAPITAN SOROKIN,3,345312,31,43,28,5138,39,1,2016-12-16T04:37:05.000Z,st_petersburg,2016-12-16T00:00:00.000Z,51,Tug,St. Petersburg,1
59.88228,30.19494,0,0,88,8,SPB,RU,141,0,KAPITAN SOROKIN,3,345312,31,43,28,5138,39,1,2016-12-16T04:39:03.000Z,st_petersburg,2016-12-16T00:00:00.000Z,51,Tug,St. Petersburg,1
59.88228,30.19494,0,0,88,8,SPB,RU,141,0,KAPITAN SOROKIN,3,345312,31,43,28,5138,39,1,2016-12-16T04:39:04.000Z,st_petersburg,2016-12-16T00:00:00.000Z,51,Tug,St. Petersburg,1
59.88226,30.19494,0,0,88,2,SPB,RU,141,0,KAPITAN SOROKIN,3,345312,31,43,28,5138,39,1,2016-12-16T04:41:03.000Z,st_petersburg,2016-12-16T00:00:00.000Z,51,Tug,St. Petersburg,1
59.88226,30.19494,0,0,88,1,SPB,RU,141,0,KAPITAN SOROKIN,3,345312,31,43,28,5138,39,1,2016-12-16T04:41:04.000Z,st_petersburg,2016-12-16T00:00:00.000Z,51,Tug,St. Petersburg,1
59.88226,30.19494,0,0,88,4,SPB,RU,141,0,KAPITAN SOROKIN,3,345312,31,43,28,5138,39,1,2016-12-16T04:43:03.000Z,st_petersburg,2016-12-16T00:00:00.000Z,51,Tug,St. Petersburg,1
59.88226,30.19494,0,0,88,4,SPB,RU,141,0,KAPITAN SOROKIN,3,345312,31,43,28,5138,39,1,2016-12-16T04:43:04.000Z,st_petersburg,2016-12-16T00:00:00.000Z,51,Tug,St. Petersburg,1
59.88224,30.19493,0,0,88,3,SPB,RU,141,0,KAPITAN SOROKIN,3,345312,31,43,28,5138,39,1,2016-12-16T04:45:04.000Z,st_petersburg,2016-12-16T00:00:00.000Z,51,Tug,St. Petersburg,1
59.88224,30.19493,0,0,88,3,SPB,RU,141,0,KAPITAN SOROKIN,3,345312,31,43,28,5138,39,1,2016-12-16T04:45:04.000Z,st_petersburg,2016-12-16T00:00:00.000Z,51,Tug,St. Petersburg,1
59.88223,30.19495,0,0,88,2,SPB,RU,141,0,KAPITAN SOROKIN,3,345312,31,43,28,5138,39,1,2016-12-16T04:47:04.000Z,st_petersburg,2016-12-16T00:00:00.000Z,51,Tug,St. Petersburg,1
59.88223,30.19495,0,0,88,2,SPB,RU,141,0,KAPITAN SOROKIN,3,345312,31,43,28,5138,39,1,2016-12-16T04:47:05.000Z,st_petersburg,2016-12-16T00:00:00.000Z,51,Tug,St. Petersburg,1
59.88223,30.19495,0,0,88,2,SPB,RU,141,0,KAPITAN SOROKIN,3,345312,31,43,28,5138,39,1,2016-12-16T04:49:03.000Z,st_petersburg,2016-12-16T00:00:00.000Z,51,Tug,St. Petersburg,1
59.88223,30.19495,0,0,88,2,SPB,RU,141,0,KAPITAN SOROKIN,3,345312,31,43,28,5138,39,1,2016-12-16T04:49:04.000Z,st_petersburg,2016-12-16T00:00:00.000Z,51,Tug,St. Petersburg,1
59.88225,30.19493,0,0,88,3,SPB,RU,141,0,KAPITAN SOROKIN,3,345312,31,43,28,5138,39,1,2016-12-16T04:51:03.000Z,st_petersburg,2016-12-16T00:00:00.000Z,51,Tug,St. Petersburg,1
59.88225,30.19493,0,0,88,3,SPB,RU,141,0,KAPITAN SOROKIN,3,345312,31,43,28,5138,39,1,2016-12-16T04:51:04.000Z,st_petersburg,2016-12-16T00:00:00.000Z,51,Tug,St. Petersburg,1
59.88228,30.19495,0,0,88,2,SPB,RU,141,0,KAPITAN SOROKIN,3,345312,31,43,28,5138,39,1,2016-12-16T04:53:03.000Z,st_petersburg,2016-12-16T00:00:00.000Z,51,Tug,St. Petersburg,1
59.88228,30.19495,0,0,88,2,SPB,RU,141,0,KAPITAN SOROKIN,3,345312,31,43,28,5138,39,1,2016-12-16T04:53:04.000Z,st_petersburg,2016-12-16T00:00:00.000Z,51,Tug,St. Petersburg,1
59.88228,30.19495,0,0,88,4,SPB,RU,141,0,KAPITAN SOROKIN,3,345312,31,43,28,5138,39,1,2016-12-16T04:55:03.000Z,st_petersburg,2016-12-16T00:00:00.000Z,51,Tug,St. Petersburg,1
59.88228,30.19495,0,0,88,3,SPB,RU,141,0,KAPITAN SOROKIN,3,345312,31,43,28,5138,39,1,2016-12-16T04:55:04.000Z,st_petersburg,2016-12-16T00:00:00.000Z,51,Tug,St. Petersburg,1
59.88226,30.19498,0,0,88,3,SPB,RU,141,0,KAPITAN SOROKIN,3,345312,31,43,28,5138,39,1,2016-12-16T04:57:04.000Z,st_petersburg,2016-12-16T00:00:00.000Z,51,Tug,St. Petersburg,1
59.88226,30.19498,0,0,88,3,SPB,RU,141,0,KAPITAN SOROKIN,3,345312,31,43,28,5138,39,1,2016-12-16T04:57:04.000Z,st_petersburg,2016-12-16T00:00:00.000Z,51,Tug,St. Petersburg,1
59.88227,30.19497,0,0,88,2,SPB,RU,141,0,KAPITAN SOROKIN,3,345312,31,43,28,5138,39,1,2016-12-16T04:59:03.000Z,st_petersburg,2016-12-16T00:00:00.000Z,51,Tug,St. Petersburg,1
59.88227,30.19497,0,0,88,1,SPB,RU,141,0,KAPITAN SOROKIN,3,345312,31,43,28,5138,39,1,2016-12-16T04:59:04.000Z,st_petersburg,2016-12-16T00:00:00.000Z,51,Tug,St. Petersburg,1
59.88227,30.19497,0,0,88,4,SPB,RU,141,0,KAPITAN SOROKIN,3,345312,31,43,28,5138,39,1,2016-12-16T05:01:03.000Z,st_petersburg,2016-12-16T00:00:00.000Z,51,Tug,St. Petersburg,1
59.88227,30.19497,0,0,88,3,SPB,RU,141,0,KAPITAN SOROKIN,3,345312,31,43,28,5138,39,1,2016-12-16T05:01:04.000Z,st_petersburg,2016-12-16T00:00:00.000Z,51,Tug,St. Petersburg,1
59.88225,30.19498,0,0,88,2,SPB,RU,141,0,KAPITAN SOROKIN,3,345312,31,43,28,5138,39,1,2016-12-16T05:03:03.000Z,st_petersburg,2016-12-16T00:00:00.000Z,51,Tug,St. Petersburg,1
59.88225,30.19498,0,0,88,2,SPB,RU,141,0,KAPITAN SOROKIN,3,345312,31,43,28,5138,39,1,2016-12-16T05:03:04.000Z,st_petersburg,2016-12-16T00:00:00.000Z,51,Tug,St. Petersburg,1
59.88225,30.19498,0,0,88,4,SPB,RU,141,0,KAPITAN SOROKIN,3,345312,31,43,28,5138,39,1,2016-12-16T05:05:04.000Z,st_petersburg,2016-12-16T00:00:00.000Z,51,Tug,St. Petersburg,1
59.88225,30.19498,0,0,88,4,SPB,RU,141,0,KAPITAN SOROKIN,3,345312,31,43,28,5138,39,1,2016-12-16T05:05:05.000Z,st_petersburg,2016-12-16T00:00:00.000Z,51,Tug,St. Petersburg,1
59.88225,30.19495,0,0,88,3,SPB,RU,141,0,KAPITAN SOROKIN,3,345312,31,43,28,5138,39,1,2016-12-16T05:07:04.000Z,st_petersburg,2016-12-16T00:00:00.000Z,51,Tug,St. Petersburg,1
59.88225,30.19495,0,0,88,3,SPB,RU,141,0,KAPITAN SOROKIN,3,345312,31,43,28,5138,39,1,2016-12-16T05:07:05.000Z,st_petersburg,2016-12-16T00:00:00.000Z,51,Tug,St. Petersburg,1
59.88227,30.19497,0,0,88,2,SPB,RU,141,0,KAPITAN SOROKIN,3,345312,31,43,28,5138,39,1,2016-12-16T05:09:03.000Z,st_petersburg,2016-12-16T00:00:00.000Z,51,Tug,St. Petersburg,1
59.88227,30.19497,0,0,88,2,SPB,RU,141,0,KAPITAN SOROKIN,3,345312,31,43,28,5138,39,1,2016-12-16T05:09:04.000Z,st_petersburg,2016-12-16T00:00:00.000Z,51,Tug,St. Petersburg,1
59.88227,30.19497,0,0,88,4,SPB,RU,141,0,KAPITAN SOROKIN,3,345312,31,43,28,5138,39,1,2016-12-16T05:11:03.000Z,st_petersburg,2016-12-16T00:00:00.000Z,51,Tug,St. Petersburg,1
59.88227,30.19497,0,0,88,4,SPB,RU,141,0,KAPITAN SOROKIN,3,345312,31,43,28,5138,39,1,2016-12-16T05:11:04.000Z,st_petersburg,2016-12-16T00:00:00.000Z,51,Tug,St. Petersburg,1
59.88226,30.19497,0,0,88,3,SPB,RU,141,0,KAPITAN SOROKIN,3,345312,31,43,28,5138,39,1,2016-12-16T05:13:03.000Z,st_petersburg,2016-12-16T00:00:00.000Z,51,Tug,St. Petersburg,1
59.88226,30.19497,0,0,88,3,SPB,RU,141,0,KAPITAN SOROKIN,3,345312,31,43,28,5138,39,1,2016-12-16T05:13:04.000Z,st_petersburg,2016-12-16T00:00:00.000Z,51,Tug,St. Petersburg,1
59.88225,30.19494,0,0,88,2,SPB,RU,141,0,KAPITAN SOROKIN,3,345312,31,43,28,5138,39,1,2016-12-16T05:15:04.000Z,st_petersburg,2016-12-16T00:00:00.000Z,51,Tug,St. Petersburg,1
59.88226,30.19497,0,0,88,4,SPB,RU,141,0,KAPITAN SOROKIN,3,345312,31,43,28,5138,39,1,2016-12-16T05:15:04.000Z,st_petersburg,2016-12-16T00:00:00.000Z,51,Tug,St. Petersburg,1
59.88225,30.19494,0,0,88,4,SPB,RU,141,0,KAPITAN SOROKIN,3,345312,31,43,28,5138,39,1,2016-12-16T05:17:04.000Z,st_petersburg,2016-12-16T00:00:00.000Z,51,Tug,St. Petersburg,1
59.88225,30.19494,0,0,88,4,SPB,RU,141,0,KAPITAN SOROKIN,3,345312,31,43,28,5138,39,1,2016-12-16T05:17:05.000Z,st_petersburg,2016-12-16T00:00:00.000Z,51,Tug,St. Petersburg,1
59.88225,30.19493,0,0,88,3,SPB,RU,141,0,KAPITAN SOROKIN,3,345312,31,43,28,5138,39,1,2016-12-16T05:19:03.000Z,st_petersburg,2016-12-16T00:00:00.000Z,51,Tug,St. Petersburg,1
59.88225,30.19493,0,0,88,3,SPB,RU,141,0,KAPITAN SOROKIN,3,345312,31,43,28,5138,39,1,2016-12-16T05:19:04.000Z,st_petersburg,2016-12-16T00:00:00.000Z,51,Tug,St. Petersburg,1
59.88224,30.19493,0,0,88,2,SPB,RU,141,0,KAPITAN SOROKIN,3,345312,31,43,28,5138,39,1,2016-12-16T05:21:03.000Z,st_petersburg,2016-12-16T00:00:00.000Z,51,Tug,St. Petersburg,1
59.88224,30.19493,0,0,88,2,SPB,RU,141,0,KAPITAN SOROKIN,3,345312,31,43,28,5138,39,1,2016-12-16T05:21:04.000Z,st_petersburg,2016-12-16T00:00:00.000Z,51,Tug,St. Petersburg,1
59.88224,30.19493,0,0,88,4,SPB,RU,141,0,KAPITAN SOROKIN,3,345312,31,43,28,5138,39,1,2016-12-16T05:23:04.000Z,st_petersburg,2016-12-16T00:00:00.000Z,51,Tug,St. Petersburg,1
59.88224,30.19493,0,0,88,4,SPB,RU,141,0,KAPITAN SOROKIN,3,345312,31,43,28,5138,39,1,2016-12-16T05:23:05.000Z,st_petersburg,2016-12-16T00:00:00.000Z,51,Tug,St. Petersburg,1
59.88224,30.19497,0,0,88,3,SPB,RU,141,0,KAPITAN SOROKIN,3,345312,31,43,28,5138,39,1,2016-12-16T05:25:04.000Z,st_petersburg,2016-12-16T00:00:00.000Z,51,Tug,St. Petersburg,1
59.88224,30.19497,0,0,88,3,SPB,RU,141,0,KAPITAN SOROKIN,3,345312,31,43,28,5138,39,1,2016-12-16T05:25:05.000Z,st_petersburg,2016-12-16T00:00:00.000Z,51,Tug,St. Petersburg,1
59.88224,30.19497,0,0,88,5,SPB,RU,141,0,KAPITAN SOROKIN,3,345312,31,43,28,5138,39,1,2016-12-16T05:27:04.000Z,st_petersburg,2016-12-16T00:00:00.000Z,51,Tug,St. Petersburg,1
59.88224,30.19497,0,0,88,5,SPB,RU,141,0,KAPITAN SOROKIN,3,345312,31,43,28,5138,39,1,2016-12-16T05:27:05.000Z,st_petersburg,2016-12-16T00:00:00.000Z,51,Tug,St. Petersburg,1
59.88227,30.19495,0,0,88,3,SPB,RU,141,0,KAPITAN SOROKIN,3,345312,31,43,28,5138,39,1,2016-12-16T05:29:03.000Z,st_petersburg,2016-12-16T00:00:00.000Z,51,Tug,St. Petersburg,1
59.88227,30.19495,0,0,88,3,SPB,RU,141,0,KAPITAN SOROKIN,3,345312,31,43,28,5138,39,1,2016-12-16T05:29:04.000Z,st_petersburg,2016-12-16T00:00:00.000Z,51,Tug,St. Petersburg,1
59.88226,30.19496,0,0,88,2,SPB,RU,141,0,KAPITAN SOROKIN,3,345312,31,43,28,5138,39,1,2016-12-16T05:31:03.000Z,st_petersburg,2016-12-16T00:00:00.000Z,51,Tug,St. Petersburg,1
59.88226,30.19496,0,0,88,2,SPB,RU,141,0,KAPITAN SOROKIN,3,345312,31,43,28,5138,39,1,2016-12-16T05:31:05.000Z,st_petersburg,2016-12-16T00:00:00.000Z,51,Tug,St. Petersburg,1
59.88226,30.19496,0,0,88,4,SPB,RU,141,0,KAPITAN SOROKIN,3,345312,31,43,28,5138,39,1,2016-12-16T05:33:03.000Z,st_petersburg,2016-12-16T00:00:00.000Z,51,Tug,St. Petersburg,1
59.88226,30.19496,0,0,88,4,SPB,RU,141,0,KAPITAN SOROKIN,3,345312,31,43,28,5138,39,1,2016-12-16T05:33:04.000Z,st_petersburg,2016-12-16T00:00:00.000Z,51,Tug,St. Petersburg,1
59.88227,30.19494,0,0,88,3,SPB,RU,141,0,KAPITAN SOROKIN,3,345312,31,43,28,5138,39,1,2016-12-16T05:35:04.000Z,st_petersburg,2016-12-16T00:00:00.000Z,51,Tug,St. Petersburg,1
59.88227,30.19494,0,0,88,2,SPB,RU,141,0,KAPITAN SOROKIN,3,345312,31,43,28,5138,39,1,2016-12-16T05:35:04.000Z,st_petersburg,2016-12-16T00:00:00.000Z,51,Tug,St. Petersburg,1
59.88227,30.19494,0,0,88,5,SPB,RU,141,0,KAPITAN SOROKIN,3,345312,31,43,28,5138,39,1,2016-12-16T05:37:03.000Z,st_petersburg,2016-12-16T00:00:00.000Z,51,Tug,St. Petersburg,1
59.88227,30.19494,0,0,88,5,SPB,RU,141,0,KAPITAN SOROKIN,3,345312,31,43,28,5138,39,1,2016-12-16T05:37:04.000Z,st_petersburg,2016-12-16T00:00:00.000Z,51,Tug,St. Petersburg,1
59.88227,30.19494,0,0,88,7,SPB,RU,141,0,KAPITAN SOROKIN,3,345312,31,43,28,5138,39,1,2016-12-16T05:39:04.000Z,st_petersburg,2016-12-16T00:00:00.000Z,51,Tug,St. Petersburg,1
59.88227,30.19494,0,0,88,7,SPB,RU,141,0,KAPITAN SOROKIN,3,345312,31,43,28,5138,39,1,2016-12-16T05:39:05.000Z,st_petersburg,2016-12-16T00:00:00.000Z,51,Tug,St. Petersburg,1
59.88227,30.19494,0,0,88,9,SPB,RU,141,0,KAPITAN SOROKIN,3,345312,31,43,28,5138,39,1,2016-12-16T05:41:03.000Z,st_petersburg,2016-12-16T00:00:00.000Z,51,Tug,St. Petersburg,1
59.88227,30.19494,0,0,88,9,SPB,RU,141,0,KAPITAN SOROKIN,3,345312,31,43,28,5138,39,1,2016-12-16T05:41:04.000Z,st_petersburg,2016-12-16T00:00:00.000Z,51,Tug,St. Petersburg,1
59.88225,30.19495,0,0,88,3,SPB,RU,141,0,KAPITAN SOROKIN,3,345312,31,43,28,5138,39,1,2016-12-16T05:43:04.000Z,st_petersburg,2016-12-16T00:00:00.000Z,51,Tug,St. Petersburg,1
59.88225,30.19495,0,0,88,3,SPB,RU,141,0,KAPITAN SOROKIN,3,345312,31,43,28,5138,39,1,2016-12-16T05:43:05.000Z,st_petersburg,2016-12-16T00:00:00.000Z,51,Tug,St. Petersburg,1
59.88225,30.19497,0,0,88,2,SPB,RU,141,0,KAPITAN SOROKIN,3,345312,31,43,28,5138,39,1,2016-12-16T05:45:04.000Z,st_petersburg,2016-12-16T00:00:00.000Z,51,Tug,St. Petersburg,1
59.88225,30.19497,0,0,88,2,SPB,RU,141,0,KAPITAN SOROKIN,3,345312,31,43,28,5138,39,1,2016-12-16T05:45:05.000Z,st_petersburg,2016-12-16T00:00:00.000Z,51,Tug,St. Petersburg,1
59.88225,30.19497,0,0,88,4,SPB,RU,141,0,KAPITAN SOROKIN,3,345312,31,43,28,5138,39,1,2016-12-16T05:47:03.000Z,st_petersburg,2016-12-16T00:00:00.000Z,51,Tug,St. Petersburg,1
59.88225,30.19497,0,0,88,4,SPB,RU,141,0,KAPITAN SOROKIN,3,345312,31,43,28,5138,39,1,2016-12-16T05:47:04.000Z,st_petersburg,2016-12-16T00:00:00.000Z,51,Tug,St. Petersburg,1
59.88225,30.19495,0,0,88,3,SPB,RU,141,0,KAPITAN SOROKIN,3,345312,31,43,28,5138,39,1,2016-12-16T05:49:04.000Z,st_petersburg,2016-12-16T00:00:00.000Z,51,Tug,St. Petersburg,1
59.88225,30.19495,0,0,88,3,SPB,RU,141,0,KAPITAN SOROKIN,3,345312,31,43,28,5138,39,1,2016-12-16T05:49:05.000Z,st_petersburg,2016-12-16T00:00:00.000Z,51,Tug,St. Petersburg,1
59.88224,30.19497,0,0,88,2,SPB,RU,141,0,KAPITAN SOROKIN,3,345312,31,43,28,5138,39,1,2016-12-16T05:51:03.000Z,st_petersburg,2016-12-16T00:00:00.000Z,51,Tug,St. Petersburg,1
59.88224,30.19497,0,0,88,2,SPB,RU,141,0,KAPITAN SOROKIN,3,345312,31,43,28,5138,39,1,2016-12-16T05:51:04.000Z,st_petersburg,2016-12-16T00:00:00.000Z,51,Tug,St. Petersburg,1
59.88224,30.19497,0,0,88,4,SPB,RU,141,0,KAPITAN SOROKIN,3,345312,31,43,28,5138,39,1,2016-12-16T05:53:03.000Z,st_petersburg,2016-12-16T00:00:00.000Z,51,Tug,St. Petersburg,1
59.88224,30.19497,0,0,88,4,SPB,RU,141,0,KAPITAN SOROKIN,3,345312,31,43,28,5138,39,1,2016-12-16T05:53:04.000Z,st_petersburg,2016-12-16T00:00:00.000Z,51,Tug,St. Petersburg,1
59.88224,30.19497,0,0,88,6,SPB,RU,141,0,KAPITAN SOROKIN,3,345312,31,43,28,5138,39,1,2016-12-16T05:55:04.000Z,st_petersburg,2016-12-16T00:00:00.000Z,51,Tug,St. Petersburg,1
59.88224,30.19497,0,0,88,4,SPB,RU,141,0,KAPITAN SOROKIN,3,345312,31,43,28,5138,39,1,2016-12-16T05:55:05.000Z,st_petersburg,2016-12-16T00:00:00.000Z,51,Tug,St. Petersburg,1
59.88224,30.19497,0,0,88,8,SPB,RU,141,0,KAPITAN SOROKIN,3,345312,31,43,28,5138,39,1,2016-12-16T05:57:03.000Z,st_petersburg,2016-12-16T00:00:00.000Z,51,Tug,St. Petersburg,1
59.88224,30.19497,0,0,88,8,SPB,RU,141,0,KAPITAN SOROKIN,3,345312,31,43,28,5138,39,1,2016-12-16T05:57:04.000Z,st_petersburg,2016-12-16T00:00:00.000Z,51,Tug,St. Petersburg,1
59.88225,30.19493,0,0,88,2,SPB,RU,141,0,KAPITAN SOROKIN,3,345312,31,43,28,5138,39,1,2016-12-16T05:59:03.000Z,st_petersburg,2016-12-16T00:00:00.000Z,51,Tug,St. Petersburg,1
59.88224,30.19497,0,0,88,9,SPB,RU,141,0,KAPITAN SOROKIN,3,345312,31,43,28,5138,39,1,2016-12-16T05:59:04.000Z,st_petersburg,2016-12-16T00:00:00.000Z,51,Tug,St. Petersburg,1
59.88225,30.19493,0,0,88,4,SPB,RU,141,0,KAPITAN SOROKIN,3,345312,31,43,28,5138,39,1,2016-12-16T06:01:10.000Z,st_petersburg,2016-12-16T00:00:00.000Z,51,Tug,St. Petersburg,1
59.88225,30.19493,0,0,88,3,SPB,RU,141,0,KAPITAN SOROKIN,3,345312,31,43,28,5138,39,1,2016-12-16T06:01:11.000Z,st_petersburg,2016-12-16T00:00:00.000Z,51,Tug,St. Petersburg,1
59.88225,30.19493,0,0,88,4,SPB,RU,141,0,KAPITAN SOROKIN,3,345312,31,43,28,5138,39,1,2016-12-16T06:03:03.000Z,st_petersburg,2016-12-16T00:00:00.000Z,51,Tug,St. Petersburg,1
59.88225,30.19493,0,0,88,5,SPB,RU,141,0,KAPITAN SOROKIN,3,345312,31,43,28,5138,39,1,2016-12-16T06:03:04.000Z,st_petersburg,2016-12-16T00:00:00.000Z,51,Tug,St. Petersburg,1
59.88225,30.19493,0,0,88,8,SPB,RU,141,0,KAPITAN SOROKIN,3,345312,31,43,28,5138,39,1,2016-12-16T06:05:04.000Z,st_petersburg,2016-12-16T00:00:00.000Z,51,Tug,St. Petersburg,1
59.88225,30.19493,0,0,88,8,SPB,RU,141,0,KAPITAN SOROKIN,3,345312,31,43,28,5138,39,1,2016-12-16T06:05:04.000Z,st_petersburg,2016-12-16T00:00:00.000Z,51,Tug,St. Petersburg,1
59.88223,30.19491,0,0,88,2,SPB,RU,141,0,KAPITAN SOROKIN,3,345312,31,43,28,5138,39,1,2016-12-16T06:07:04.000Z,st_petersburg,2016-12-16T00:00:00.000Z,51,Tug,St. Petersburg,1
59.88223,30.19491,0,0,88,2,SPB,RU,141,0,KAPITAN SOROKIN,3,345312,31,43,28,5138,39,1,2016-12-16T06:07:05.000Z,st_petersburg,2016-12-16T00:00:00.000Z,51,Tug,St. Petersburg,1
59.88223,30.19491,0,0,88,4,SPB,RU,141,0,KAPITAN SOROKIN,3,345312,31,43,28,5138,39,1,2016-12-16T06:09:04.000Z,st_petersburg,2016-12-16T00:00:00.000Z,51,Tug,St. Petersburg,1
59.88223,30.19491,0,0,88,4,SPB,RU,141,0,KAPITAN SOROKIN,3,345312,31,43,28,5138,39,1,2016-12-16T06:09:05.000Z,st_petersburg,2016-12-16T00:00:00.000Z,51,Tug,St. Petersburg,1
59.88225,30.19493,0,0,88,3,SPB,RU,141,0,KAPITAN SOROKIN,3,345312,31,43,28,5138,39,1,2016-12-16T06:11:03.000Z,st_petersburg,2016-12-16T00:00:00.000Z,51,Tug,St. Petersburg,1
59.88223,30.19491,0,0,88,4,SPB,RU,141,0,KAPITAN SOROKIN,3,345312,31,43,28,5138,39,1,2016-12-16T06:11:04.000Z,st_petersburg,2016-12-16T00:00:00.000Z,51,Tug,St. Petersburg,1
59.88225,30.19493,0,0,88,5,SPB,RU,141,0,KAPITAN SOROKIN,3,345312,31,43,28,5138,39,1,2016-12-16T06:13:03.000Z,st_petersburg,2016-12-16T00:00:00.000Z,51,Tug,St. Petersburg,1
59.88225,30.19493,0,0,88,5,SPB,RU,141,0,KAPITAN SOROKIN,3,345312,31,43,28,5138,39,1,2016-12-16T06:13:04.000Z,st_petersburg,2016-12-16T00:00:00.000Z,51,Tug,St. Petersburg,1
59.88225,30.19493,0,0,88,3,SPB,RU,141,0,KAPITAN SOROKIN,3,345312,31,43,28,5138,39,1,2016-12-16T06:15:04.000Z,st_petersburg,2016-12-16T00:00:00.000Z,51,Tug,St. Petersburg,1
59.88225,30.19493,0,0,88,3,SPB,RU,141,0,KAPITAN SOROKIN,3,345312,31,43,28,5138,39,1,2016-12-16T06:15:05.000Z,st_petersburg,2016-12-16T00:00:00.000Z,51,Tug,St. Petersburg,1
59.88227,30.19493,0,0,88,2,SPB,RU,141,0,KAPITAN SOROKIN,3,345312,31,43,28,5138,39,1,2016-12-16T06:17:04.000Z,st_petersburg,2016-12-16T00:00:00.000Z,51,Tug,St. Petersburg,1
59.88227,30.19493,0,0,88,2,SPB,RU,141,0,KAPITAN SOROKIN,3,345312,31,43,28,5138,39,1,2016-12-16T06:17:05.000Z,st_petersburg,2016-12-16T00:00:00.000Z,51,Tug,St. Petersburg,1
59.88227,30.19493,0,0,88,2,SPB,RU,141,0,KAPITAN SOROKIN,3,345312,31,43,28,5138,39,1,2016-12-16T06:19:03.000Z,st_petersburg,2016-12-16T00:00:00.000Z,51,Tug,St. Petersburg,1
59.88227,30.19493,0,0,88,4,SPB,RU,141,0,KAPITAN SOROKIN,3,345312,31,43,28,5138,39,1,2016-12-16T06:19:04.000Z,st_petersburg,2016-12-16T00:00:00.000Z,51,Tug,St. Petersburg,1
59.88224,30.19493,1,0,88,3,SPB,RU,141,0,KAPITAN SOROKIN,3,345312,31,43,28,5138,39,1,2016-12-16T06:21:04.000Z,st_petersburg,2016-12-16T00:00:00.000Z,51,Tug,St. Petersburg,1
59.88224,30.19493,1,0,88,3,SPB,RU,141,0,KAPITAN SOROKIN,3,345312,31,43,28,5138,39,1,2016-12-16T06:21:05.000Z,st_petersburg,2016-12-16T00:00:00.000Z,51,Tug,St. Petersburg,1
59.88227,30.19493,0,0,88,2,SPB,RU,141,0,KAPITAN SOROKIN,3,345312,31,43,28,5138,39,1,2016-12-16T06:23:03.000Z,st_petersburg,2016-12-16T00:00:00.000Z,51,Tug,St. Petersburg,1
59.88227,30.19493,0,0,88,2,SPB,RU,141,0,KAPITAN SOROKIN,3,345312,31,43,28,5138,39,1,2016-12-16T06:23:04.000Z,st_petersburg,2016-12-16T00:00:00.000Z,51,Tug,St. Petersburg,1
59.88227,30.19493,0,0,88,4,SPB,RU,141,0,KAPITAN SOROKIN,3,345312,31,43,28,5138,39,1,2016-12-16T06:25:04.000Z,st_petersburg,2016-12-16T00:00:00.000Z,51,Tug,St. Petersburg,1
59.88227,30.19493,0,0,88,3,SPB,RU,141,0,KAPITAN SOROKIN,3,345312,31,43,28,5138,39,1,2016-12-16T06:25:05.000Z,st_petersburg,2016-12-16T00:00:00.000Z,51,Tug,St. Petersburg,1
59.88226,30.1949,1,0,88,3,SPB,RU,141,0,KAPITAN SOROKIN,3,345312,31,43,28,5138,39,1,2016-12-16T06:27:04.000Z,st_petersburg,2016-12-16T00:00:00.000Z,51,Tug,St. Petersburg,1
59.88226,30.1949,1,0,88,2,SPB,RU,141,0,KAPITAN SOROKIN,3,345312,31,43,28,5138,39,1,2016-12-16T06:27:05.000Z,st_petersburg,2016-12-16T00:00:00.000Z,51,Tug,St. Petersburg,1
59.88225,30.19493,0,0,88,2,SPB,RU,141,0,KAPITAN SOROKIN,3,345312,31,43,28,5138,39,1,2016-12-16T06:29:03.000Z,st_petersburg,2016-12-16T00:00:00.000Z,51,Tug,St. Petersburg,1
59.88226,30.1949,1,0,88,3,SPB,RU,141,0,KAPITAN SOROKIN,3,345312,31,43,28,5138,39,1,2016-12-16T06:29:04.000Z,st_petersburg,2016-12-16T00:00:00.000Z,51,Tug,St. Petersburg,1
59.88225,30.19493,0,0,88,4,SPB,RU,141,0,KAPITAN SOROKIN,3,345312,31,43,28,5138,39,1,2016-12-16T06:31:04.000Z,st_petersburg,2016-12-16T00:00:00.000Z,51,Tug,St. Petersburg,1
59.88225,30.19493,0,0,88,4,SPB,RU,141,0,KAPITAN SOROKIN,3,345312,31,43,28,5138,39,1,2016-12-16T06:31:05.000Z,st_petersburg,2016-12-16T00:00:00.000Z,51,Tug,St. Petersburg,1
59.88224,30.19495,0,0,88,3,SPB,RU,141,0,KAPITAN SOROKIN,3,345312,31,43,28,5138,39,1,2016-12-16T06:33:04.000Z,st_petersburg,2016-12-16T00:00:00.000Z,51,Tug,St. Petersburg,1
59.88224,30.19495,0,0,88,3,SPB,RU,141,0,KAPITAN SOROKIN,3,345312,31,43,28,5138,39,1,2016-12-16T06:33:05.000Z,st_petersburg,2016-12-16T00:00:00.000Z,51,Tug,St. Petersburg,1
59.88224,30.19493,0,0,88,2,SPB,RU,141,0,KAPITAN SOROKIN,3,345312,31,43,28,5138,39,1,2016-12-16T06:35:09.000Z,st_petersburg,2016-12-16T00:00:00.000Z,51,Tug,St. Petersburg,1
59.88224,30.19493,0,0,88,2,SPB,RU,141,0,KAPITAN SOROKIN,3,345312,31,43,28,5138,39,1,2016-12-16T06:35:10.000Z,st_petersburg,2016-12-16T00:00:00.000Z,51,Tug,St. Petersburg,1
59.88224,30.19493,0,0,88,4,SPB,RU,141,0,KAPITAN SOROKIN,3,345312,31,43,28,5138,39,1,2016-12-16T06:37:04.000Z,st_petersburg,2016-12-16T00:00:00.000Z,51,Tug,St. Petersburg,1
59.88224,30.19493,0,0,88,4,SPB,RU,141,0,KAPITAN SOROKIN,3,345312,31,43,28,5138,39,1,2016-12-16T06:37:05.000Z,st_petersburg,2016-12-16T00:00:00.000Z,51,Tug,St. Petersburg,1
59.88225,30.19493,0,0,88,3,SPB,RU,141,0,KAPITAN SOROKIN,3,345312,31,43,28,5138,39,1,2016-12-16T06:39:05.000Z,st_petersburg,2016-12-16T00:00:00.000Z,51,Tug,St. Petersburg,1
59.88225,30.19493,0,0,88,3,SPB,RU,141,0,KAPITAN SOROKIN,3,345312,31,43,28,5138,39,1,2016-12-16T06:39:06.000Z,st_petersburg,2016-12-16T00:00:00.000Z,51,Tug,St. Petersburg,1
59.88225,30.19493,0,0,88,5,SPB,RU,141,0,KAPITAN SOROKIN,3,345312,31,43,28,5138,39,1,2016-12-16T06:41:05.000Z,st_petersburg,2016-12-16T00:00:00.000Z,51,Tug,St. Petersburg,1
59.88225,30.19493,0,0,88,3,SPB,RU,141,0,KAPITAN SOROKIN,3,345312,31,43,28,5138,39,1,2016-12-16T06:41:05.000Z,st_petersburg,2016-12-16T00:00:00.000Z,51,Tug,St. Petersburg,1
59.88225,30.19493,0,0,88,7,SPB,RU,141,0,KAPITAN SOROKIN,3,345312,31,43,28,5138,39,1,2016-12-16T06:43:04.000Z,st_petersburg,2016-12-16T00:00:00.000Z,51,Tug,St. Petersburg,1
59.88225,30.19493,0,0,88,5,SPB,RU,141,0,KAPITAN SOROKIN,3,345312,31,43,28,5138,39,1,2016-12-16T06:43:05.000Z,st_petersburg,2016-12-16T00:00:00.000Z,51,Tug,St. Petersburg,1
59.88225,30.19493,0,0,88,9,SPB,RU,141,0,KAPITAN SOROKIN,3,345312,31,43,28,5138,39,1,2016-12-16T06:45:03.000Z,st_petersburg,2016-12-16T00:00:00.000Z,51,Tug,St. Petersburg,1
59.88225,30.19493,0,0,88,7,SPB,RU,141,0,KAPITAN SOROKIN,3,345312,31,43,28,5138,39,1,2016-12-16T06:45:04.000Z,st_petersburg,2016-12-16T00:00:00.000Z,51,Tug,St. Petersburg,1
59.88227,30.19491,0,0,88,3,SPB,RU,141,0,KAPITAN SOROKIN,3,345312,31,43,28,5138,39,1,2016-12-16T06:47:04.000Z,st_petersburg,2016-12-16T00:00:00.000Z,51,Tug,St. Petersburg,1
59.88227,30.19491,0,0,88,2,SPB,RU,141,0,KAPITAN SOROKIN,3,345312,31,43,28,5138,39,1,2016-12-16T06:47:05.000Z,st_petersburg,2016-12-16T00:00:00.000Z,51,Tug,St. Petersburg,1
59.88227,30.19491,0,0,88,3,SPB,RU,141,0,KAPITAN SOROKIN,3,345312,31,43,28,5138,39,1,2016-12-16T06:49:03.000Z,st_petersburg,2016-12-16T00:00:00.000Z,51,Tug,St. Petersburg,1
59.88227,30.19496,0,0,88,2,SPB,RU,141,0,KAPITAN SOROKIN,3,345312,31,43,28,5138,39,1,2016-12-16T06:49:04.000Z,st_petersburg,2016-12-16T00:00:00.000Z,51,Tug,St. Petersburg,1
59.88227,30.19496,0,0,88,4,SPB,RU,141,0,KAPITAN SOROKIN,3,345312,31,43,28,5138,39,1,2016-12-16T06:51:05.000Z,st_petersburg,2016-12-16T00:00:00.000Z,51,Tug,St. Petersburg,1
59.88227,30.19496,0,0,88,3,SPB,RU,141,0,KAPITAN SOROKIN,3,345312,31,43,28,5138,39,1,2016-12-16T06:51:05.000Z,st_petersburg,2016-12-16T00:00:00.000Z,51,Tug,St. Petersburg,1
59.88227,30.19496,0,0,88,4,SPB,RU,141,0,KAPITAN SOROKIN,3,345312,31,43,28,5138,39,1,2016-12-16T06:53:03.000Z,st_petersburg,2016-12-16T00:00:00.000Z,51,Tug,St. Petersburg,1
59.88227,30.19496,0,0,88,5,SPB,RU,141,0,KAPITAN SOROKIN,3,345312,31,43,28,5138,39,1,2016-12-16T06:53:04.000Z,st_petersburg,2016-12-16T00:00:00.000Z,51,Tug,St. Petersburg,1
59.88227,30.19496,0,0,88,7,SPB,RU,141,0,KAPITAN SOROKIN,3,345312,31,43,28,5138,39,1,2016-12-16T06:55:03.000Z,st_petersburg,2016-12-16T00:00:00.000Z,51,Tug,St. Petersburg,1
59.88227,30.19496,0,0,88,8,SPB,RU,141,0,KAPITAN SOROKIN,3,345312,31,43,28,5138,39,1,2016-12-16T06:55:04.000Z,st_petersburg,2016-12-16T00:00:00.000Z,51,Tug,St. Petersburg,1
59.88227,30.19496,0,0,88,10,SPB,RU,141,0,KAPITAN SOROKIN,3,345312,31,43,28,5138,39,1,2016-12-16T06:57:03.000Z,st_petersburg,2016-12-16T00:00:00.000Z,51,Tug,St. Petersburg,1
59.88227,30.19496,0,0,88,9,SPB,RU,141,0,KAPITAN SOROKIN,3,345312,31,43,28,5138,39,1,2016-12-16T06:57:04.000Z,st_petersburg,2016-12-16T00:00:00.000Z,51,Tug,St. Petersburg,1
59.88228,30.19494,0,0,88,3,SPB,RU,141,0,KAPITAN SOROKIN,3,345312,31,43,28,5138,39,1,2016-12-16T06:59:03.000Z,st_petersburg,2016-12-16T00:00:00.000Z,51,Tug,St. Petersburg,1
59.88228,30.19494,0,0,88,3,SPB,RU,141,0,KAPITAN SOROKIN,3,345312,31,43,28,5138,39,1,2016-12-16T06:59:04.000Z,st_petersburg,2016-12-16T00:00:00.000Z,51,Tug,St. Petersburg,1
59.88226,30.19492,0,0,88,2,SPB,RU,141,0,KAPITAN SOROKIN,3,345312,31,43,28,5138,39,1,2016-12-16T07:01:03.000Z,st_petersburg,2016-12-16T00:00:00.000Z,51,Tug,St. Petersburg,1
59.88226,30.19492,0,0,88,1,SPB,RU,141,0,KAPITAN SOROKIN,3,345312,31,43,28,5138,39,1,2016-12-16T07:01:04.000Z,st_petersburg,2016-12-16T00:00:00.000Z,51,Tug,St. Petersburg,1
59.88226,30.19492,0,0,88,4,SPB,RU,141,0,KAPITAN SOROKIN,3,345312,31,43,28,5138,39,1,2016-12-16T07:03:03.000Z,st_petersburg,2016-12-16T00:00:00.000Z,51,Tug,St. Petersburg,1
59.88226,30.19492,0,0,88,4,SPB,RU,141,0,KAPITAN SOROKIN,3,345312,31,43,28,5138,39,1,2016-12-16T07:03:04.000Z,st_petersburg,2016-12-16T00:00:00.000Z,51,Tug,St. Petersburg,1
59.88224,30.19496,0,0,88,2,SPB,RU,141,0,KAPITAN SOROKIN,3,345312,31,43,28,5138,39,1,2016-12-16T07:05:04.000Z,st_petersburg,2016-12-16T00:00:00.000Z,51,Tug,St. Petersburg,1
59.88224,30.19496,0,0,88,2,SPB,RU,141,0,KAPITAN SOROKIN,3,345312,31,43,28,5138,39,1,2016-12-16T07:05:05.000Z,st_petersburg,2016-12-16T00:00:00.000Z,51,Tug,St. Petersburg,1
59.88224,30.19496,0,0,88,4,SPB,RU,141,0,KAPITAN SOROKIN,3,345312,31,43,28,5138,39,1,2016-12-16T07:07:03.000Z,st_petersburg,2016-12-16T00:00:00.000Z,51,Tug,St. Petersburg,1
59.88224,30.19496,0,0,88,2,SPB,RU,141,0,KAPITAN SOROKIN,3,345312,31,43,28,5138,39,1,2016-12-16T07:07:04.000Z,st_petersburg,2016-12-16T00:00:00.000Z,51,Tug,St. Petersburg,1
59.88227,30.19495,0,0,88,3,SPB,RU,141,0,KAPITAN SOROKIN,3,345312,31,43,28,5138,39,1,2016-12-16T07:09:03.000Z,st_petersburg,2016-12-16T00:00:00.000Z,51,Tug,St. Petersburg,1
59.88227,30.19495,0,0,88,3,SPB,RU,141,0,KAPITAN SOROKIN,3,345312,31,43,28,5138,39,1,2016-12-16T07:09:04.000Z,st_petersburg,2016-12-16T00:00:00.000Z,51,Tug,St. Petersburg,1
59.88225,30.19491,0,0,88,2,SPB,RU,141,0,KAPITAN SOROKIN,3,345312,31,43,28,5138,39,1,2016-12-16T07:11:04.000Z,st_petersburg,2016-12-16T00:00:00.000Z,51,Tug,St. Petersburg,1
59.88225,30.19491,0,0,88,1,SPB,RU,141,0,KAPITAN SOROKIN,3,345312,31,43,28,5138,39,1,2016-12-16T07:11:05.000Z,st_petersburg,2016-12-16T00:00:00.000Z,51,Tug,St. Petersburg,1
59.88225,30.19491,0,0,88,4,SPB,RU,141,0,KAPITAN SOROKIN,3,345312,31,43,28,5138,39,1,2016-12-16T07:13:04.000Z,st_petersburg,2016-12-16T00:00:00.000Z,51,Tug,St. Petersburg,1
59.88225,30.19491,0,0,88,4,SPB,RU,141,0,KAPITAN SOROKIN,3,345312,31,43,28,5138,39,1,2016-12-16T07:13:05.000Z,st_petersburg,2016-12-16T00:00:00.000Z,51,Tug,St. Petersburg,1
59.88224,30.19494,0,0,88,3,SPB,RU,141,0,KAPITAN SOROKIN,3,345312,31,43,28,5138,39,1,2016-12-16T07:15:03.000Z,st_petersburg,2016-12-16T00:00:00.000Z,51,Tug,St. Petersburg,1
59.88225,30.19491,0,0,88,4,SPB,RU,141,0,KAPITAN SOROKIN,3,345312,31,43,28,5138,39,1,2016-12-16T07:15:04.000Z,st_petersburg,2016-12-16T00:00:00.000Z,51,Tug,St. Petersburg,1
59.88227,30.19493,0,0,88,2,SPB,RU,141,0,KAPITAN SOROKIN,3,345312,31,43,28,5138,39,1,2016-12-16T07:17:03.000Z,st_petersburg,2016-12-16T00:00:00.000Z,51,Tug,St. Petersburg,1
59.88227,30.19493,0,0,88,2,SPB,RU,141,0,KAPITAN SOROKIN,3,345312,31,43,28,5138,39,1,2016-12-16T07:17:04.000Z,st_petersburg,2016-12-16T00:00:00.000Z,51,Tug,St. Petersburg,1
59.88227,30.19493,0,0,88,4,SPB,RU,141,0,KAPITAN SOROKIN,3,345312,31,43,28,5138,39,1,2016-12-16T07:19:04.000Z,st_petersburg,2016-12-16T00:00:00.000Z,51,Tug,St. Petersburg,1
59.88227,30.19493,0,0,88,4,SPB,RU,141,0,KAPITAN SOROKIN,3,345312,31,43,28,5138,39,1,2016-12-16T07:19:04.000Z,st_petersburg,2016-12-16T00:00:00.000Z,51,Tug,St. Petersburg,1
59.88224,30.19493,0,0,88,2,SPB,RU,141,0,KAPITAN SOROKIN,3,345312,31,43,28,5138,39,1,2016-12-16T07:21:04.000Z,st_petersburg,2016-12-16T00:00:00.000Z,51,Tug,St. Petersburg,1
59.88224,30.19493,0,0,88,2,SPB,RU,141,0,KAPITAN SOROKIN,3,345312,31,43,28,5138,39,1,2016-12-16T07:21:05.000Z,st_petersburg,2016-12-16T00:00:00.000Z,51,Tug,St. Petersburg,1
59.88224,30.19493,0,0,88,4,SPB,RU,141,0,KAPITAN SOROKIN,3,345312,31,43,28,5138,39,1,2016-12-16T07:23:03.000Z,st_petersburg,2016-12-16T00:00:00.000Z,51,Tug,St. Petersburg,1
59.88224,30.19493,0,0,88,2,SPB,RU,141,0,KAPITAN SOROKIN,3,345312,31,43,28,5138,39,1,2016-12-16T07:23:04.000Z,st_petersburg,2016-12-16T00:00:00.000Z,51,Tug,St. Petersburg,1
59.88227,30.19492,0,0,88,3,SPB,RU,141,0,KAPITAN SOROKIN,3,345312,31,43,28,5138,39,1,2016-12-16T07:25:03.000Z,st_petersburg,2016-12-16T00:00:00.000Z,51,Tug,St. Petersburg,1
59.88227,30.19492,0,0,88,1,SPB,RU,141,0,KAPITAN SOROKIN,3,345312,31,43,28,5138,39,1,2016-12-16T07:25:04.000Z,st_petersburg,2016-12-16T00:00:00.000Z,51,Tug,St. Petersburg,1
59.88222,30.19493,0,0,88,2,SPB,RU,141,0,KAPITAN SOROKIN,3,345312,31,43,28,5138,39,1,2016-12-16T07:27:03.000Z,st_petersburg,2016-12-16T00:00:00.000Z,51,Tug,St. Petersburg,1
59.88222,30.19493,0,0,88,2,SPB,RU,141,0,KAPITAN SOROKIN,3,345312,31,43,28,5138,39,1,2016-12-16T07:27:04.000Z,st_petersburg,2016-12-16T00:00:00.000Z,51,Tug,St. Petersburg,1
59.88222,30.19493,0,0,88,4,SPB,RU,141,0,KAPITAN SOROKIN,3,345312,31,43,28,5138,39,1,2016-12-16T07:29:03.000Z,st_petersburg,2016-12-16T00:00:00.000Z,51,Tug,St. Petersburg,1
59.88222,30.19493,0,0,88,2,SPB,RU,141,0,KAPITAN SOROKIN,3,345312,31,43,28,5138,39,1,2016-12-16T07:29:04.000Z,st_petersburg,2016-12-16T00:00:00.000Z,51,Tug,St. Petersburg,1
59.88228,30.19494,0,0,88,2,SPB,RU,141,0,KAPITAN SOROKIN,3,345312,31,43,28,5138,39,1,2016-12-16T07:31:03.000Z,st_petersburg,2016-12-16T00:00:00.000Z,51,Tug,St. Petersburg,1
59.88228,30.19494,0,0,88,1,SPB,RU,141,0,KAPITAN SOROKIN,3,345312,31,43,28,5138,39,1,2016-12-16T07:31:04.000Z,st_petersburg,2016-12-16T00:00:00.000Z,51,Tug,St. Petersburg,1
59.88228,30.19494,0,0,88,5,SPB,RU,141,0,KAPITAN SOROKIN,3,345312,31,43,28,5138,39,1,2016-12-16T07:33:03.000Z,st_petersburg,2016-12-16T00:00:00.000Z,51,Tug,St. Petersburg,1
59.88228,30.19494,0,0,88,4,SPB,RU,141,0,KAPITAN SOROKIN,3,345312,31,43,28,5138,39,1,2016-12-16T07:33:04.000Z,st_petersburg,2016-12-16T00:00:00.000Z,51,Tug,St. Petersburg,1
59.88228,30.19494,0,0,88,3,SPB,RU,141,0,KAPITAN SOROKIN,3,345312,31,43,28,5138,39,1,2016-12-16T07:35:03.000Z,st_petersburg,2016-12-16T00:00:00.000Z,51,Tug,St. Petersburg,1
59.88228,30.19494,0,0,88,1,SPB,RU,141,0,KAPITAN SOROKIN,3,345312,31,43,28,5138,39,1,2016-12-16T07:35:04.000Z,st_petersburg,2016-12-16T00:00:00.000Z,51,Tug,St. Petersburg,1
59.88228,30.19494,0,0,88,5,SPB,RU,141,0,KAPITAN SOROKIN,3,345312,31,43,28,5138,39,1,2016-12-16T07:37:03.000Z,st_petersburg,2016-12-16T00:00:00.000Z,51,Tug,St. Petersburg,1
59.88228,30.19494,0,0,88,5,SPB,RU,141,0,KAPITAN SOROKIN,3,345312,31,43,28,5138,39,1,2016-12-16T07:37:04.000Z,st_petersburg,2016-12-16T00:00:00.000Z,51,Tug,St. Petersburg,1
59.88228,30.19494,0,0,88,7,SPB,RU,141,0,KAPITAN SOROKIN,3,345312,31,43,28,5138,39,1,2016-12-16T07:39:04.000Z,st_petersburg,2016-12-16T00:00:00.000Z,51,Tug,St. Petersburg,1
59.88228,30.19494,0,0,88,6,SPB,RU,141,0,KAPITAN SOROKIN,3,345312,31,43,28,5138,39,1,2016-12-16T07:39:04.000Z,st_petersburg,2016-12-16T00:00:00.000Z,51,Tug,St. Petersburg,1
59.88228,30.19494,0,0,88,9,SPB,RU,141,0,KAPITAN SOROKIN,3,345312,31,43,28,5138,39,1,2016-12-16T07:41:03.000Z,st_petersburg,2016-12-16T00:00:00.000Z,51,Tug,St. Petersburg,1
59.88228,30.19494,0,0,88,8,SPB,RU,141,0,KAPITAN SOROKIN,3,345312,31,43,28,5138,39,1,2016-12-16T07:41:04.000Z,st_petersburg,2016-12-16T00:00:00.000Z,51,Tug,St. Petersburg,1
59.88228,30.19495,0,0,88,3,SPB,RU,141,0,KAPITAN SOROKIN,3,345312,31,43,28,5138,39,1,2016-12-16T07:43:04.000Z,st_petersburg,2016-12-16T00:00:00.000Z,51,Tug,St. Petersburg,1
59.88228,30.19495,0,0,88,3,SPB,RU,141,0,KAPITAN SOROKIN,3,345312,31,43,28,5138,39,1,2016-12-16T07:43:04.000Z,st_petersburg,2016-12-16T00:00:00.000Z,51,Tug,St. Petersburg,1
59.88228,30.19497,0,0,88,2,SPB,RU,141,0,KAPITAN SOROKIN,3,345312,31,43,28,5138,39,1,2016-12-16T07:45:03.000Z,st_petersburg,2016-12-16T00:00:00.000Z,51,Tug,St. Petersburg,1
59.88228,30.19497,0,0,88,2,SPB,RU,141,0,KAPITAN SOROKIN,3,345312,31,43,28,5138,39,1,2016-12-16T07:45:04.000Z,st_petersburg,2016-12-16T00:00:00.000Z,51,Tug,St. Petersburg,1
59.88228,30.19497,0,0,88,4,SPB,RU,141,0,KAPITAN SOROKIN,3,345312,31,43,28,5138,39,1,2016-12-16T07:47:04.000Z,st_petersburg,2016-12-16T00:00:00.000Z,51,Tug,St. Petersburg,1
59.88228,30.19497,0,0,88,4,SPB,RU,141,0,KAPITAN SOROKIN,3,345312,31,43,28,5138,39,1,2016-12-16T07:47:04.000Z,st_petersburg,2016-12-16T00:00:00.000Z,51,Tug,St. Petersburg,1
59.88229,30.19494,0,0,88,3,SPB,RU,141,0,KAPITAN SOROKIN,3,345312,31,43,28,5138,39,1,2016-12-16T07:49:04.000Z,st_petersburg,2016-12-16T00:00:00.000Z,51,Tug,St. Petersburg,1
59.88229,30.19494,0,0,88,3,SPB,RU,141,0,KAPITAN SOROKIN,3,345312,31,43,28,5138,39,1,2016-12-16T07:49:05.000Z,st_petersburg,2016-12-16T00:00:00.000Z,51,Tug,St. Petersburg,1
59.88225,30.19494,0,0,88,2,SPB,RU,141,0,KAPITAN SOROKIN,3,345312,31,43,28,5138,39,1,2016-12-16T07:51:04.000Z,st_petersburg,2016-12-16T00:00:00.000Z,51,Tug,St. Petersburg,1
59.88225,30.19494,0,0,88,2,SPB,RU,141,0,KAPITAN SOROKIN,3,345312,31,43,28,5138,39,1,2016-12-16T07:51:05.000Z,st_petersburg,2016-12-16T00:00:00.000Z,51,Tug,St. Petersburg,1
59.88225,30.19494,0,0,88,4,SPB,RU,141,0,KAPITAN SOROKIN,3,345312,31,43,28,5138,39,1,2016-12-16T07:53:03.000Z,st_petersburg,2016-12-16T00:00:00.000Z,51,Tug,St. Petersburg,1
59.88225,30.19494,0,0,88,3,SPB,RU,141,0,KAPITAN SOROKIN,3,345312,31,43,28,5138,39,1,2016-12-16T07:53:04.000Z,st_petersburg,2016-12-16T00:00:00.000Z,51,Tug,St. Petersburg,1
59.88227,30.19491,0,0,88,3,SPB,RU,141,0,KAPITAN SOROKIN,3,345312,31,43,28,5138,39,1,2016-12-16T07:55:03.000Z,st_petersburg,2016-12-16T00:00:00.000Z,51,Tug,St. Petersburg,1
59.88227,30.19491,0,0,88,2,SPB,RU,141,0,KAPITAN SOROKIN,3,345312,31,43,28,5138,39,1,2016-12-16T07:55:04.000Z,st_petersburg,2016-12-16T00:00:00.000Z,51,Tug,St. Petersburg,1
59.88226,30.19495,0,0,88,2,SPB,RU,141,0,KAPITAN SOROKIN,3,345312,31,43,28,5138,39,1,2016-12-16T07:57:04.000Z,st_petersburg,2016-12-16T00:00:00.000Z,51,Tug,St. Petersburg,1
59.88226,30.19495,0,0,88,2,SPB,RU,141,0,KAPITAN SOROKIN,3,345312,31,43,28,5138,39,1,2016-12-16T07:57:05.000Z,st_petersburg,2016-12-16T00:00:00.000Z,51,Tug,St. Petersburg,1
59.88226,30.19495,0,0,88,4,SPB,RU,141,0,KAPITAN SOROKIN,3,345312,31,43,28,5138,39,1,2016-12-16T07:59:04.000Z,st_petersburg,2016-12-16T00:00:00.000Z,51,Tug,St. Petersburg,1
59.88226,30.19495,0,0,88,2,SPB,RU,141,0,KAPITAN SOROKIN,3,345312,31,43,28,5138,39,1,2016-12-16T07:59:05.000Z,st_petersburg,2016-12-16T00:00:00.000Z,51,Tug,St. Petersburg,1
59.88228,30.19496,0,0,88,3,SPB,RU,141,0,KAPITAN SOROKIN,3,345312,31,43,28,5138,39,1,2016-12-16T08:01:04.000Z,st_petersburg,2016-12-16T00:00:00.000Z,51,Tug,St. Petersburg,1
59.88228,30.19496,0,0,88,3,SPB,RU,141,0,KAPITAN SOROKIN,3,345312,31,43,28,5138,39,1,2016-12-16T08:01:05.000Z,st_petersburg,2016-12-16T00:00:00.000Z,51,Tug,St. Petersburg,1
59.88228,30.19496,0,0,88,5,SPB,RU,141,0,KAPITAN SOROKIN,3,345312,31,43,28,5138,39,1,2016-12-16T08:03:03.000Z,st_petersburg,2016-12-16T00:00:00.000Z,51,Tug,St. Petersburg,1
59.88228,30.19496,0,0,88,4,SPB,RU,141,0,KAPITAN SOROKIN,3,345312,31,43,28,5138,39,1,2016-12-16T08:03:04.000Z,st_petersburg,2016-12-16T00:00:00.000Z,51,Tug,St. Petersburg,1
59.88228,30.19496,0,0,88,7,SPB,RU,141,0,KAPITAN SOROKIN,3,345312,31,43,28,5138,39,1,2016-12-16T08:05:03.000Z,st_petersburg,2016-12-16T00:00:00.000Z,51,Tug,St. Petersburg,1
59.88228,30.19496,0,0,88,7,SPB,RU,141,0,KAPITAN SOROKIN,3,345312,31,43,28,5138,39,1,2016-12-16T08:05:04.000Z,st_petersburg,2016-12-16T00:00:00.000Z,51,Tug,St. Petersburg,1
59.88228,30.19496,0,0,88,9,SPB,RU,141,0,KAPITAN SOROKIN,3,345312,31,43,28,5138,39,1,2016-12-16T08:07:03.000Z,st_petersburg,2016-12-16T00:00:00.000Z,51,Tug,St. Petersburg,1
59.88228,30.19496,0,0,88,9,SPB,RU,141,0,KAPITAN SOROKIN,3,345312,31,43,28,5138,39,1,2016-12-16T08:07:04.000Z,st_petersburg,2016-12-16T00:00:00.000Z,51,Tug,St. Petersburg,1
59.88227,30.19495,0,0,88,3,SPB,RU,141,0,KAPITAN SOROKIN,3,345312,31,43,28,5138,39,1,2016-12-16T08:09:04.000Z,st_petersburg,2016-12-16T00:00:00.000Z,51,Tug,St. Petersburg,1
59.88227,30.19495,0,0,88,3,SPB,RU,141,0,KAPITAN SOROKIN,3,345312,31,43,28,5138,39,1,2016-12-16T08:09:05.000Z,st_petersburg,2016-12-16T00:00:00.000Z,51,Tug,St. Petersburg,1
59.88224,30.19495,0,0,88,2,SPB,RU,141,0,KAPITAN SOROKIN,3,345312,31,43,28,5138,39,1,2016-12-16T08:11:04.000Z,st_petersburg,2016-12-16T00:00:00.000Z,51,Tug,St. Petersburg,1
59.88227,30.19495,0,0,88,3,SPB,RU,141,0,KAPITAN SOROKIN,3,345312,31,43,28,5138,39,1,2016-12-16T08:11:05.000Z,st_petersburg,2016-12-16T00:00:00.000Z,51,Tug,St. Petersburg,1
59.88224,30.19495,0,0,88,2,SPB,RU,141,0,KAPITAN SOROKIN,3,345312,31,43,28,5138,39,1,2016-12-16T08:13:03.000Z,st_petersburg,2016-12-16T00:00:00.000Z,51,Tug,St. Petersburg,1
59.88224,30.19495,0,0,88,2,SPB,RU,141,0,KAPITAN SOROKIN,3,345312,31,43,28,5138,39,1,2016-12-16T08:13:04.000Z,st_petersburg,2016-12-16T00:00:00.000Z,51,Tug,St. Petersburg,1
59.88223,30.19493,0,0,88,3,SPB,RU,141,0,KAPITAN SOROKIN,3,345312,31,43,28,5138,39,1,2016-12-16T08:15:03.000Z,st_petersburg,2016-12-16T00:00:00.000Z,51,Tug,St. Petersburg,1
59.88223,30.19493,0,0,88,3,SPB,RU,141,0,KAPITAN SOROKIN,3,345312,31,43,28,5138,39,1,2016-12-16T08:15:04.000Z,st_petersburg,2016-12-16T00:00:00.000Z,51,Tug,St. Petersburg,1
59.88223,30.19493,0,0,88,5,SPB,RU,141,0,KAPITAN SOROKIN,3,345312,31,43,28,5138,39,1,2016-12-16T08:17:04.000Z,st_petersburg,2016-12-16T00:00:00.000Z,51,Tug,St. Petersburg,1
59.88223,30.19493,0,0,88,5,SPB,RU,141,0,KAPITAN SOROKIN,3,345312,31,43,28,5138,39,1,2016-12-16T08:17:05.000Z,st_petersburg,2016-12-16T00:00:00.000Z,51,Tug,St. Petersburg,1
59.88223,30.19493,0,0,88,7,SPB,RU,141,0,KAPITAN SOROKIN,3,345312,31,43,28,5138,39,1,2016-12-16T08:19:07.000Z,st_petersburg,2016-12-16T00:00:00.000Z,51,Tug,St. Petersburg,1
59.88223,30.19493,0,0,88,7,SPB,RU,141,0,KAPITAN SOROKIN,3,345312,31,43,28,5138,39,1,2016-12-16T08:19:09.000Z,st_petersburg,2016-12-16T00:00:00.000Z,51,Tug,St. Petersburg,1
59.88223,30.19493,0,0,88,9,SPB,RU,141,0,KAPITAN SOROKIN,3,345312,31,43,28,5138,39,1,2016-12-16T08:21:03.000Z,st_petersburg,2016-12-16T00:00:00.000Z,51,Tug,St. Petersburg,1
59.88223,30.19493,0,0,88,9,SPB,RU,141,0,KAPITAN SOROKIN,3,345312,31,43,28,5138,39,1,2016-12-16T08:21:04.000Z,st_petersburg,2016-12-16T00:00:00.000Z,51,Tug,St. Petersburg,1
59.88225,30.19492,0,0,88,3,SPB,RU,141,0,KAPITAN SOROKIN,3,345312,31,43,28,5138,39,1,2016-12-16T08:23:03.000Z,st_petersburg,2016-12-16T00:00:00.000Z,51,Tug,St. Petersburg,1
59.88225,30.19492,0,0,88,3,SPB,RU,141,0,KAPITAN SOROKIN,3,345312,31,43,28,5138,39,1,2016-12-16T08:23:05.000Z,st_petersburg,2016-12-16T00:00:00.000Z,51,Tug,St. Petersburg,1
59.88225,30.19492,0,0,88,5,SPB,RU,141,0,KAPITAN SOROKIN,3,345312,31,43,28,5138,39,1,2016-12-16T08:25:03.000Z,st_petersburg,2016-12-16T00:00:00.000Z,51,Tug,St. Petersburg,1
59.88225,30.19492,0,0,88,4,SPB,RU,141,0,KAPITAN SOROKIN,3,345312,31,43,28,5138,39,1,2016-12-16T08:25:03.000Z,st_petersburg,2016-12-16T00:00:00.000Z,51,Tug,St. Petersburg,1
59.88225,30.19492,0,0,88,7,SPB,RU,141,0,KAPITAN SOROKIN,3,345312,31,43,28,5138,39,1,2016-12-16T08:27:04.000Z,st_petersburg,2016-12-16T00:00:00.000Z,51,Tug,St. Petersburg,1
59.88225,30.19492,0,0,88,7,SPB,RU,141,0,KAPITAN SOROKIN,3,345312,31,43,28,5138,39,1,2016-12-16T08:27:05.000Z,st_petersburg,2016-12-16T00:00:00.000Z,51,Tug,St. Petersburg,1
59.88225,30.19492,0,0,88,9,SPB,RU,141,0,KAPITAN SOROKIN,3,345312,31,43,28,5138,39,1,2016-12-16T08:29:04.000Z,st_petersburg,2016-12-16T00:00:00.000Z,51,Tug,St. Petersburg,1
59.88225,30.19492,0,0,88,9,SPB,RU,141,0,KAPITAN SOROKIN,3,345312,31,43,28,5138,39,1,2016-12-16T08:29:05.000Z,st_petersburg,2016-12-16T00:00:00.000Z,51,Tug,St. Petersburg,1
59.88225,30.19491,0,0,88,3,SPB,RU,141,0,KAPITAN SOROKIN,3,345312,31,43,28,5138,39,1,2016-12-16T08:31:04.000Z,st_petersburg,2016-12-16T00:00:00.000Z,51,Tug,St. Petersburg,1
59.88225,30.19491,0,0,88,3,SPB,RU,141,0,KAPITAN SOROKIN,3,345312,31,43,28,5138,39,1,2016-12-16T08:31:05.000Z,st_petersburg,2016-12-16T00:00:00.000Z,51,Tug,St. Petersburg,1
59.88225,30.19491,0,0,88,5,SPB,RU,141,0,KAPITAN SOROKIN,3,345312,31,43,28,5138,39,1,2016-12-16T08:33:04.000Z,st_petersburg,2016-12-16T00:00:00.000Z,51,Tug,St. Petersburg,1
59.88225,30.19491,0,0,88,5,SPB,RU,141,0,KAPITAN SOROKIN,3,345312,31,43,28,5138,39,1,2016-12-16T08:33:05.000Z,st_petersburg,2016-12-16T00:00:00.000Z,51,Tug,St. Petersburg,1
59.88225,30.19491,0,0,88,7,SPB,RU,141,0,KAPITAN SOROKIN,3,345312,31,43,28,5138,39,1,2016-12-16T08:35:04.000Z,st_petersburg,2016-12-16T00:00:00.000Z,51,Tug,St. Petersburg,1
59.88225,30.19491,0,0,88,5,SPB,RU,141,0,KAPITAN SOROKIN,3,345312,31,43,28,5138,39,1,2016-12-16T08:35:05.000Z,st_petersburg,2016-12-16T00:00:00.000Z,51,Tug,St. Petersburg,1
59.88225,30.19491,0,0,88,9,SPB,RU,141,0,KAPITAN SOROKIN,3,345312,31,43,28,5138,39,1,2016-12-16T08:37:03.000Z,st_petersburg,2016-12-16T00:00:00.000Z,51,Tug,St. Petersburg,1
59.88225,30.19491,0,0,88,9,SPB,RU,141,0,KAPITAN SOROKIN,3,345312,31,43,28,5138,39,1,2016-12-16T08:37:04.000Z,st_petersburg,2016-12-16T00:00:00.000Z,51,Tug,St. Petersburg,1
59.88228,30.19494,0,0,88,3,SPB,RU,141,0,KAPITAN SOROKIN,3,345312,31,43,28,5138,39,1,2016-12-16T08:39:04.000Z,st_petersburg,2016-12-16T00:00:00.000Z,51,Tug,St. Petersburg,1
59.88228,30.19494,0,0,88,3,SPB,RU,141,0,KAPITAN SOROKIN,3,345312,31,43,28,5138,39,1,2016-12-16T08:39:05.000Z,st_petersburg,2016-12-16T00:00:00.000Z,51,Tug,St. Petersburg,1
59.88225,30.19494,0,0,88,2,SPB,RU,141,0,KAPITAN SOROKIN,3,345312,31,43,28,5138,39,1,2016-12-16T08:41:04.000Z,st_petersburg,2016-12-16T00:00:00.000Z,51,Tug,St. Petersburg,1
59.88225,30.19494,0,0,88,2,SPB,RU,141,0,KAPITAN SOROKIN,3,345312,31,43,28,5138,39,1,2016-12-16T08:41:05.000Z,st_petersburg,2016-12-16T00:00:00.000Z,51,Tug,St. Petersburg,1
59.88225,30.19494,0,0,88,4,SPB,RU,141,0,KAPITAN SOROKIN,3,345312,31,43,28,5138,39,1,2016-12-16T08:43:03.000Z,st_petersburg,2016-12-16T00:00:00.000Z,51,Tug,St. Petersburg,1
59.88225,30.19494,0,0,88,4,SPB,RU,141,0,KAPITAN SOROKIN,3,345312,31,43,28,5138,39,1,2016-12-16T08:43:04.000Z,st_petersburg,2016-12-16T00:00:00.000Z,51,Tug,St. Petersburg,1
59.88225,30.19492,0,0,88,3,SPB,RU,141,0,KAPITAN SOROKIN,3,345312,31,43,28,5138,39,1,2016-12-16T08:45:04.000Z,st_petersburg,2016-12-16T00:00:00.000Z,51,Tug,St. Petersburg,1
59.88225,30.19492,0,0,88,3,SPB,RU,141,0,KAPITAN SOROKIN,3,345312,31,43,28,5138,39,1,2016-12-16T08:45:05.000Z,st_petersburg,2016-12-16T00:00:00.000Z,51,Tug,St. Petersburg,1
59.88225,30.19497,0,0,88,2,SPB,RU,141,0,KAPITAN SOROKIN,3,345312,31,43,28,5138,39,1,2016-12-16T08:47:03.000Z,st_petersburg,2016-12-16T00:00:00.000Z,51,Tug,St. Petersburg,1
59.88225,30.19497,0,0,88,2,SPB,RU,141,0,KAPITAN SOROKIN,3,345312,31,43,28,5138,39,1,2016-12-16T08:47:04.000Z,st_petersburg,2016-12-16T00:00:00.000Z,51,Tug,St. Petersburg,1
59.88225,30.19497,0,0,88,4,SPB,RU,141,0,KAPITAN SOROKIN,3,345312,31,43,28,5138,39,1,2016-12-16T08:49:03.000Z,st_petersburg,2016-12-16T00:00:00.000Z,51,Tug,St. Petersburg,1
59.88225,30.19497,0,0,88,4,SPB,RU,141,0,KAPITAN SOROKIN,3,345312,31,43,28,5138,39,1,2016-12-16T08:49:04.000Z,st_petersburg,2016-12-16T00:00:00.000Z,51,Tug,St. Petersburg,1
59.88226,30.19497,0,0,88,3,SPB,RU,141,0,KAPITAN SOROKIN,3,345312,31,43,28,5138,39,1,2016-12-16T08:51:04.000Z,st_petersburg,2016-12-16T00:00:00.000Z,51,Tug,St. Petersburg,1
59.88226,30.19497,0,0,88,3,SPB,RU,141,0,KAPITAN SOROKIN,3,345312,31,43,28,5138,39,1,2016-12-16T08:51:04.000Z,st_petersburg,2016-12-16T00:00:00.000Z,51,Tug,St. Petersburg,1
59.88225,30.19494,0,0,88,2,SPB,RU,141,0,KAPITAN SOROKIN,3,345312,31,43,28,5138,39,1,2016-12-16T08:53:04.000Z,st_petersburg,2016-12-16T00:00:00.000Z,51,Tug,St. Petersburg,1
59.88225,30.19494,0,0,88,1,SPB,RU,141,0,KAPITAN SOROKIN,3,345312,31,43,28,5138,39,1,2016-12-16T08:53:05.000Z,st_petersburg,2016-12-16T00:00:00.000Z,51,Tug,St. Petersburg,1
59.88225,30.19494,0,0,88,4,SPB,RU,141,0,KAPITAN SOROKIN,3,345312,31,43,28,5138,39,1,2016-12-16T08:55:03.000Z,st_petersburg,2016-12-16T00:00:00.000Z,51,Tug,St. Petersburg,1
59.88225,30.19494,0,0,88,4,SPB,RU,141,0,KAPITAN SOROKIN,3,345312,31,43,28,5138,39,1,2016-12-16T08:55:04.000Z,st_petersburg,2016-12-16T00:00:00.000Z,51,Tug,St. Petersburg,1
59.88224,30.19494,0,0,88,3,SPB,RU,141,0,KAPITAN SOROKIN,3,345312,31,43,28,5138,39,1,2016-12-16T08:57:04.000Z,st_petersburg,2016-12-16T00:00:00.000Z,51,Tug,St. Petersburg,1
59.88225,30.19494,0,0,88,4,SPB,RU,141,0,KAPITAN SOROKIN,3,345312,31,43,28,5138,39,1,2016-12-16T08:57:04.000Z,st_petersburg,2016-12-16T00:00:00.000Z,51,Tug,St. Petersburg,1
59.88224,30.19494,0,0,88,5,SPB,RU,141,0,KAPITAN SOROKIN,3,345312,31,43,28,5138,39,1,2016-12-16T08:59:03.000Z,st_petersburg,2016-12-16T00:00:00.000Z,51,Tug,St. Petersburg,1
59.88224,30.19494,0,0,88,5,SPB,RU,141,0,KAPITAN SOROKIN,3,345312,31,43,28,5138,39,1,2016-12-16T08:59:04.000Z,st_petersburg,2016-12-16T00:00:00.000Z,51,Tug,St. Petersburg,1
59.88224,30.19494,0,0,88,6,SPB,RU,141,0,KAPITAN SOROKIN,3,345312,31,43,28,5138,39,1,2016-12-16T09:01:03.000Z,st_petersburg,2016-12-16T00:00:00.000Z,51,Tug,St. Petersburg,1
59.88224,30.19494,0,0,88,7,SPB,RU,141,0,KAPITAN SOROKIN,3,345312,31,43,28,5138,39,1,2016-12-16T09:01:04.000Z,st_petersburg,2016-12-16T00:00:00.000Z,51,Tug,St. Petersburg,1
59.88224,30.19494,0,0,88,9,SPB,RU,141,0,KAPITAN SOROKIN,3,345312,31,43,28,5138,39,1,2016-12-16T09:03:03.000Z,st_petersburg,2016-12-16T00:00:00.000Z,51,Tug,St. Petersburg,1
59.88224,30.19494,0,0,88,9,SPB,RU,141,0,KAPITAN SOROKIN,3,345312,31,43,28,5138,39,1,2016-12-16T09:03:04.000Z,st_petersburg,2016-12-16T00:00:00.000Z,51,Tug,St. Petersburg,1
59.88225,30.19494,0,0,88,3,SPB,RU,141,0,KAPITAN SOROKIN,3,345312,31,43,28,5138,39,1,2016-12-16T09:05:03.000Z,st_petersburg,2016-12-16T00:00:00.000Z,51,Tug,St. Petersburg,1
59.88225,30.19494,0,0,88,3,SPB,RU,141,0,KAPITAN SOROKIN,3,345312,31,43,28,5138,39,1,2016-12-16T09:05:04.000Z,st_petersburg,2016-12-16T00:00:00.000Z,51,Tug,St. Petersburg,1
59.88225,30.19494,0,0,88,5,SPB,RU,141,0,KAPITAN SOROKIN,3,345312,31,43,28,5138,39,1,2016-12-16T09:07:03.000Z,st_petersburg,2016-12-16T00:00:00.000Z,51,Tug,St. Petersburg,1
59.88225,30.19494,0,0,88,5,SPB,RU,141,0,KAPITAN SOROKIN,3,345312,31,43,28,5138,39,1,2016-12-16T09:07:04.000Z,st_petersburg,2016-12-16T00:00:00.000Z,51,Tug,St. Petersburg,1
59.88225,30.19494,0,0,88,7,SPB,RU,141,0,KAPITAN SOROKIN,3,345312,31,43,28,5138,39,1,2016-12-16T09:09:03.000Z,st_petersburg,2016-12-16T00:00:00.000Z,51,Tug,St. Petersburg,1
59.88225,30.19494,0,0,88,6,SPB,RU,141,0,KAPITAN SOROKIN,3,345312,31,43,28,5138,39,1,2016-12-16T09:09:04.000Z,st_petersburg,2016-12-16T00:00:00.000Z,51,Tug,St. Petersburg,1
59.88225,30.19494,0,0,88,9,SPB,RU,141,0,KAPITAN SOROKIN,3,345312,31,43,28,5138,39,1,2016-12-16T09:11:03.000Z,st_petersburg,2016-12-16T00:00:00.000Z,51,Tug,St. Petersburg,1
59.88225,30.19494,0,0,88,8,SPB,RU,141,0,KAPITAN SOROKIN,3,345312,31,43,28,5138,39,1,2016-12-16T09:11:04.000Z,st_petersburg,2016-12-16T00:00:00.000Z,51,Tug,St. Petersburg,1
59.88227,30.19494,0,0,88,3,SPB,RU,141,0,KAPITAN SOROKIN,3,345312,31,43,28,5138,39,1,2016-12-16T09:13:03.000Z,st_petersburg,2016-12-16T00:00:00.000Z,51,Tug,St. Petersburg,1
59.88227,30.19494,0,0,88,3,SPB,RU,141,0,KAPITAN SOROKIN,3,345312,31,43,28,5138,39,1,2016-12-16T09:13:04.000Z,st_petersburg,2016-12-16T00:00:00.000Z,51,Tug,St. Petersburg,1
59.88228,30.19496,0,0,88,2,SPB,RU,141,0,KAPITAN SOROKIN,3,345312,31,43,28,5138,39,1,2016-12-16T09:15:04.000Z,st_petersburg,2016-12-16T00:00:00.000Z,51,Tug,St. Petersburg,1
59.88228,30.19496,0,0,88,2,SPB,RU,141,0,KAPITAN SOROKIN,3,345312,31,43,28,5138,39,1,2016-12-16T09:15:05.000Z,st_petersburg,2016-12-16T00:00:00.000Z,51,Tug,St. Petersburg,1
59.88228,30.19496,0,0,88,4,SPB,RU,141,0,KAPITAN SOROKIN,3,345312,31,43,28,5138,39,1,2016-12-16T09:17:04.000Z,st_petersburg,2016-12-16T00:00:00.000Z,51,Tug,St. Petersburg,1
59.88228,30.19496,0,0,88,4,SPB,RU,141,0,KAPITAN SOROKIN,3,345312,31,43,28,5138,39,1,2016-12-16T09:17:05.000Z,st_petersburg,2016-12-16T00:00:00.000Z,51,Tug,St. Petersburg,1
59.88225,30.19493,0,0,88,3,SPB,RU,141,0,KAPITAN SOROKIN,3,345312,31,43,28,5138,39,1,2016-12-16T09:19:03.000Z,st_petersburg,2016-12-16T00:00:00.000Z,51,Tug,St. Petersburg,1
59.88225,30.19493,0,0,88,1,SPB,RU,141,0,KAPITAN SOROKIN,3,345312,31,43,28,5138,39,1,2016-12-16T09:19:04.000Z,st_petersburg,2016-12-16T00:00:00.000Z,51,Tug,St. Petersburg,1
59.88225,30.19493,0,0,88,2,SPB,RU,141,0,KAPITAN SOROKIN,3,345312,31,43,28,5138,39,1,2016-12-16T09:21:03.000Z,st_petersburg,2016-12-16T00:00:00.000Z,51,Tug,St. Petersburg,1
59.88225,30.19493,0,0,88,2,SPB,RU,141,0,KAPITAN SOROKIN,3,345312,31,43,28,5138,39,1,2016-12-16T09:21:04.000Z,st_petersburg,2016-12-16T00:00:00.000Z,51,Tug,St. Petersburg,1
59.88225,30.19493,0,0,88,4,SPB,RU,141,0,KAPITAN SOROKIN,3,345312,31,43,28,5138,39,1,2016-12-16T09:23:03.000Z,st_petersburg,2016-12-16T00:00:00.000Z,51,Tug,St. Petersburg,1
59.88225,30.19493,0,0,88,2,SPB,RU,141,0,KAPITAN SOROKIN,3,345312,31,43,28,5138,39,1,2016-12-16T09:23:04.000Z,st_petersburg,2016-12-16T00:00:00.000Z,51,Tug,St. Petersburg,1
59.88225,30.19493,0,0,88,6,SPB,RU,141,0,KAPITAN SOROKIN,3,345312,31,43,28,5138,39,1,2016-12-16T09:25:04.000Z,st_petersburg,2016-12-16T00:00:00.000Z,51,Tug,St. Petersburg,1
59.88225,30.19493,0,0,88,6,SPB,RU,141,0,KAPITAN SOROKIN,3,345312,31,43,28,5138,39,1,2016-12-16T09:25:05.000Z,st_petersburg,2016-12-16T00:00:00.000Z,51,Tug,St. Petersburg,1
59.88225,30.19493,0,0,88,8,SPB,RU,141,0,KAPITAN SOROKIN,3,345312,31,43,28,5138,39,1,2016-12-16T09:27:04.000Z,st_petersburg,2016-12-16T00:00:00.000Z,51,Tug,St. Petersburg,1
59.88225,30.19493,0,0,88,8,SPB,RU,141,0,KAPITAN SOROKIN,3,345312,31,43,28,5138,39,1,2016-12-16T09:27:05.000Z,st_petersburg,2016-12-16T00:00:00.000Z,51,Tug,St. Petersburg,1
59.88225,30.19493,0,0,88,2,SPB,RU,141,0,KAPITAN SOROKIN,3,345312,31,43,28,5138,39,1,2016-12-16T09:29:03.000Z,st_petersburg,2016-12-16T00:00:00.000Z,51,Tug,St. Petersburg,1
59.88225,30.19493,0,0,88,2,SPB,RU,141,0,KAPITAN SOROKIN,3,345312,31,43,28,5138,39,1,2016-12-16T09:29:04.000Z,st_petersburg,2016-12-16T00:00:00.000Z,51,Tug,St. Petersburg,1
59.88225,30.19493,0,0,88,4,SPB,RU,141,0,KAPITAN SOROKIN,3,345312,31,43,28,5138,39,1,2016-12-16T09:31:03.000Z,st_petersburg,2016-12-16T00:00:00.000Z,51,Tug,St. Petersburg,1
59.88225,30.19493,0,0,88,3,SPB,RU,141,0,KAPITAN SOROKIN,3,345312,31,43,28,5138,39,1,2016-12-16T09:31:04.000Z,st_petersburg,2016-12-16T00:00:00.000Z,51,Tug,St. Petersburg,1
59.88225,30.19495,0,0,88,3,SPB,RU,141,0,KAPITAN SOROKIN,3,345312,31,43,28,5138,39,1,2016-12-16T09:33:03.000Z,st_petersburg,2016-12-16T00:00:00.000Z,51,Tug,St. Petersburg,1
59.88225,30.19495,0,0,88,3,SPB,RU,141,0,KAPITAN SOROKIN,3,345312,31,43,28,5138,39,1,2016-12-16T09:33:04.000Z,st_petersburg,2016-12-16T00:00:00.000Z,51,Tug,St. Petersburg,1
59.88227,30.19496,0,0,88,2,SPB,RU,141,0,KAPITAN SOROKIN,3,345312,31,43,28,5138,39,1,2016-12-16T09:35:04.000Z,st_petersburg,2016-12-16T00:00:00.000Z,51,Tug,St. Petersburg,1
59.88227,30.19496,0,0,88,2,SPB,RU,141,0,KAPITAN SOROKIN,3,345312,31,43,28,5138,39,1,2016-12-16T09:35:05.000Z,st_petersburg,2016-12-16T00:00:00.000Z,51,Tug,St. Petersburg,1
59.88227,30.19496,0,0,88,4,SPB,RU,141,0,KAPITAN SOROKIN,3,345312,31,43,28,5138,39,1,2016-12-16T09:37:03.000Z,st_petersburg,2016-12-16T00:00:00.000Z,51,Tug,St. Petersburg,1
59.88227,30.19496,0,0,88,4,SPB,RU,141,0,KAPITAN SOROKIN,3,345312,31,43,28,5138,39,1,2016-12-16T09:37:04.000Z,st_petersburg,2016-12-16T00:00:00.000Z,51,Tug,St. Petersburg,1
59.88226,30.19493,0,0,88,3,SPB,RU,141,0,KAPITAN SOROKIN,3,345312,31,43,28,5138,39,1,2016-12-16T09:39:04.000Z,st_petersburg,2016-12-16T00:00:00.000Z,51,Tug,St. Petersburg,1
59.88226,30.19493,0,0,88,1,SPB,RU,141,0,KAPITAN SOROKIN,3,345312,31,43,28,5138,39,1,2016-12-16T09:39:04.000Z,st_petersburg,2016-12-16T00:00:00.000Z,51,Tug,St. Petersburg,1
59.88225,30.19495,0,0,88,2,SPB,RU,141,0,KAPITAN SOROKIN,3,345312,31,43,28,5138,39,1,2016-12-16T09:41:03.000Z,st_petersburg,2016-12-16T00:00:00.000Z,51,Tug,St. Petersburg,1
59.88225,30.19495,0,0,88,2,SPB,RU,141,0,KAPITAN SOROKIN,3,345312,31,43,28,5138,39,1,2016-12-16T09:41:04.000Z,st_petersburg,2016-12-16T00:00:00.000Z,51,Tug,St. Petersburg,1
59.88225,30.19495,0,0,88,4,SPB,RU,141,0,KAPITAN SOROKIN,3,345312,31,43,28,5138,39,1,2016-12-16T09:43:03.000Z,st_petersburg,2016-12-16T00:00:00.000Z,51,Tug,St. Petersburg,1
59.88225,30.19495,0,0,88,2,SPB,RU,141,0,KAPITAN SOROKIN,3,345312,31,43,28,5138,39,1,2016-12-16T09:43:04.000Z,st_petersburg,2016-12-16T00:00:00.000Z,51,Tug,St. Petersburg,1
59.88225,30.19496,0,0,88,3,SPB,RU,141,0,KAPITAN SOROKIN,3,345312,31,43,28,5138,39,1,2016-12-16T09:45:04.000Z,st_petersburg,2016-12-16T00:00:00.000Z,51,Tug,St. Petersburg,1
59.88225,30.19496,0,0,88,3,SPB,RU,141,0,KAPITAN SOROKIN,3,345312,31,43,28,5138,39,1,2016-12-16T09:45:04.000Z,st_petersburg,2016-12-16T00:00:00.000Z,51,Tug,St. Petersburg,1
59.88225,30.19496,0,0,88,5,SPB,RU,141,0,KAPITAN SOROKIN,3,345312,31,43,28,5138,39,1,2016-12-16T09:47:03.000Z,st_petersburg,2016-12-16T00:00:00.000Z,51,Tug,St. Petersburg,1
59.88225,30.19496,0,0,88,5,SPB,RU,141,0,KAPITAN SOROKIN,3,345312,31,43,28,5138,39,1,2016-12-16T09:47:04.000Z,st_petersburg,2016-12-16T00:00:00.000Z,51,Tug,St. Petersburg,1
59.88225,30.19496,0,0,88,6,SPB,RU,141,0,KAPITAN SOROKIN,3,345312,31,43,28,5138,39,1,2016-12-16T09:49:04.000Z,st_petersburg,2016-12-16T00:00:00.000Z,51,Tug,St. Petersburg,1
59.88225,30.19496,0,0,88,7,SPB,RU,141,0,KAPITAN SOROKIN,3,345312,31,43,28,5138,39,1,2016-12-16T09:49:05.000Z,st_petersburg,2016-12-16T00:00:00.000Z,51,Tug,St. Petersburg,1
59.88225,30.19496,0,0,88,9,SPB,RU,141,0,KAPITAN SOROKIN,3,345312,31,43,28,5138,39,1,2016-12-16T09:51:03.000Z,st_petersburg,2016-12-16T00:00:00.000Z,51,Tug,St. Petersburg,1
59.88225,30.19496,0,0,88,7,SPB,RU,141,0,KAPITAN SOROKIN,3,345312,31,43,28,5138,39,1,2016-12-16T09:51:04.000Z,st_petersburg,2016-12-16T00:00:00.000Z,51,Tug,St. Petersburg,1
59.88227,30.19491,0,0,88,3,SPB,RU,141,0,KAPITAN SOROKIN,3,345312,31,43,28,5138,39,1,2016-12-16T09:53:03.000Z,st_petersburg,2016-12-16T00:00:00.000Z,51,Tug,St. Petersburg,1
59.88227,30.19491,0,0,88,3,SPB,RU,141,0,KAPITAN SOROKIN,3,345312,31,43,28,5138,39,1,2016-12-16T09:53:05.000Z,st_petersburg,2016-12-16T00:00:00.000Z,51,Tug,St. Petersburg,1
59.88227,30.19491,0,0,88,5,SPB,RU,141,0,KAPITAN SOROKIN,3,345312,31,43,28,5138,39,1,2016-12-16T09:55:04.000Z,st_petersburg,2016-12-16T00:00:00.000Z,51,Tug,St. Petersburg,1
59.88227,30.19491,0,0,88,4,SPB,RU,141,0,KAPITAN SOROKIN,3,345312,31,43,28,5138,39,1,2016-12-16T09:55:05.000Z,st_petersburg,2016-12-16T00:00:00.000Z,51,Tug,St. Petersburg,1
59.88227,30.19491,0,0,88,7,SPB,RU,141,0,KAPITAN SOROKIN,3,345312,31,43,28,5138,39,1,2016-12-16T09:57:04.000Z,st_petersburg,2016-12-16T00:00:00.000Z,51,Tug,St. Petersburg,1
59.88227,30.19491,0,0,88,7,SPB,RU,141,0,KAPITAN SOROKIN,3,345312,31,43,28,5138,39,1,2016-12-16T09:57:04.000Z,st_petersburg,2016-12-16T00:00:00.000Z,51,Tug,St. Petersburg,1
59.88227,30.19491,0,0,88,9,SPB,RU,141,0,KAPITAN SOROKIN,3,345312,31,43,28,5138,39,1,2016-12-16T09:59:04.000Z,st_petersburg,2016-12-16T00:00:00.000Z,51,Tug,St. Petersburg,1
59.88227,30.19491,0,0,88,9,SPB,RU,141,0,KAPITAN SOROKIN,3,345312,31,43,28,5138,39,1,2016-12-16T09:59:05.000Z,st_petersburg,2016-12-16T00:00:00.000Z,51,Tug,St. Petersburg,1
59.88227,30.19495,0,0,88,2,SPB,RU,141,0,KAPITAN SOROKIN,3,345312,31,43,28,5138,39,1,2016-12-16T10:01:03.000Z,st_petersburg,2016-12-16T00:00:00.000Z,51,Tug,St. Petersburg,1
59.88227,30.19495,0,0,88,3,SPB,RU,141,0,KAPITAN SOROKIN,3,345312,31,43,28,5138,39,1,2016-12-16T10:01:04.000Z,st_petersburg,2016-12-16T00:00:00.000Z,51,Tug,St. Petersburg,1
59.88223,30.19496,0,0,88,2,SPB,RU,141,0,KAPITAN SOROKIN,3,345312,31,43,28,5138,39,1,2016-12-16T10:03:04.000Z,st_petersburg,2016-12-16T00:00:00.000Z,51,Tug,St. Petersburg,1
59.88227,30.19495,0,0,88,3,SPB,RU,141,0,KAPITAN SOROKIN,3,345312,31,43,28,5138,39,1,2016-12-16T10:03:05.000Z,st_petersburg,2016-12-16T00:00:00.000Z,51,Tug,St. Petersburg,1
59.88223,30.19496,0,0,88,4,SPB,RU,141,0,KAPITAN SOROKIN,3,345312,31,43,28,5138,39,1,2016-12-16T10:05:04.000Z,st_petersburg,2016-12-16T00:00:00.000Z,51,Tug,St. Petersburg,1
59.88223,30.19496,0,0,88,4,SPB,RU,141,0,KAPITAN SOROKIN,3,345312,31,43,28,5138,39,1,2016-12-16T10:05:04.000Z,st_petersburg,2016-12-16T00:00:00.000Z,51,Tug,St. Petersburg,1
59.88225,30.19493,0,0,88,3,SPB,RU,141,0,KAPITAN SOROKIN,3,345312,31,43,28,5138,39,1,2016-12-16T10:07:04.000Z,st_petersburg,2016-12-16T00:00:00.000Z,51,Tug,St. Petersburg,1
59.88225,30.19493,0,0,88,2,SPB,RU,141,0,KAPITAN SOROKIN,3,345312,31,43,28,5138,39,1,2016-12-16T10:07:05.000Z,st_petersburg,2016-12-16T00:00:00.000Z,51,Tug,St. Petersburg,1
59.88225,30.19493,0,0,88,5,SPB,RU,141,0,KAPITAN SOROKIN,3,345312,31,43,28,5138,39,1,2016-12-16T10:09:04.000Z,st_petersburg,2016-12-16T00:00:00.000Z,51,Tug,St. Petersburg,1
59.88225,30.19493,0,0,88,5,SPB,RU,141,0,KAPITAN SOROKIN,3,345312,31,43,28,5138,39,1,2016-12-16T10:09:05.000Z,st_petersburg,2016-12-16T00:00:00.000Z,51,Tug,St. Petersburg,1
59.88225,30.19493,0,0,88,7,SPB,RU,141,0,KAPITAN SOROKIN,3,345312,31,43,28,5138,39,1,2016-12-16T10:11:03.000Z,st_petersburg,2016-12-16T00:00:00.000Z,51,Tug,St. Petersburg,1
59.88225,30.19493,0,0,88,7,SPB,RU,141,0,KAPITAN SOROKIN,3,345312,31,43,28,5138,39,1,2016-12-16T10:11:04.000Z,st_petersburg,2016-12-16T00:00:00.000Z,51,Tug,St. Petersburg,1
59.88225,30.19493,0,0,88,9,SPB,RU,141,0,KAPITAN SOROKIN,3,345312,31,43,28,5138,39,1,2016-12-16T10:13:03.000Z,st_petersburg,2016-12-16T00:00:00.000Z,51,Tug,St. Petersburg,1
59.88225,30.19493,0,0,88,9,SPB,RU,141,0,KAPITAN SOROKIN,3,345312,31,43,28,5138,39,1,2016-12-16T10:13:04.000Z,st_petersburg,2016-12-16T00:00:00.000Z,51,Tug,St. Petersburg,1
59.88225,30.19493,0,0,88,11,SPB,RU,141,0,KAPITAN SOROKIN,3,345312,31,43,28,5138,39,1,2016-12-16T10:15:03.000Z,st_petersburg,2016-12-16T00:00:00.000Z,51,Tug,St. Petersburg,1
59.88225,30.19493,0,0,88,11,SPB,RU,141,0,KAPITAN SOROKIN,3,345312,31,43,28,5138,39,1,2016-12-16T10:15:04.000Z,st_petersburg,2016-12-16T00:00:00.000Z,51,Tug,St. Petersburg,1
59.88225,30.19493,0,0,88,13,SPB,RU,141,0,KAPITAN SOROKIN,3,345312,31,43,28,5138,39,1,2016-12-16T10:17:03.000Z,st_petersburg,2016-12-16T00:00:00.000Z,51,Tug,St. Petersburg,1
59.88225,30.19493,0,0,88,13,SPB,RU,141,0,KAPITAN SOROKIN,3,345312,31,43,28,5138,39,1,2016-12-16T10:17:04.000Z,st_petersburg,2016-12-16T00:00:00.000Z,51,Tug,St. Petersburg,1
59.88225,30.19493,0,0,88,15,SPB,RU,141,0,KAPITAN SOROKIN,3,345312,31,43,28,5138,39,1,2016-12-16T10:19:04.000Z,st_petersburg,2016-12-16T00:00:00.000Z,51,Tug,St. Petersburg,1
59.88225,30.19493,0,0,88,15,SPB,RU,141,0,KAPITAN SOROKIN,3,345312,31,43,28,5138,39,1,2016-12-16T10:19:05.000Z,st_petersburg,2016-12-16T00:00:00.000Z,51,Tug,St. Petersburg,1
59.88225,30.19493,0,0,88,17,SPB,RU,141,0,KAPITAN SOROKIN,3,345312,31,43,28,5138,39,1,2016-12-16T10:21:03.000Z,st_petersburg,2016-12-16T00:00:00.000Z,51,Tug,St. Petersburg,1
59.88225,30.19493,0,0,88,17,SPB,RU,141,0,KAPITAN SOROKIN,3,345312,31,43,28,5138,39,1,2016-12-16T10:21:04.000Z,st_petersburg,2016-12-16T00:00:00.000Z,51,Tug,St. Petersburg,1
59.88226,30.19496,0,0,88,3,SPB,RU,141,0,KAPITAN SOROKIN,3,345312,31,43,28,5138,39,1,2016-12-16T10:23:03.000Z,st_petersburg,2016-12-16T00:00:00.000Z,51,Tug,St. Petersburg,1
59.88225,30.19493,0,0,88,17,SPB,RU,141,0,KAPITAN SOROKIN,3,345312,31,43,28,5138,39,1,2016-12-16T10:23:04.000Z,st_petersburg,2016-12-16T00:00:00.000Z,51,Tug,St. Petersburg,1
59.88226,30.19496,0,0,88,5,SPB,RU,141,0,KAPITAN SOROKIN,3,345312,31,43,28,5138,39,1,2016-12-16T10:25:04.000Z,st_petersburg,2016-12-16T00:00:00.000Z,51,Tug,St. Petersburg,1
59.88226,30.19496,0,0,88,4,SPB,RU,141,0,KAPITAN SOROKIN,3,345312,31,43,28,5138,39,1,2016-12-16T10:25:05.000Z,st_petersburg,2016-12-16T00:00:00.000Z,51,Tug,St. Petersburg,1
59.88226,30.19496,0,0,88,7,SPB,RU,141,0,KAPITAN SOROKIN,3,345312,31,43,28,5138,39,1,2016-12-16T10:27:03.000Z,st_petersburg,2016-12-16T00:00:00.000Z,51,Tug,St. Petersburg,1
59.88226,30.19496,0,0,88,7,SPB,RU,141,0,KAPITAN SOROKIN,3,345312,31,43,28,5138,39,1,2016-12-16T10:27:04.000Z,st_petersburg,2016-12-16T00:00:00.000Z,51,Tug,St. Petersburg,1
59.88226,30.19496,0,0,88,9,SPB,RU,141,0,KAPITAN SOROKIN,3,345312,31,43,28,5138,39,1,2016-12-16T10:29:04.000Z,st_petersburg,2016-12-16T00:00:00.000Z,51,Tug,St. Petersburg,1
59.88226,30.19496,0,0,88,9,SPB,RU,141,0,KAPITAN SOROKIN,3,345312,31,43,28,5138,39,1,2016-12-16T10:29:05.000Z,st_petersburg,2016-12-16T00:00:00.000Z,51,Tug,St. Petersburg,1
59.88226,30.19496,0,0,88,9,SPB,RU,141,0,KAPITAN SOROKIN,3,345312,31,43,28,5138,39,1,2016-12-16T10:31:03.000Z,st_petersburg,2016-12-16T00:00:00.000Z,51,Tug,St. Petersburg,1
59.88228,30.19493,0,0,88,2,SPB,RU,141,0,KAPITAN SOROKIN,3,345312,31,43,28,5138,39,1,2016-12-16T10:31:04.000Z,st_petersburg,2016-12-16T00:00:00.000Z,51,Tug,St. Petersburg,1
59.88228,30.19493,0,0,88,4,SPB,RU,141,0,KAPITAN SOROKIN,3,345312,31,43,28,5138,39,1,2016-12-16T10:33:03.000Z,st_petersburg,2016-12-16T00:00:00.000Z,51,Tug,St. Petersburg,1
59.88228,30.19493,0,0,88,4,SPB,RU,141,0,KAPITAN SOROKIN,3,345312,31,43,28,5138,39,1,2016-12-16T10:33:04.000Z,st_petersburg,2016-12-16T00:00:00.000Z,51,Tug,St. Petersburg,1
59.88228,30.19493,0,0,88,7,SPB,RU,141,0,KAPITAN SOROKIN,3,345312,31,43,28,5138,39,1,2016-12-16T10:35:03.000Z,st_petersburg,2016-12-16T00:00:00.000Z,51,Tug,St. Petersburg,1
59.88228,30.19493,0,0,88,5,SPB,RU,141,0,KAPITAN SOROKIN,3,345312,31,43,28,5138,39,1,2016-12-16T10:35:04.000Z,st_petersburg,2016-12-16T00:00:00.000Z,51,Tug,St. Petersburg,1
59.88228,30.19493,0,0,88,9,SPB,RU,141,0,KAPITAN SOROKIN,3,345312,31,43,28,5138,39,1,2016-12-16T10:37:04.000Z,st_petersburg,2016-12-16T00:00:00.000Z,51,Tug,St. Petersburg,1
59.88228,30.19493,0,0,88,7,SPB,RU,141,0,KAPITAN SOROKIN,3,345312,31,43,28,5138,39,1,2016-12-16T10:37:04.000Z,st_petersburg,2016-12-16T00:00:00.000Z,51,Tug,St. Petersburg,1
59.88226,30.19492,0,0,88,3,SPB,RU,141,0,KAPITAN SOROKIN,3,345312,31,43,28,5138,39,1,2016-12-16T10:39:04.000Z,st_petersburg,2016-12-16T00:00:00.000Z,51,Tug,St. Petersburg,1
59.88226,30.19492,0,0,88,3,SPB,RU,141,0,KAPITAN SOROKIN,3,345312,31,43,28,5138,39,1,2016-12-16T10:39:05.000Z,st_petersburg,2016-12-16T00:00:00.000Z,51,Tug,St. Petersburg,1
59.88226,30.19492,0,0,88,3,SPB,RU,141,0,KAPITAN SOROKIN,3,345312,31,43,28,5138,39,1,2016-12-16T10:41:03.000Z,st_petersburg,2016-12-16T00:00:00.000Z,51,Tug,St. Petersburg,1
59.88221,30.19494,0,0,88,2,SPB,RU,141,0,KAPITAN SOROKIN,3,345312,31,43,28,5138,39,1,2016-12-16T10:41:04.000Z,st_petersburg,2016-12-16T00:00:00.000Z,51,Tug,St. Petersburg,1
59.88221,30.19494,0,0,88,4,SPB,RU,141,0,KAPITAN SOROKIN,3,345312,31,43,28,5138,39,1,2016-12-16T10:43:04.000Z,st_petersburg,2016-12-16T00:00:00.000Z,51,Tug,St. Petersburg,1
59.88221,30.19494,0,0,88,4,SPB,RU,141,0,KAPITAN SOROKIN,3,345312,31,43,28,5138,39,1,2016-12-16T10:43:05.000Z,st_petersburg,2016-12-16T00:00:00.000Z,51,Tug,St. Petersburg,1
59.88228,30.19495,0,0,88,3,SPB,RU,141,0,KAPITAN SOROKIN,3,345312,31,43,28,5138,39,1,2016-12-16T10:45:03.000Z,st_petersburg,2016-12-16T00:00:00.000Z,51,Tug,St. Petersburg,1
59.88228,30.19495,0,0,88,3,SPB,RU,141,0,KAPITAN SOROKIN,3,345312,31,43,28,5138,39,1,2016-12-16T10:45:04.000Z,st_petersburg,2016-12-16T00:00:00.000Z,51,Tug,St. Petersburg,1
59.88228,30.19495,0,0,88,5,SPB,RU,141,0,KAPITAN SOROKIN,3,345312,31,43,28,5138,39,1,2016-12-16T10:47:03.000Z,st_petersburg,2016-12-16T00:00:00.000Z,51,Tug,St. Petersburg,1
59.88228,30.19495,0,0,88,4,SPB,RU,141,0,KAPITAN SOROKIN,3,345312,31,43,28,5138,39,1,2016-12-16T10:47:04.000Z,st_petersburg,2016-12-16T00:00:00.000Z,51,Tug,St. Petersburg,1
59.88227,30.19495,0,0,88,1,SPB,RU,141,0,KAPITAN SOROKIN,3,345312,31,43,28,5138,39,1,2016-12-16T10:49:03.000Z,st_petersburg,2016-12-16T00:00:00.000Z,51,Tug,St. Petersburg,1
59.88227,30.19495,0,0,88,3,SPB,RU,141,0,KAPITAN SOROKIN,3,345312,31,43,28,5138,39,1,2016-12-16T10:49:04.000Z,st_petersburg,2016-12-16T00:00:00.000Z,51,Tug,St. Petersburg,1
59.88227,30.19492,0,0,88,2,SPB,RU,141,0,KAPITAN SOROKIN,3,345312,31,43,28,5138,39,1,2016-12-16T10:51:04.000Z,st_petersburg,2016-12-16T00:00:00.000Z,51,Tug,St. Petersburg,1
59.88227,30.19492,0,0,88,2,SPB,RU,141,0,KAPITAN SOROKIN,3,345312,31,43,28,5138,39,1,2016-12-16T10:51:04.000Z,st_petersburg,2016-12-16T00:00:00.000Z,51,Tug,St. Petersburg,1
59.88227,30.19492,0,0,88,4,SPB,RU,141,0,KAPITAN SOROKIN,3,345312,31,43,28,5138,39,1,2016-12-16T10:53:04.000Z,st_petersburg,2016-12-16T00:00:00.000Z,51,Tug,St. Petersburg,1
59.88227,30.19492,0,0,88,2,SPB,RU,141,0,KAPITAN SOROKIN,3,345312,31,43,28,5138,39,1,2016-12-16T10:53:05.000Z,st_petersburg,2016-12-16T00:00:00.000Z,51,Tug,St. Petersburg,1
59.88229,30.19492,0,0,88,3,SPB,RU,141,0,KAPITAN SOROKIN,3,345312,31,43,28,5138,39,1,2016-12-16T10:55:03.000Z,st_petersburg,2016-12-16T00:00:00.000Z,51,Tug,St. Petersburg,1
59.88229,30.19492,0,0,88,3,SPB,RU,141,0,KAPITAN SOROKIN,3,345312,31,43,28,5138,39,1,2016-12-16T10:55:04.000Z,st_petersburg,2016-12-16T00:00:00.000Z,51,Tug,St. Petersburg,1
59.88221,30.19497,0,0,88,2,SPB,RU,141,0,KAPITAN SOROKIN,3,345312,31,43,28,5138,39,1,2016-12-16T10:57:03.000Z,st_petersburg,2016-12-16T00:00:00.000Z,51,Tug,St. Petersburg,1
59.88229,30.19492,0,0,88,4,SPB,RU,141,0,KAPITAN SOROKIN,3,345312,31,43,28,5138,39,1,2016-12-16T10:57:04.000Z,st_petersburg,2016-12-16T00:00:00.000Z,51,Tug,St. Petersburg,1
59.88221,30.19497,0,0,88,4,SPB,RU,141,0,KAPITAN SOROKIN,3,345312,31,43,28,5138,39,1,2016-12-16T10:59:03.000Z,st_petersburg,2016-12-16T00:00:00.000Z,51,Tug,St. Petersburg,1
59.88221,30.19497,0,0,88,4,SPB,RU,141,0,KAPITAN SOROKIN,3,345312,31,43,28,5138,39,1,2016-12-16T10:59:04.000Z,st_petersburg,2016-12-16T00:00:00.000Z,51,Tug,St. Petersburg,1
59.88226,30.19495,0,0,88,3,SPB,RU,141,0,KAPITAN SOROKIN,3,345312,31,43,28,5138,39,1,2016-12-16T11:01:04.000Z,st_petersburg,2016-12-16T00:00:00.000Z,51,Tug,St. Petersburg,1
59.88226,30.19495,0,0,88,2,SPB,RU,141,0,KAPITAN SOROKIN,3,345312,31,43,28,5138,39,1,2016-12-16T11:01:05.000Z,st_petersburg,2016-12-16T00:00:00.000Z,51,Tug,St. Petersburg,1
59.88226,30.19495,0,0,88,5,SPB,RU,141,0,KAPITAN SOROKIN,3,345312,31,43,28,5138,39,1,2016-12-16T11:03:03.000Z,st_petersburg,2016-12-16T00:00:00.000Z,51,Tug,St. Petersburg,1
59.88226,30.19495,0,0,88,5,SPB,RU,141,0,KAPITAN SOROKIN,3,345312,31,43,28,5138,39,1,2016-12-16T11:03:04.000Z,st_petersburg,2016-12-16T00:00:00.000Z,51,Tug,St. Petersburg,1
59.88226,30.19495,0,0,88,7,SPB,RU,141,0,KAPITAN SOROKIN,3,345312,31,43,28,5138,39,1,2016-12-16T11:05:03.000Z,st_petersburg,2016-12-16T00:00:00.000Z,51,Tug,St. Petersburg,1
59.88226,30.19495,0,0,88,7,SPB,RU,141,0,KAPITAN SOROKIN,3,345312,31,43,28,5138,39,1,2016-12-16T11:05:04.000Z,st_petersburg,2016-12-16T00:00:00.000Z,51,Tug,St. Petersburg,1
59.88226,30.19495,0,0,88,9,SPB,RU,141,0,KAPITAN SOROKIN,3,345312,31,43,28,5138,39,1,2016-12-16T11:07:03.000Z,st_petersburg,2016-12-16T00:00:00.000Z,51,Tug,St. Petersburg,1
59.88226,30.19495,0,0,88,8,SPB,RU,141,0,KAPITAN SOROKIN,3,345312,31,43,28,5138,39,1,2016-12-16T11:07:04.000Z,st_petersburg,2016-12-16T00:00:00.000Z,51,Tug,St. Petersburg,1
59.88226,30.19495,0,0,88,11,SPB,RU,141,0,KAPITAN SOROKIN,3,345312,31,43,28,5138,39,1,2016-12-16T11:09:03.000Z,st_petersburg,2016-12-16T00:00:00.000Z,51,Tug,St. Petersburg,1
59.88226,30.19495,0,0,88,11,SPB,RU,141,0,KAPITAN SOROKIN,3,345312,31,43,28,5138,39,1,2016-12-16T11:09:04.000Z,st_petersburg,2016-12-16T00:00:00.000Z,51,Tug,St. Petersburg,1
59.88225,30.19494,0,0,88,2,SPB,RU,141,0,KAPITAN SOROKIN,3,345312,31,43,28,5138,39,1,2016-12-16T11:11:04.000Z,st_petersburg,2016-12-16T00:00:00.000Z,51,Tug,St. Petersburg,1
59.88226,30.19495,0,0,88,11,SPB,RU,141,0,KAPITAN SOROKIN,3,345312,31,43,28,5138,39,1,2016-12-16T11:11:05.000Z,st_petersburg,2016-12-16T00:00:00.000Z,51,Tug,St. Petersburg,1
59.88225,30.19494,0,0,88,4,SPB,RU,141,0,KAPITAN SOROKIN,3,345312,31,43,28,5138,39,1,2016-12-16T11:13:04.000Z,st_petersburg,2016-12-16T00:00:00.000Z,51,Tug,St. Petersburg,1
59.88225,30.19494,0,0,88,4,SPB,RU,141,0,KAPITAN SOROKIN,3,345312,31,43,28,5138,39,1,2016-12-16T11:13:05.000Z,st_petersburg,2016-12-16T00:00:00.000Z,51,Tug,St. Petersburg,1
59.88225,30.19494,0,0,88,6,SPB,RU,141,0,KAPITAN SOROKIN,3,345312,31,43,28,5138,39,1,2016-12-16T11:15:04.000Z,st_petersburg,2016-12-16T00:00:00.000Z,51,Tug,St. Petersburg,1
59.88225,30.19494,0,0,88,5,SPB,RU,141,0,KAPITAN SOROKIN,3,345312,31,43,28,5138,39,1,2016-12-16T11:15:05.000Z,st_petersburg,2016-12-16T00:00:00.000Z,51,Tug,St. Petersburg,1
59.88225,30.19494,0,0,88,8,SPB,RU,141,0,KAPITAN SOROKIN,3,345312,31,43,28,5138,39,1,2016-12-16T11:17:04.000Z,st_petersburg,2016-12-16T00:00:00.000Z,51,Tug,St. Petersburg,1
59.88225,30.19494,0,0,88,6,SPB,RU,141,0,KAPITAN SOROKIN,3,345312,31,43,28,5138,39,1,2016-12-16T11:17:04.000Z,st_petersburg,2016-12-16T00:00:00.000Z,51,Tug,St. Petersburg,1
59.88222,30.19499,0,0,88,2,SPB,RU,141,0,KAPITAN SOROKIN,3,345312,31,43,28,5138,39,1,2016-12-16T11:19:04.000Z,st_petersburg,2016-12-16T00:00:00.000Z,51,Tug,St. Petersburg,1
59.88222,30.19499,0,0,88,2,SPB,RU,141,0,KAPITAN SOROKIN,3,345312,31,43,28,5138,39,1,2016-12-16T11:19:04.000Z,st_petersburg,2016-12-16T00:00:00.000Z,51,Tug,St. Petersburg,1
59.88222,30.19499,0,0,88,3,SPB,RU,141,0,KAPITAN SOROKIN,3,345312,31,43,28,5138,39,1,2016-12-16T11:21:03.000Z,st_petersburg,2016-12-16T00:00:00.000Z,51,Tug,St. Petersburg,1
59.88222,30.19499,0,0,88,4,SPB,RU,141,0,KAPITAN SOROKIN,3,345312,31,43,28,5138,39,1,2016-12-16T11:21:04.000Z,st_petersburg,2016-12-16T00:00:00.000Z,51,Tug,St. Petersburg,1
59.88227,30.19495,0,0,88,3,SPB,RU,141,0,KAPITAN SOROKIN,3,345312,31,43,28,5138,39,1,2016-12-16T11:23:03.000Z,st_petersburg,2016-12-16T00:00:00.000Z,51,Tug,St. Petersburg,1
59.88227,30.19495,0,0,88,2,SPB,RU,141,0,KAPITAN SOROKIN,3,345312,31,43,28,5138,39,1,2016-12-16T11:23:04.000Z,st_petersburg,2016-12-16T00:00:00.000Z,51,Tug,St. Petersburg,1
59.88221,30.19499,0,0,88,2,SPB,RU,141,0,KAPITAN SOROKIN,3,345312,31,43,28,5138,39,1,2016-12-16T11:25:03.000Z,st_petersburg,2016-12-16T00:00:00.000Z,51,Tug,St. Petersburg,1
59.88227,30.19495,0,0,88,4,SPB,RU,141,0,KAPITAN SOROKIN,3,345312,31,43,28,5138,39,1,2016-12-16T11:25:04.000Z,st_petersburg,2016-12-16T00:00:00.000Z,51,Tug,St. Petersburg,1
59.88221,30.19499,0,0,88,4,SPB,RU,141,0,KAPITAN SOROKIN,3,345312,31,43,28,5138,39,1,2016-12-16T11:27:04.000Z,st_petersburg,2016-12-16T00:00:00.000Z,51,Tug,St. Petersburg,1
59.88221,30.19499,0,0,88,3,SPB,RU,141,0,KAPITAN SOROKIN,3,345312,31,43,28,5138,39,1,2016-12-16T11:27:05.000Z,st_petersburg,2016-12-16T00:00:00.000Z,51,Tug,St. Petersburg,1
59.88225,30.19499,0,0,88,2,SPB,RU,141,0,KAPITAN SOROKIN,3,345312,31,43,28,5138,39,1,2016-12-16T11:29:04.000Z,st_petersburg,2016-12-16T00:00:00.000Z,51,Tug,St. Petersburg,1
59.88225,30.19499,0,0,88,2,SPB,RU,141,0,KAPITAN SOROKIN,3,345312,31,43,28,5138,39,1,2016-12-16T11:29:05.000Z,st_petersburg,2016-12-16T00:00:00.000Z,51,Tug,St. Petersburg,1
59.88225,30.19499,0,0,88,3,SPB,RU,141,0,KAPITAN SOROKIN,3,345312,31,43,28,5138,39,1,2016-12-16T11:31:03.000Z,st_petersburg,2016-12-16T00:00:00.000Z,51,Tug,St. Petersburg,1
59.88225,30.19499,0,0,88,4,SPB,RU,141,0,KAPITAN SOROKIN,3,345312,31,43,28,5138,39,1,2016-12-16T11:31:05.000Z,st_petersburg,2016-12-16T00:00:00.000Z,51,Tug,St. Petersburg,1
59.88224,30.19497,0,0,88,3,SPB,RU,141,0,KAPITAN SOROKIN,3,345312,31,43,28,5138,39,1,2016-12-16T11:33:03.000Z,st_petersburg,2016-12-16T00:00:00.000Z,51,Tug,St. Petersburg,1
59.88224,30.19497,0,0,88,1,SPB,RU,141,0,KAPITAN SOROKIN,3,345312,31,43,28,5138,39,1,2016-12-16T11:33:04.000Z,st_petersburg,2016-12-16T00:00:00.000Z,51,Tug,St. Petersburg,1
59.88224,30.19497,0,0,88,5,SPB,RU,141,0,KAPITAN SOROKIN,3,345312,31,43,28,5138,39,1,2016-12-16T11:35:04.000Z,st_petersburg,2016-12-16T00:00:00.000Z,51,Tug,St. Petersburg,1
59.88224,30.19497,0,0,88,3,SPB,RU,141,0,KAPITAN SOROKIN,3,345312,31,43,28,5138,39,1,2016-12-16T11:35:05.000Z,st_petersburg,2016-12-16T00:00:00.000Z,51,Tug,St. Petersburg,1
59.88227,30.19493,0,0,88,3,SPB,RU,141,0,KAPITAN SOROKIN,3,345312,31,43,28,5138,39,1,2016-12-16T11:37:04.000Z,st_petersburg,2016-12-16T00:00:00.000Z,51,Tug,St. Petersburg,1
59.88227,30.19493,0,0,88,2,SPB,RU,141,0,KAPITAN SOROKIN,3,345312,31,43,28,5138,39,1,2016-12-16T11:37:05.000Z,st_petersburg,2016-12-16T00:00:00.000Z,51,Tug,St. Petersburg,1
59.88227,30.19493,0,0,88,5,SPB,RU,141,0,KAPITAN SOROKIN,3,345312,31,43,28,5138,39,1,2016-12-16T11:39:04.000Z,st_petersburg,2016-12-16T00:00:00.000Z,51,Tug,St. Petersburg,1
59.88227,30.19493,0,0,88,5,SPB,RU,141,0,KAPITAN SOROKIN,3,345312,31,43,28,5138,39,1,2016-12-16T11:39:05.000Z,st_petersburg,2016-12-16T00:00:00.000Z,51,Tug,St. Petersburg,1
59.88227,30.19493,0,0,88,7,SPB,RU,141,0,KAPITAN SOROKIN,3,345312,31,43,28,5138,39,1,2016-12-16T11:41:03.000Z,st_petersburg,2016-12-16T00:00:00.000Z,51,Tug,St. Petersburg,1
59.88227,30.19493,0,0,88,5,SPB,RU,141,0,KAPITAN SOROKIN,3,345312,31,43,28,5138,39,1,2016-12-16T11:41:04.000Z,st_petersburg,2016-12-16T00:00:00.000Z,51,Tug,St. Petersburg,1
59.88227,30.19493,0,0,88,9,SPB,RU,141,0,KAPITAN SOROKIN,3,345312,31,43,28,5138,39,1,2016-12-16T11:43:03.000Z,st_petersburg,2016-12-16T00:00:00.000Z,51,Tug,St. Petersburg,1
59.88227,30.19493,0,0,88,9,SPB,RU,141,0,KAPITAN SOROKIN,3,345312,31,43,28,5138,39,1,2016-12-16T11:43:04.000Z,st_petersburg,2016-12-16T00:00:00.000Z,51,Tug,St. Petersburg,1
59.88226,30.19494,0,0,88,3,SPB,RU,141,0,KAPITAN SOROKIN,3,345312,31,43,28,5138,39,1,2016-12-16T11:45:04.000Z,st_petersburg,2016-12-16T00:00:00.000Z,51,Tug,St. Petersburg,1
59.88226,30.19494,0,0,88,3,SPB,RU,141,0,KAPITAN SOROKIN,3,345312,31,43,28,5138,39,1,2016-12-16T11:45:04.000Z,st_petersburg,2016-12-16T00:00:00.000Z,51,Tug,St. Petersburg,1
59.88226,30.19494,0,0,88,5,SPB,RU,141,0,KAPITAN SOROKIN,3,345312,31,43,28,5138,39,1,2016-12-16T11:47:03.000Z,st_petersburg,2016-12-16T00:00:00.000Z,51,Tug,St. Petersburg,1
59.88226,30.19494,0,0,88,5,SPB,RU,141,0,KAPITAN SOROKIN,3,345312,31,43,28,5138,39,1,2016-12-16T11:47:04.000Z,st_petersburg,2016-12-16T00:00:00.000Z,51,Tug,St. Petersburg,1
59.88226,30.19494,0,0,88,7,SPB,RU,141,0,KAPITAN SOROKIN,3,345312,31,43,28,5138,39,1,2016-12-16T11:49:03.000Z,st_petersburg,2016-12-16T00:00:00.000Z,51,Tug,St. Petersburg,1
59.88226,30.19494,0,0,88,7,SPB,RU,141,0,KAPITAN SOROKIN,3,345312,31,43,28,5138,39,1,2016-12-16T11:49:04.000Z,st_petersburg,2016-12-16T00:00:00.000Z,51,Tug,St. Petersburg,1
59.88226,30.19494,0,0,88,9,SPB,RU,141,0,KAPITAN SOROKIN,3,345312,31,43,28,5138,39,1,2016-12-16T11:51:04.000Z,st_petersburg,2016-12-16T00:00:00.000Z,51,Tug,St. Petersburg,1
59.88226,30.19494,0,0,88,7,SPB,RU,141,0,KAPITAN SOROKIN,3,345312,31,43,28,5138,39,1,2016-12-16T11:51:04.000Z,st_petersburg,2016-12-16T00:00:00.000Z,51,Tug,St. Petersburg,1
59.88222,30.19493,0,0,88,3,SPB,RU,141,0,KAPITAN SOROKIN,3,345312,31,43,28,5138,39,1,2016-12-16T11:53:03.000Z,st_petersburg,2016-12-16T00:00:00.000Z,51,Tug,St. Petersburg,1
59.88222,30.19493,0,0,88,3,SPB,RU,141,0,KAPITAN SOROKIN,3,345312,31,43,28,5138,39,1,2016-12-16T11:53:04.000Z,st_petersburg,2016-12-16T00:00:00.000Z,51,Tug,St. Petersburg,1
59.88226,30.19497,0,0,88,2,SPB,RU,141,0,KAPITAN SOROKIN,3,345312,31,43,28,5138,39,1,2016-12-16T11:55:04.000Z,st_petersburg,2016-12-16T00:00:00.000Z,51,Tug,St. Petersburg,1
59.88226,30.19497,0,0,88,2,SPB,RU,141,0,KAPITAN SOROKIN,3,345312,31,43,28,5138,39,1,2016-12-16T11:55:06.000Z,st_petersburg,2016-12-16T00:00:00.000Z,51,Tug,St. Petersburg,1
59.88226,30.19497,0,0,88,4,SPB,RU,141,0,KAPITAN SOROKIN,3,345312,31,43,28,5138,39,1,2016-12-16T11:57:03.000Z,st_petersburg,2016-12-16T00:00:00.000Z,51,Tug,St. Petersburg,1
59.88226,30.19497,0,0,88,4,SPB,RU,141,0,KAPITAN SOROKIN,3,345312,31,43,28,5138,39,1,2016-12-16T11:57:04.000Z,st_petersburg,2016-12-16T00:00:00.000Z,51,Tug,St. Petersburg,1
59.88223,30.19492,0,0,88,3,SPB,RU,141,0,KAPITAN SOROKIN,3,345312,31,43,28,5138,39,1,2016-12-16T11:59:04.000Z,st_petersburg,2016-12-16T00:00:00.000Z,51,Tug,St. Petersburg,1
59.88223,30.19492,0,0,88,3,SPB,RU,141,0,KAPITAN SOROKIN,3,345312,31,43,28,5138,39,1,2016-12-16T11:59:05.000Z,st_petersburg,2016-12-16T00:00:00.000Z,51,Tug,St. Petersburg,1
59.88226,30.19491,0,0,88,2,SPB,RU,141,0,KAPITAN SOROKIN,3,345312,31,43,28,5138,39,1,2016-12-16T12:01:12.000Z,st_petersburg,2016-12-16T00:00:00.000Z,51,Tug,St. Petersburg,1
59.88223,30.19492,0,0,88,4,SPB,RU,141,0,KAPITAN SOROKIN,3,345312,31,43,28,5138,39,1,2016-12-16T12:01:13.000Z,st_petersburg,2016-12-16T00:00:00.000Z,51,Tug,St. Petersburg,1
59.88226,30.19491,0,0,88,4,SPB,RU,141,0,KAPITAN SOROKIN,3,345312,31,43,28,5138,39,1,2016-12-16T12:03:03.000Z,st_petersburg,2016-12-16T00:00:00.000Z,51,Tug,St. Petersburg,1
59.88226,30.19491,0,0,88,4,SPB,RU,141,0,KAPITAN SOROKIN,3,345312,31,43,28,5138,39,1,2016-12-16T12:03:04.000Z,st_petersburg,2016-12-16T00:00:00.000Z,51,Tug,St. Petersburg,1
59.88227,30.19497,0,0,88,3,SPB,RU,141,0,KAPITAN SOROKIN,3,345312,31,43,28,5138,39,1,2016-12-16T12:05:04.000Z,st_petersburg,2016-12-16T00:00:00.000Z,51,Tug,St. Petersburg,1
59.88227,30.19497,0,0,88,3,SPB,RU,141,0,KAPITAN SOROKIN,3,345312,31,43,28,5138,39,1,2016-12-16T12:05:04.000Z,st_petersburg,2016-12-16T00:00:00.000Z,51,Tug,St. Petersburg,1
59.88228,30.19496,0,0,88,2,SPB,RU,141,0,KAPITAN SOROKIN,3,345312,31,43,28,5138,39,1,2016-12-16T12:07:03.000Z,st_petersburg,2016-12-16T00:00:00.000Z,51,Tug,St. Petersburg,1
59.88228,30.19496,0,0,88,2,SPB,RU,141,0,KAPITAN SOROKIN,3,345312,31,43,28,5138,39,1,2016-12-16T12:07:04.000Z,st_petersburg,2016-12-16T00:00:00.000Z,51,Tug,St. Petersburg,1
59.88228,30.19496,0,0,88,4,SPB,RU,141,0,KAPITAN SOROKIN,3,345312,31,43,28,5138,39,1,2016-12-16T12:09:04.000Z,st_petersburg,2016-12-16T00:00:00.000Z,51,Tug,St. Petersburg,1
59.88228,30.19496,0,0,88,4,SPB,RU,141,0,KAPITAN SOROKIN,3,345312,31,43,28,5138,39,1,2016-12-16T12:09:05.000Z,st_petersburg,2016-12-16T00:00:00.000Z,51,Tug,St. Petersburg,1
59.88228,30.19496,0,0,88,6,SPB,RU,141,0,KAPITAN SOROKIN,3,345312,31,43,28,5138,39,1,2016-12-16T12:11:04.000Z,st_petersburg,2016-12-16T00:00:00.000Z,51,Tug,St. Petersburg,1
59.88228,30.19496,0,0,88,5,SPB,RU,141,0,KAPITAN SOROKIN,3,345312,31,43,28,5138,39,1,2016-12-16T12:11:05.000Z,st_petersburg,2016-12-16T00:00:00.000Z,51,Tug,St. Petersburg,1
59.88228,30.19496,0,0,88,8,SPB,RU,141,0,KAPITAN SOROKIN,3,345312,31,43,28,5138,39,1,2016-12-16T12:13:04.000Z,st_petersburg,2016-12-16T00:00:00.000Z,51,Tug,St. Petersburg,1
59.88228,30.19496,0,0,88,8,SPB,RU,141,0,KAPITAN SOROKIN,3,345312,31,43,28,5138,39,1,2016-12-16T12:13:05.000Z,st_petersburg,2016-12-16T00:00:00.000Z,51,Tug,St. Petersburg,1
59.88225,30.19495,0,0,88,2,SPB,RU,141,0,KAPITAN SOROKIN,3,345312,31,43,28,5138,39,1,2016-12-16T12:15:04.000Z,st_petersburg,2016-12-16T00:00:00.000Z,51,Tug,St. Petersburg,1
59.88225,30.19495,0,0,88,2,SPB,RU,141,0,KAPITAN SOROKIN,3,345312,31,43,28,5138,39,1,2016-12-16T12:15:05.000Z,st_petersburg,2016-12-16T00:00:00.000Z,51,Tug,St. Petersburg,1
59.88225,30.19495,0,0,88,4,SPB,RU,141,0,KAPITAN SOROKIN,3,345312,31,43,28,5138,39,1,2016-12-16T12:17:04.000Z,st_petersburg,2016-12-16T00:00:00.000Z,51,Tug,St. Petersburg,1
59.88225,30.19495,0,0,88,4,SPB,RU,141,0,KAPITAN SOROKIN,3,345312,31,43,28,5138,39,1,2016-12-16T12:17:05.000Z,st_petersburg,2016-12-16T00:00:00.000Z,51,Tug,St. Petersburg,1
59.88223,30.19492,0,0,88,3,SPB,RU,141,0,KAPITAN SOROKIN,3,345312,31,43,28,5138,39,1,2016-12-16T12:19:03.000Z,st_petersburg,2016-12-16T00:00:00.000Z,51,Tug,St. Petersburg,1
59.88223,30.19492,0,0,88,3,SPB,RU,141,0,KAPITAN SOROKIN,3,345312,31,43,28,5138,39,1,2016-12-16T12:19:04.000Z,st_petersburg,2016-12-16T00:00:00.000Z,51,Tug,St. Petersburg,1
59.88223,30.19492,0,0,88,5,SPB,RU,141,0,KAPITAN SOROKIN,3,345312,31,43,28,5138,39,1,2016-12-16T12:21:03.000Z,st_petersburg,2016-12-16T00:00:00.000Z,51,Tug,St. Petersburg,1
59.88223,30.19492,0,0,88,5,SPB,RU,141,0,KAPITAN SOROKIN,3,345312,31,43,28,5138,39,1,2016-12-16T12:21:04.000Z,st_petersburg,2016-12-16T00:00:00.000Z,51,Tug,St. Petersburg,1
59.88229,30.19495,0,0,88,3,SPB,RU,141,0,KAPITAN SOROKIN,3,345312,31,43,28,5138,39,1,2016-12-16T12:23:04.000Z,st_petersburg,2016-12-16T00:00:00.000Z,51,Tug,St. Petersburg,1
59.88229,30.19495,0,0,88,3,SPB,RU,141,0,KAPITAN SOROKIN,3,345312,31,43,28,5138,39,1,2016-12-16T12:23:05.000Z,st_petersburg,2016-12-16T00:00:00.000Z,51,Tug,St. Petersburg,1
59.88228,30.19499,0,0,88,2,SPB,RU,141,0,KAPITAN SOROKIN,3,345312,31,43,28,5138,39,1,2016-12-16T12:25:04.000Z,st_petersburg,2016-12-16T00:00:00.000Z,51,Tug,St. Petersburg,1
59.88229,30.19495,0,0,88,3,SPB,RU,141,0,KAPITAN SOROKIN,3,345312,31,43,28,5138,39,1,2016-12-16T12:25:05.000Z,st_petersburg,2016-12-16T00:00:00.000Z,51,Tug,St. Petersburg,1
59.88228,30.19499,0,0,88,4,SPB,RU,141,0,KAPITAN SOROKIN,3,345312,31,43,28,5138,39,1,2016-12-16T12:27:04.000Z,st_petersburg,2016-12-16T00:00:00.000Z,51,Tug,St. Petersburg,1
59.88228,30.19499,0,0,88,4,SPB,RU,141,0,KAPITAN SOROKIN,3,345312,31,43,28,5138,39,1,2016-12-16T12:27:05.000Z,st_petersburg,2016-12-16T00:00:00.000Z,51,Tug,St. Petersburg,1
59.88227,30.19493,0,0,88,3,SPB,RU,141,0,KAPITAN SOROKIN,3,345312,31,43,28,5138,39,1,2016-12-16T12:29:04.000Z,st_petersburg,2016-12-16T00:00:00.000Z,51,Tug,St. Petersburg,1
59.88227,30.19493,0,0,88,3,SPB,RU,141,0,KAPITAN SOROKIN,3,345312,31,43,28,5138,39,1,2016-12-16T12:29:05.000Z,st_petersburg,2016-12-16T00:00:00.000Z,51,Tug,St. Petersburg,1
59.88227,30.19493,0,0,88,4,SPB,RU,141,0,KAPITAN SOROKIN,3,345312,31,43,28,5138,39,1,2016-12-16T12:31:04.000Z,st_petersburg,2016-12-16T00:00:00.000Z,51,Tug,St. Petersburg,1
59.88228,30.19497,0,0,88,2,SPB,RU,141,0,KAPITAN SOROKIN,3,345312,31,43,28,5138,39,1,2016-12-16T12:31:05.000Z,st_petersburg,2016-12-16T00:00:00.000Z,51,Tug,St. Petersburg,1
59.88228,30.19497,0,0,88,4,SPB,RU,141,0,KAPITAN SOROKIN,3,345312,31,43,28,5138,39,1,2016-12-16T12:33:03.000Z,st_petersburg,2016-12-16T00:00:00.000Z,51,Tug,St. Petersburg,1
59.88228,30.19497,0,0,88,4,SPB,RU,141,0,KAPITAN SOROKIN,3,345312,31,43,28,5138,39,1,2016-12-16T12:33:04.000Z,st_petersburg,2016-12-16T00:00:00.000Z,51,Tug,St. Petersburg,1
59.88228,30.19497,0,0,88,6,SPB,RU,141,0,KAPITAN SOROKIN,3,345312,31,43,28,5138,39,1,2016-12-16T12:35:04.000Z,st_petersburg,2016-12-16T00:00:00.000Z,51,Tug,St. Petersburg,1
59.88228,30.19497,0,0,88,6,SPB,RU,141,0,KAPITAN SOROKIN,3,345312,31,43,28,5138,39,1,2016-12-16T12:35:08.000Z,st_petersburg,2016-12-16T00:00:00.000Z,51,Tug,St. Petersburg,1
59.88228,30.19497,0,0,88,8,SPB,RU,141,0,KAPITAN SOROKIN,3,345312,31,43,28,5138,39,1,2016-12-16T12:37:03.000Z,st_petersburg,2016-12-16T00:00:00.000Z,51,Tug,St. Petersburg,1
59.88228,30.19497,0,0,88,8,SPB,RU,141,0,KAPITAN SOROKIN,3,345312,31,43,28,5138,39,1,2016-12-16T12:37:04.000Z,st_petersburg,2016-12-16T00:00:00.000Z,51,Tug,St. Petersburg,1
59.88226,30.19494,0,0,88,2,SPB,RU,141,0,KAPITAN SOROKIN,3,345312,31,43,28,5138,39,1,2016-12-16T12:39:03.000Z,st_petersburg,2016-12-16T00:00:00.000Z,51,Tug,St. Petersburg,1
59.88226,30.19494,0,0,88,2,SPB,RU,141,0,KAPITAN SOROKIN,3,345312,31,43,28,5138,39,1,2016-12-16T12:39:04.000Z,st_petersburg,2016-12-16T00:00:00.000Z,51,Tug,St. Petersburg,1
59.88226,30.19494,0,0,88,4,SPB,RU,141,0,KAPITAN SOROKIN,3,345312,31,43,28,5138,39,1,2016-12-16T12:41:03.000Z,st_petersburg,2016-12-16T00:00:00.000Z,51,Tug,St. Petersburg,1
59.88226,30.19494,0,0,88,4,SPB,RU,141,0,KAPITAN SOROKIN,3,345312,31,43,28,5138,39,1,2016-12-16T12:41:04.000Z,st_petersburg,2016-12-16T00:00:00.000Z,51,Tug,St. Petersburg,1
59.88226,30.19494,0,0,88,6,SPB,RU,141,0,KAPITAN SOROKIN,3,345312,31,43,28,5138,39,1,2016-12-16T12:43:03.000Z,st_petersburg,2016-12-16T00:00:00.000Z,51,Tug,St. Petersburg,1
59.88226,30.19494,0,0,88,5,SPB,RU,141,0,KAPITAN SOROKIN,3,345312,31,43,28,5138,39,1,2016-12-16T12:43:04.000Z,st_petersburg,2016-12-16T00:00:00.000Z,51,Tug,St. Petersburg,1
59.88226,30.19494,0,0,88,8,SPB,RU,141,0,KAPITAN SOROKIN,3,345312,31,43,28,5138,39,1,2016-12-16T12:45:04.000Z,st_petersburg,2016-12-16T00:00:00.000Z,51,Tug,St. Petersburg,1
59.88226,30.19494,0,0,88,8,SPB,RU,141,0,KAPITAN SOROKIN,3,345312,31,43,28,5138,39,1,2016-12-16T12:45:05.000Z,st_petersburg,2016-12-16T00:00:00.000Z,51,Tug,St. Petersburg,1
59.88226,30.19495,0,0,88,2,SPB,RU,141,0,KAPITAN SOROKIN,3,345312,31,43,28,5138,39,1,2016-12-16T12:47:03.000Z,st_petersburg,2016-12-16T00:00:00.000Z,51,Tug,St. Petersburg,1
59.88226,30.19495,0,0,88,1,SPB,RU,141,0,KAPITAN SOROKIN,3,345312,31,43,28,5138,39,1,2016-12-16T12:47:04.000Z,st_petersburg,2016-12-16T00:00:00.000Z,51,Tug,St. Petersburg,1
59.88226,30.19495,0,0,88,4,SPB,RU,141,0,KAPITAN SOROKIN,3,345312,31,43,28,5138,39,1,2016-12-16T12:49:04.000Z,st_petersburg,2016-12-16T00:00:00.000Z,51,Tug,St. Petersburg,1
59.88226,30.19495,0,0,88,4,SPB,RU,141,0,KAPITAN SOROKIN,3,345312,31,43,28,5138,39,1,2016-12-16T12:49:05.000Z,st_petersburg,2016-12-16T00:00:00.000Z,51,Tug,St. Petersburg,1
59.88226,30.19495,0,0,88,6,SPB,RU,141,0,KAPITAN SOROKIN,3,345312,31,43,28,5138,39,1,2016-12-16T12:51:03.000Z,st_petersburg,2016-12-16T00:00:00.000Z,51,Tug,St. Petersburg,1
59.88226,30.19495,0,0,88,6,SPB,RU,141,0,KAPITAN SOROKIN,3,345312,31,43,28,5138,39,1,2016-12-16T12:51:04.000Z,st_petersburg,2016-12-16T00:00:00.000Z,51,Tug,St. Petersburg,1
59.88226,30.19495,0,0,88,8,SPB,RU,141,0,KAPITAN SOROKIN,3,345312,31,43,28,5138,39,1,2016-12-16T12:53:03.000Z,st_petersburg,2016-12-16T00:00:00.000Z,51,Tug,St. Petersburg,1
59.88226,30.19495,0,0,88,8,SPB,RU,141,0,KAPITAN SOROKIN,3,345312,31,43,28,5138,39,1,2016-12-16T12:53:04.000Z,st_petersburg,2016-12-16T00:00:00.000Z,51,Tug,St. Petersburg,1
59.88226,30.19495,0,0,88,10,SPB,RU,141,0,KAPITAN SOROKIN,3,345312,31,43,28,5138,39,1,2016-12-16T12:55:03.000Z,st_petersburg,2016-12-16T00:00:00.000Z,51,Tug,St. Petersburg,1
59.88226,30.19495,0,0,88,9,SPB,RU,141,0,KAPITAN SOROKIN,3,345312,31,43,28,5138,39,1,2016-12-16T12:55:04.000Z,st_petersburg,2016-12-16T00:00:00.000Z,51,Tug,St. Petersburg,1
59.88225,30.19494,0,0,88,4,SPB,RU,141,0,KAPITAN SOROKIN,3,345312,31,43,28,5138,39,1,2016-12-16T12:57:03.000Z,st_petersburg,2016-12-16T00:00:00.000Z,51,Tug,St. Petersburg,1
59.88225,30.19494,0,0,88,4,SPB,RU,141,0,KAPITAN SOROKIN,3,345312,31,43,28,5138,39,1,2016-12-16T12:57:04.000Z,st_petersburg,2016-12-16T00:00:00.000Z,51,Tug,St. Petersburg,1
59.88224,30.195,0,0,88,3,SPB,RU,141,0,KAPITAN SOROKIN,3,345312,31,43,28,5138,39,1,2016-12-16T12:59:04.000Z,st_petersburg,2016-12-16T00:00:00.000Z,51,Tug,St. Petersburg,1
59.88224,30.195,0,0,88,3,SPB,RU,141,0,KAPITAN SOROKIN,3,345312,31,43,28,5138,39,1,2016-12-16T12:59:05.000Z,st_petersburg,2016-12-16T00:00:00.000Z,51,Tug,St. Petersburg,1
59.88224,30.195,0,0,88,4,SPB,RU,141,0,KAPITAN SOROKIN,3,345312,31,43,28,5138,39,1,2016-12-16T13:01:03.000Z,st_petersburg,2016-12-16T00:00:00.000Z,51,Tug,St. Petersburg,1
59.88223,30.19495,0,0,88,1,SPB,RU,141,0,KAPITAN SOROKIN,3,345312,31,43,28,5138,39,1,2016-12-16T13:01:04.000Z,st_petersburg,2016-12-16T00:00:00.000Z,51,Tug,St. Petersburg,1
59.88223,30.19495,0,0,88,4,SPB,RU,141,0,KAPITAN SOROKIN,3,345312,31,43,28,5138,39,1,2016-12-16T13:03:03.000Z,st_petersburg,2016-12-16T00:00:00.000Z,51,Tug,St. Petersburg,1
59.88223,30.19495,0,0,88,3,SPB,RU,141,0,KAPITAN SOROKIN,3,345312,31,43,28,5138,39,1,2016-12-16T13:03:04.000Z,st_petersburg,2016-12-16T00:00:00.000Z,51,Tug,St. Petersburg,1
59.88227,30.19493,0,0,88,3,SPB,RU,141,0,KAPITAN SOROKIN,3,345312,31,43,28,5138,39,1,2016-12-16T13:05:03.000Z,st_petersburg,2016-12-16T00:00:00.000Z,51,Tug,St. Petersburg,1
59.88227,30.19493,0,0,88,3,SPB,RU,141,0,KAPITAN SOROKIN,3,345312,31,43,28,5138,39,1,2016-12-16T13:05:04.000Z,st_petersburg,2016-12-16T00:00:00.000Z,51,Tug,St. Petersburg,1
59.88227,30.19493,0,0,88,5,SPB,RU,141,0,KAPITAN SOROKIN,3,345312,31,43,28,5138,39,1,2016-12-16T13:07:04.000Z,st_petersburg,2016-12-16T00:00:00.000Z,51,Tug,St. Petersburg,1
59.88227,30.19493,0,0,88,5,SPB,RU,141,0,KAPITAN SOROKIN,3,345312,31,43,28,5138,39,1,2016-12-16T13:07:05.000Z,st_petersburg,2016-12-16T00:00:00.000Z,51,Tug,St. Petersburg,1
59.88227,30.19493,0,0,88,7,SPB,RU,141,0,KAPITAN SOROKIN,3,345312,31,43,28,5138,39,1,2016-12-16T13:09:04.000Z,st_petersburg,2016-12-16T00:00:00.000Z,51,Tug,St. Petersburg,1
59.88227,30.19493,0,0,88,7,SPB,RU,141,0,KAPITAN SOROKIN,3,345312,31,43,28,5138,39,1,2016-12-16T13:09:05.000Z,st_petersburg,2016-12-16T00:00:00.000Z,51,Tug,St. Petersburg,1
59.88227,30.19493,0,0,88,7,SPB,RU,141,0,KAPITAN SOROKIN,3,345312,31,43,28,5138,39,1,2016-12-16T13:11:03.000Z,st_petersburg,2016-12-16T00:00:00.000Z,51,Tug,St. Petersburg,1
59.88227,30.19493,0,0,88,8,SPB,RU,141,0,KAPITAN SOROKIN,3,345312,31,43,28,5138,39,1,2016-12-16T13:11:04.000Z,st_petersburg,2016-12-16T00:00:00.000Z,51,Tug,St. Petersburg,1
59.88223,30.19496,0,0,88,3,SPB,RU,141,0,KAPITAN SOROKIN,3,345312,31,43,28,5138,39,1,2016-12-16T13:13:04.000Z,st_petersburg,2016-12-16T00:00:00.000Z,51,Tug,St. Petersburg,1
59.88227,30.19493,0,0,88,9,SPB,RU,141,0,KAPITAN SOROKIN,3,345312,31,43,28,5138,39,1,2016-12-16T13:13:04.000Z,st_petersburg,2016-12-16T00:00:00.000Z,51,Tug,St. Petersburg,1
59.88223,30.19496,0,0,88,5,SPB,RU,141,0,KAPITAN SOROKIN,3,345312,31,43,28,5138,39,1,2016-12-16T13:15:04.000Z,st_petersburg,2016-12-16T00:00:00.000Z,51,Tug,St. Petersburg,1
59.88223,30.19496,0,0,88,4,SPB,RU,141,0,KAPITAN SOROKIN,3,345312,31,43,28,5138,39,1,2016-12-16T13:15:05.000Z,st_petersburg,2016-12-16T00:00:00.000Z,51,Tug,St. Petersburg,1
59.88223,30.19496,0,0,88,7,SPB,RU,141,0,KAPITAN SOROKIN,3,345312,31,43,28,5138,39,1,2016-12-16T13:17:03.000Z,st_petersburg,2016-12-16T00:00:00.000Z,51,Tug,St. Petersburg,1
59.88223,30.19496,0,0,88,7,SPB,RU,141,0,KAPITAN SOROKIN,3,345312,31,43,28,5138,39,1,2016-12-16T13:17:04.000Z,st_petersburg,2016-12-16T00:00:00.000Z,51,Tug,St. Petersburg,1
59.88223,30.19496,0,0,88,9,SPB,RU,141,0,KAPITAN SOROKIN,3,345312,31,43,28,5138,39,1,2016-12-16T13:19:03.000Z,st_petersburg,2016-12-16T00:00:00.000Z,51,Tug,St. Petersburg,1
59.88223,30.19496,0,0,88,9,SPB,RU,141,0,KAPITAN SOROKIN,3,345312,31,43,28,5138,39,1,2016-12-16T13:19:04.000Z,st_petersburg,2016-12-16T00:00:00.000Z,51,Tug,St. Petersburg,1
59.88225,30.19495,0,0,88,3,SPB,RU,141,0,KAPITAN SOROKIN,3,345312,31,43,28,5138,39,1,2016-12-16T13:21:04.000Z,st_petersburg,2016-12-16T00:00:00.000Z,51,Tug,St. Petersburg,1
59.88225,30.19495,0,0,88,2,SPB,RU,141,0,KAPITAN SOROKIN,3,345312,31,43,28,5138,39,1,2016-12-16T13:21:05.000Z,st_petersburg,2016-12-16T00:00:00.000Z,51,Tug,St. Petersburg,1
59.88225,30.19495,0,0,88,5,SPB,RU,141,0,KAPITAN SOROKIN,3,345312,31,43,28,5138,39,1,2016-12-16T13:23:03.000Z,st_petersburg,2016-12-16T00:00:00.000Z,51,Tug,St. Petersburg,1
59.88225,30.19495,0,0,88,3,SPB,RU,141,0,KAPITAN SOROKIN,3,345312,31,43,28,5138,39,1,2016-12-16T13:23:04.000Z,st_petersburg,2016-12-16T00:00:00.000Z,51,Tug,St. Petersburg,1
59.88225,30.19495,0,0,88,7,SPB,RU,141,0,KAPITAN SOROKIN,3,345312,31,43,28,5138,39,1,2016-12-16T13:25:04.000Z,st_petersburg,2016-12-16T00:00:00.000Z,51,Tug,St. Petersburg,1
59.88225,30.19495,0,0,88,7,SPB,RU,141,0,KAPITAN SOROKIN,3,345312,31,43,28,5138,39,1,2016-12-16T13:25:05.000Z,st_petersburg,2016-12-16T00:00:00.000Z,51,Tug,St. Petersburg,1
59.88225,30.19495,0,0,88,9,SPB,RU,141,0,KAPITAN SOROKIN,3,345312,31,43,28,5138,39,1,2016-12-16T13:27:04.000Z,st_petersburg,2016-12-16T00:00:00.000Z,51,Tug,St. Petersburg,1
59.88225,30.19495,0,0,88,9,SPB,RU,141,0,KAPITAN SOROKIN,3,345312,31,43,28,5138,39,1,2016-12-16T13:27:05.000Z,st_petersburg,2016-12-16T00:00:00.000Z,51,Tug,St. Petersburg,1
59.88225,30.19495,0,0,88,9,SPB,RU,141,0,KAPITAN SOROKIN,3,345312,31,43,28,5138,39,1,2016-12-16T13:29:03.000Z,st_petersburg,2016-12-16T00:00:00.000Z,51,Tug,St. Petersburg,1
59.88225,30.19496,0,0,88,3,SPB,RU,141,0,KAPITAN SOROKIN,3,345312,31,43,28,5138,39,1,2016-12-16T13:29:05.000Z,st_petersburg,2016-12-16T00:00:00.000Z,51,Tug,St. Petersburg,1
59.88225,30.19496,0,0,88,5,SPB,RU,141,0,KAPITAN SOROKIN,3,345312,31,43,28,5138,39,1,2016-12-16T13:31:03.000Z,st_petersburg,2016-12-16T00:00:00.000Z,51,Tug,St. Petersburg,1
59.88225,30.19496,0,0,88,5,SPB,RU,141,0,KAPITAN SOROKIN,3,345312,31,43,28,5138,39,1,2016-12-16T13:31:04.000Z,st_petersburg,2016-12-16T00:00:00.000Z,51,Tug,St. Petersburg,1
59.88225,30.19496,0,0,88,7,SPB,RU,141,0,KAPITAN SOROKIN,3,345312,31,43,28,5138,39,1,2016-12-16T13:33:03.000Z,st_petersburg,2016-12-16T00:00:00.000Z,51,Tug,St. Petersburg,1
59.88225,30.19496,0,0,88,7,SPB,RU,141,0,KAPITAN SOROKIN,3,345312,31,43,28,5138,39,1,2016-12-16T13:33:04.000Z,st_petersburg,2016-12-16T00:00:00.000Z,51,Tug,St. Petersburg,1
59.88225,30.19496,0,0,88,9,SPB,RU,141,0,KAPITAN SOROKIN,3,345312,31,43,28,5138,39,1,2016-12-16T13:35:04.000Z,st_petersburg,2016-12-16T00:00:00.000Z,51,Tug,St. Petersburg,1
59.88225,30.19496,0,0,88,9,SPB,RU,141,0,KAPITAN SOROKIN,3,345312,31,43,28,5138,39,1,2016-12-16T13:35:05.000Z,st_petersburg,2016-12-16T00:00:00.000Z,51,Tug,St. Petersburg,1
59.88227,30.19496,0,0,88,3,SPB,RU,141,0,KAPITAN SOROKIN,3,345312,31,43,28,5138,39,1,2016-12-16T13:37:03.000Z,st_petersburg,2016-12-16T00:00:00.000Z,51,Tug,St. Petersburg,1
59.88227,30.19496,0,0,88,3,SPB,RU,141,0,KAPITAN SOROKIN,3,345312,31,43,28,5138,39,1,2016-12-16T13:37:04.000Z,st_petersburg,2016-12-16T00:00:00.000Z,51,Tug,St. Petersburg,1
59.88227,30.19494,0,0,88,2,SPB,RU,141,0,KAPITAN SOROKIN,3,345312,31,43,28,5138,39,1,2016-12-16T13:39:04.000Z,st_petersburg,2016-12-16T00:00:00.000Z,51,Tug,St. Petersburg,1
59.88227,30.19494,0,0,88,2,SPB,RU,141,0,KAPITAN SOROKIN,3,345312,31,43,28,5138,39,1,2016-12-16T13:39:05.000Z,st_petersburg,2016-12-16T00:00:00.000Z,51,Tug,St. Petersburg,1
59.88227,30.19494,0,0,88,4,SPB,RU,141,0,KAPITAN SOROKIN,3,345312,31,43,28,5138,39,1,2016-12-16T13:41:04.000Z,st_petersburg,2016-12-16T00:00:00.000Z,51,Tug,St. Petersburg,1
59.88227,30.19494,0,0,88,2,SPB,RU,141,0,KAPITAN SOROKIN,3,345312,31,43,28,5138,39,1,2016-12-16T13:41:04.000Z,st_petersburg,2016-12-16T00:00:00.000Z,51,Tug,St. Petersburg,1
59.88225,30.19494,0,0,88,3,SPB,RU,141,0,KAPITAN SOROKIN,3,345312,31,43,28,5138,39,1,2016-12-16T13:43:04.000Z,st_petersburg,2016-12-16T00:00:00.000Z,51,Tug,St. Petersburg,1
59.88225,30.19494,0,0,88,3,SPB,RU,141,0,KAPITAN SOROKIN,3,345312,31,43,28,5138,39,1,2016-12-16T13:43:06.000Z,st_petersburg,2016-12-16T00:00:00.000Z,51,Tug,St. Petersburg,1
59.88227,30.19491,0,0,88,2,SPB,RU,141,0,KAPITAN SOROKIN,3,345312,31,43,28,5138,39,1,2016-12-16T13:45:03.000Z,st_petersburg,2016-12-16T00:00:00.000Z,51,Tug,St. Petersburg,1
59.88227,30.19491,0,0,88,2,SPB,RU,141,0,KAPITAN SOROKIN,3,345312,31,43,28,5138,39,1,2016-12-16T13:45:04.000Z,st_petersburg,2016-12-16T00:00:00.000Z,51,Tug,St. Petersburg,1
59.88227,30.19491,0,0,88,4,SPB,RU,141,0,KAPITAN SOROKIN,3,345312,31,43,28,5138,39,1,2016-12-16T13:47:04.000Z,st_petersburg,2016-12-16T00:00:00.000Z,51,Tug,St. Petersburg,1
59.88227,30.19491,0,0,88,3,SPB,RU,141,0,KAPITAN SOROKIN,3,345312,31,43,28,5138,39,1,2016-12-16T13:47:04.000Z,st_petersburg,2016-12-16T00:00:00.000Z,51,Tug,St. Petersburg,1
59.88227,30.19491,0,0,88,6,SPB,RU,141,0,KAPITAN SOROKIN,3,345312,31,43,28,5138,39,1,2016-12-16T13:49:03.000Z,st_petersburg,2016-12-16T00:00:00.000Z,51,Tug,St. Petersburg,1
59.88227,30.19491,0,0,88,6,SPB,RU,141,0,KAPITAN SOROKIN,3,345312,31,43,28,5138,39,1,2016-12-16T13:49:04.000Z,st_petersburg,2016-12-16T00:00:00.000Z,51,Tug,St. Petersburg,1
59.88227,30.19491,0,0,88,8,SPB,RU,141,0,KAPITAN SOROKIN,3,345312,31,43,28,5138,39,1,2016-12-16T13:51:03.000Z,st_petersburg,2016-12-16T00:00:00.000Z,51,Tug,St. Petersburg,1
59.88227,30.19491,0,0,88,8,SPB,RU,141,0,KAPITAN SOROKIN,3,345312,31,43,28,5138,39,1,2016-12-16T13:51:04.000Z,st_petersburg,2016-12-16T00:00:00.000Z,51,Tug,St. Petersburg,1
59.88222,30.19497,0,0,88,2,SPB,RU,141,0,KAPITAN SOROKIN,3,345312,31,43,28,5138,39,1,2016-12-16T13:53:04.000Z,st_petersburg,2016-12-16T00:00:00.000Z,51,Tug,St. Petersburg,1
59.88227,30.19491,0,0,88,8,SPB,RU,141,0,KAPITAN SOROKIN,3,345312,31,43,28,5138,39,1,2016-12-16T13:53:05.000Z,st_petersburg,2016-12-16T00:00:00.000Z,51,Tug,St. Petersburg,1
59.88222,30.19497,0,0,88,4,SPB,RU,141,0,KAPITAN SOROKIN,3,345312,31,43,28,5138,39,1,2016-12-16T13:55:03.000Z,st_petersburg,2016-12-16T00:00:00.000Z,51,Tug,St. Petersburg,1
59.88222,30.19497,0,0,88,3,SPB,RU,141,0,KAPITAN SOROKIN,3,345312,31,43,28,5138,39,1,2016-12-16T13:55:04.000Z,st_petersburg,2016-12-16T00:00:00.000Z,51,Tug,St. Petersburg,1
59.88222,30.19497,0,0,88,5,SPB,RU,141,0,KAPITAN SOROKIN,3,345312,31,43,28,5138,39,1,2016-12-16T13:57:03.000Z,st_petersburg,2016-12-16T00:00:00.000Z,51,Tug,St. Petersburg,1
59.88222,30.19497,0,0,88,6,SPB,RU,141,0,KAPITAN SOROKIN,3,345312,31,43,28,5138,39,1,2016-12-16T13:57:04.000Z,st_petersburg,2016-12-16T00:00:00.000Z,51,Tug,St. Petersburg,1
59.88222,30.19497,0,0,88,8,SPB,RU,141,0,KAPITAN SOROKIN,3,345312,31,43,28,5138,39,1,2016-12-16T13:59:06.000Z,st_petersburg,2016-12-16T00:00:00.000Z,51,Tug,St. Petersburg,1
59.88222,30.19497,0,0,88,8,SPB,RU,141,0,KAPITAN SOROKIN,3,345312,31,43,28,5138,39,1,2016-12-16T13:59:08.000Z,st_petersburg,2016-12-16T00:00:00.000Z,51,Tug,St. Petersburg,1
59.88223,30.19497,0,0,88,2,SPB,RU,141,0,KAPITAN SOROKIN,3,345312,31,43,28,5138,39,1,2016-12-16T14:01:03.000Z,st_petersburg,2016-12-16T00:00:00.000Z,51,Tug,St. Petersburg,1
59.88223,30.19497,0,0,88,2,SPB,RU,141,0,KAPITAN SOROKIN,3,345312,31,43,28,5138,39,1,2016-12-16T14:01:04.000Z,st_petersburg,2016-12-16T00:00:00.000Z,51,Tug,St. Petersburg,1
59.88223,30.19497,0,0,88,4,SPB,RU,141,0,KAPITAN SOROKIN,3,345312,31,43,28,5138,39,1,2016-12-16T14:03:04.000Z,st_petersburg,2016-12-16T00:00:00.000Z,51,Tug,St. Petersburg,1
59.88223,30.19497,0,0,88,4,SPB,RU,141,0,KAPITAN SOROKIN,3,345312,31,43,28,5138,39,1,2016-12-16T14:03:05.000Z,st_petersburg,2016-12-16T00:00:00.000Z,51,Tug,St. Petersburg,1
59.88227,30.19496,0,0,88,3,SPB,RU,141,0,KAPITAN SOROKIN,3,345312,31,43,28,5138,39,1,2016-12-16T14:05:03.000Z,st_petersburg,2016-12-16T00:00:00.000Z,51,Tug,St. Petersburg,1
59.88223,30.19497,0,0,88,4,SPB,RU,141,0,KAPITAN SOROKIN,3,345312,31,43,28,5138,39,1,2016-12-16T14:05:04.000Z,st_petersburg,2016-12-16T00:00:00.000Z,51,Tug,St. Petersburg,1
59.88225,30.19496,0,0,88,2,SPB,RU,141,0,KAPITAN SOROKIN,3,345312,31,43,28,5138,39,1,2016-12-16T14:07:03.000Z,st_petersburg,2016-12-16T00:00:00.000Z,51,Tug,St. Petersburg,1
59.88227,30.19496,0,0,88,3,SPB,RU,141,0,KAPITAN SOROKIN,3,345312,31,43,28,5138,39,1,2016-12-16T14:07:04.000Z,st_petersburg,2016-12-16T00:00:00.000Z,51,Tug,St. Petersburg,1
59.88225,30.19496,0,0,88,4,SPB,RU,141,0,KAPITAN SOROKIN,3,345312,31,43,28,5138,39,1,2016-12-16T14:09:03.000Z,st_petersburg,2016-12-16T00:00:00.000Z,51,Tug,St. Petersburg,1
59.88225,30.19496,0,0,88,4,SPB,RU,141,0,KAPITAN SOROKIN,3,345312,31,43,28,5138,39,1,2016-12-16T14:09:05.000Z,st_petersburg,2016-12-16T00:00:00.000Z,51,Tug,St. Petersburg,1
59.88224,30.19496,0,0,88,3,SPB,RU,141,0,KAPITAN SOROKIN,3,345312,31,43,28,5138,39,1,2016-12-16T14:11:03.000Z,st_petersburg,2016-12-16T00:00:00.000Z,51,Tug,St. Petersburg,1
59.88224,30.19496,0,0,88,3,SPB,RU,141,0,KAPITAN SOROKIN,3,345312,31,43,28,5138,39,1,2016-12-16T14:11:04.000Z,st_petersburg,2016-12-16T00:00:00.000Z,51,Tug,St. Petersburg,1
59.88225,30.19499,0,0,88,2,SPB,RU,141,0,KAPITAN SOROKIN,3,345312,31,43,28,5138,39,1,2016-12-16T14:13:03.000Z,st_petersburg,2016-12-16T00:00:00.000Z,51,Tug,St. Petersburg,1
59.88225,30.19499,0,0,88,2,SPB,RU,141,0,KAPITAN SOROKIN,3,345312,31,43,28,5138,39,1,2016-12-16T14:13:04.000Z,st_petersburg,2016-12-16T00:00:00.000Z,51,Tug,St. Petersburg,1
59.88225,30.19499,0,0,88,4,SPB,RU,141,0,KAPITAN SOROKIN,3,345312,31,43,28,5138,39,1,2016-12-16T14:15:03.000Z,st_petersburg,2016-12-16T00:00:00.000Z,51,Tug,St. Petersburg,1
59.88225,30.19499,0,0,88,3,SPB,RU,141,0,KAPITAN SOROKIN,3,345312,31,43,28,5138,39,1,2016-12-16T14:15:04.000Z,st_petersburg,2016-12-16T00:00:00.000Z,51,Tug,St. Petersburg,1
59.88226,30.19495,0,0,88,2,SPB,RU,141,0,KAPITAN SOROKIN,3,345312,31,43,28,5138,39,1,2016-12-16T14:17:03.000Z,st_petersburg,2016-12-16T00:00:00.000Z,51,Tug,St. Petersburg,1
59.88226,30.19495,0,0,88,2,SPB,RU,141,0,KAPITAN SOROKIN,3,345312,31,43,28,5138,39,1,2016-12-16T14:17:04.000Z,st_petersburg,2016-12-16T00:00:00.000Z,51,Tug,St. Petersburg,1
59.88226,30.19495,0,0,88,4,SPB,RU,141,0,KAPITAN SOROKIN,3,345312,31,43,28,5138,39,1,2016-12-16T14:19:03.000Z,st_petersburg,2016-12-16T00:00:00.000Z,51,Tug,St. Petersburg,1
59.88226,30.19495,0,0,88,4,SPB,RU,141,0,KAPITAN SOROKIN,3,345312,31,43,28,5138,39,1,2016-12-16T14:19:04.000Z,st_petersburg,2016-12-16T00:00:00.000Z,51,Tug,St. Petersburg,1
59.88226,30.19495,0,0,88,3,SPB,RU,141,0,KAPITAN SOROKIN,3,345312,31,43,28,5138,39,1,2016-12-16T14:21:04.000Z,st_petersburg,2016-12-16T00:00:00.000Z,51,Tug,St. Petersburg,1
59.88226,30.19495,0,0,88,3,SPB,RU,141,0,KAPITAN SOROKIN,3,345312,31,43,28,5138,39,1,2016-12-16T14:21:05.000Z,st_petersburg,2016-12-16T00:00:00.000Z,51,Tug,St. Petersburg,1
59.88226,30.19495,0,0,88,3,SPB,RU,141,0,KAPITAN SOROKIN,3,345312,31,43,28,5138,39,1,2016-12-16T14:23:03.000Z,st_petersburg,2016-12-16T00:00:00.000Z,51,Tug,St. Petersburg,1
59.88226,30.19495,0,0,88,3,SPB,RU,141,0,KAPITAN SOROKIN,3,345312,31,43,28,5138,39,1,2016-12-16T14:23:04.000Z,st_petersburg,2016-12-16T00:00:00.000Z,51,Tug,St. Petersburg,1
59.88223,30.19498,0,0,88,3,SPB,RU,141,0,KAPITAN SOROKIN,3,345312,31,43,28,5138,39,1,2016-12-16T14:25:04.000Z,st_petersburg,2016-12-16T00:00:00.000Z,51,Tug,St. Petersburg,1
59.88223,30.19498,0,0,88,2,SPB,RU,141,0,KAPITAN SOROKIN,3,345312,31,43,28,5138,39,1,2016-12-16T14:25:04.000Z,st_petersburg,2016-12-16T00:00:00.000Z,51,Tug,St. Petersburg,1
59.88227,30.19495,0,0,88,2,SPB,RU,141,0,KAPITAN SOROKIN,3,345312,31,43,28,5138,39,1,2016-12-16T14:27:03.000Z,st_petersburg,2016-12-16T00:00:00.000Z,51,Tug,St. Petersburg,1
59.88227,30.19495,0,0,88,2,SPB,RU,141,0,KAPITAN SOROKIN,3,345312,31,43,28,5138,39,1,2016-12-16T14:27:04.000Z,st_petersburg,2016-12-16T00:00:00.000Z,51,Tug,St. Petersburg,1
59.88227,30.19495,0,0,88,4,SPB,RU,141,0,KAPITAN SOROKIN,3,345312,31,43,28,5138,39,1,2016-12-16T14:29:04.000Z,st_petersburg,2016-12-16T00:00:00.000Z,51,Tug,St. Petersburg,1
59.88227,30.19495,0,0,88,4,SPB,RU,141,0,KAPITAN SOROKIN,3,345312,31,43,28,5138,39,1,2016-12-16T14:29:05.000Z,st_petersburg,2016-12-16T00:00:00.000Z,51,Tug,St. Petersburg,1
59.88227,30.1949,0,0,88,3,SPB,RU,141,0,KAPITAN SOROKIN,3,345312,31,43,28,5138,39,1,2016-12-16T14:31:03.000Z,st_petersburg,2016-12-16T00:00:00.000Z,51,Tug,St. Petersburg,1
59.88227,30.1949,0,0,88,1,SPB,RU,141,0,KAPITAN SOROKIN,3,345312,31,43,28,5138,39,1,2016-12-16T14:31:04.000Z,st_petersburg,2016-12-16T00:00:00.000Z,51,Tug,St. Petersburg,1
59.88227,30.1949,0,0,88,5,SPB,RU,141,0,KAPITAN SOROKIN,3,345312,31,43,28,5138,39,1,2016-12-16T14:33:03.000Z,st_petersburg,2016-12-16T00:00:00.000Z,51,Tug,St. Petersburg,1
59.88227,30.1949,0,0,88,3,SPB,RU,141,0,KAPITAN SOROKIN,3,345312,31,43,28,5138,39,1,2016-12-16T14:33:04.000Z,st_petersburg,2016-12-16T00:00:00.000Z,51,Tug,St. Petersburg,1
59.88227,30.1949,0,0,88,7,SPB,RU,141,0,KAPITAN SOROKIN,3,345312,31,43,28,5138,39,1,2016-12-16T14:35:03.000Z,st_petersburg,2016-12-16T00:00:00.000Z,51,Tug,St. Petersburg,1
59.88227,30.1949,0,0,88,7,SPB,RU,141,0,KAPITAN SOROKIN,3,345312,31,43,28,5138,39,1,2016-12-16T14:35:05.000Z,st_petersburg,2016-12-16T00:00:00.000Z,51,Tug,St. Petersburg,1
59.88227,30.1949,0,0,88,9,SPB,RU,141,0,KAPITAN SOROKIN,3,345312,31,43,28,5138,39,1,2016-12-16T14:37:04.000Z,st_petersburg,2016-12-16T00:00:00.000Z,51,Tug,St. Petersburg,1
59.88227,30.1949,0,0,88,8,SPB,RU,141,0,KAPITAN SOROKIN,3,345312,31,43,28,5138,39,1,2016-12-16T14:37:05.000Z,st_petersburg,2016-12-16T00:00:00.000Z,51,Tug,St. Petersburg,1
59.88226,30.19494,0,0,88,3,SPB,RU,141,0,KAPITAN SOROKIN,3,345312,31,43,28,5138,39,1,2016-12-16T14:39:04.000Z,st_petersburg,2016-12-16T00:00:00.000Z,51,Tug,St. Petersburg,1
59.88226,30.19494,0,0,88,3,SPB,RU,141,0,KAPITAN SOROKIN,3,345312,31,43,28,5138,39,1,2016-12-16T14:39:05.000Z,st_petersburg,2016-12-16T00:00:00.000Z,51,Tug,St. Petersburg,1
59.88226,30.19494,0,0,88,3,SPB,RU,141,0,KAPITAN SOROKIN,3,345312,31,43,28,5138,39,1,2016-12-16T14:41:03.000Z,st_petersburg,2016-12-16T00:00:00.000Z,51,Tug,St. Petersburg,1
59.88225,30.19494,0,0,88,2,SPB,RU,141,0,KAPITAN SOROKIN,3,345312,31,43,28,5138,39,1,2016-12-16T14:41:04.000Z,st_petersburg,2016-12-16T00:00:00.000Z,51,Tug,St. Petersburg,1
59.88225,30.19494,0,0,88,4,SPB,RU,141,0,KAPITAN SOROKIN,3,345312,31,43,28,5138,39,1,2016-12-16T14:43:03.000Z,st_petersburg,2016-12-16T00:00:00.000Z,51,Tug,St. Petersburg,1
59.88225,30.19494,0,0,88,3,SPB,RU,141,0,KAPITAN SOROKIN,3,345312,31,43,28,5138,39,1,2016-12-16T14:43:05.000Z,st_petersburg,2016-12-16T00:00:00.000Z,51,Tug,St. Petersburg,1
59.88227,30.19494,0,0,88,3,SPB,RU,141,0,KAPITAN SOROKIN,3,345312,31,43,28,5138,39,1,2016-12-16T14:45:04.000Z,st_petersburg,2016-12-16T00:00:00.000Z,51,Tug,St. Petersburg,1
59.88227,30.19494,0,0,88,1,SPB,RU,141,0,KAPITAN SOROKIN,3,345312,31,43,28,5138,39,1,2016-12-16T14:45:04.000Z,st_petersburg,2016-12-16T00:00:00.000Z,51,Tug,St. Petersburg,1
59.88227,30.19497,0,0,88,2,SPB,RU,141,0,KAPITAN SOROKIN,3,345312,31,43,28,5138,39,1,2016-12-16T14:47:04.000Z,st_petersburg,2016-12-16T00:00:00.000Z,51,Tug,St. Petersburg,1
59.88227,30.19494,0,0,88,3,SPB,RU,141,0,KAPITAN SOROKIN,3,345312,31,43,28,5138,39,1,2016-12-16T14:47:04.000Z,st_petersburg,2016-12-16T00:00:00.000Z,51,Tug,St. Petersburg,1
59.88227,30.19497,0,0,88,4,SPB,RU,141,0,KAPITAN SOROKIN,3,345312,31,43,28,5138,39,1,2016-12-16T14:49:04.000Z,st_petersburg,2016-12-16T00:00:00.000Z,51,Tug,St. Petersburg,1
59.88227,30.19497,0,0,88,4,SPB,RU,141,0,KAPITAN SOROKIN,3,345312,31,43,28,5138,39,1,2016-12-16T14:49:04.000Z,st_petersburg,2016-12-16T00:00:00.000Z,51,Tug,St. Petersburg,1
59.88226,30.19495,0,0,88,3,SPB,RU,141,0,KAPITAN SOROKIN,3,345312,31,43,28,5138,39,1,2016-12-16T14:51:03.000Z,st_petersburg,2016-12-16T00:00:00.000Z,51,Tug,St. Petersburg,1
59.88226,30.19495,0,0,88,3,SPB,RU,141,0,KAPITAN SOROKIN,3,345312,31,43,28,5138,39,1,2016-12-16T14:51:04.000Z,st_petersburg,2016-12-16T00:00:00.000Z,51,Tug,St. Petersburg,1
59.88227,30.19492,0,0,88,2,SPB,RU,141,0,KAPITAN SOROKIN,3,345312,31,43,28,5138,39,1,2016-12-16T14:53:04.000Z,st_petersburg,2016-12-16T00:00:00.000Z,51,Tug,St. Petersburg,1
59.88227,30.19492,0,0,88,2,SPB,RU,141,0,KAPITAN SOROKIN,3,345312,31,43,28,5138,39,1,2016-12-16T14:53:05.000Z,st_petersburg,2016-12-16T00:00:00.000Z,51,Tug,St. Petersburg,1
59.88227,30.19492,0,0,88,4,SPB,RU,141,0,KAPITAN SOROKIN,3,345312,31,43,28,5138,39,1,2016-12-16T14:55:03.000Z,st_petersburg,2016-12-16T00:00:00.000Z,51,Tug,St. Petersburg,1
59.88227,30.19492,0,0,88,4,SPB,RU,141,0,KAPITAN SOROKIN,3,345312,31,43,28,5138,39,1,2016-12-16T14:55:04.000Z,st_petersburg,2016-12-16T00:00:00.000Z,51,Tug,St. Petersburg,1
59.88226,30.19495,0,0,88,2,SPB,RU,141,0,KAPITAN SOROKIN,3,345312,31,43,28,5138,39,1,2016-12-16T14:57:03.000Z,st_petersburg,2016-12-16T00:00:00.000Z,51,Tug,St. Petersburg,1
59.88226,30.19495,0,0,88,2,SPB,RU,141,0,KAPITAN SOROKIN,3,345312,31,43,28,5138,39,1,2016-12-16T14:57:04.000Z,st_petersburg,2016-12-16T00:00:00.000Z,51,Tug,St. Petersburg,1
59.88226,30.19495,0,0,88,4,SPB,RU,141,0,KAPITAN SOROKIN,3,345312,31,43,28,5138,39,1,2016-12-16T14:59:04.000Z,st_petersburg,2016-12-16T00:00:00.000Z,51,Tug,St. Petersburg,1
59.88226,30.19495,0,0,88,4,SPB,RU,141,0,KAPITAN SOROKIN,3,345312,31,43,28,5138,39,1,2016-12-16T14:59:05.000Z,st_petersburg,2016-12-16T00:00:00.000Z,51,Tug,St. Petersburg,1
59.88225,30.19494,0,0,88,3,SPB,RU,141,0,KAPITAN SOROKIN,3,345312,31,43,28,5138,39,1,2016-12-16T15:01:03.000Z,st_petersburg,2016-12-16T00:00:00.000Z,51,Tug,St. Petersburg,1
59.88226,30.19495,0,0,88,4,SPB,RU,141,0,KAPITAN SOROKIN,3,345312,31,43,28,5138,39,1,2016-12-16T15:01:04.000Z,st_petersburg,2016-12-16T00:00:00.000Z,51,Tug,St. Petersburg,1
59.88226,30.19491,0,0,88,2,SPB,RU,141,0,KAPITAN SOROKIN,3,345312,31,43,28,5138,39,1,2016-12-16T15:03:04.000Z,st_petersburg,2016-12-16T00:00:00.000Z,51,Tug,St. Petersburg,1
59.88226,30.19491,0,0,88,2,SPB,RU,141,0,KAPITAN SOROKIN,3,345312,31,43,28,5138,39,1,2016-12-16T15:03:05.000Z,st_petersburg,2016-12-16T00:00:00.000Z,51,Tug,St. Petersburg,1
59.88226,30.19491,0,0,88,4,SPB,RU,141,0,KAPITAN SOROKIN,3,345312,31,43,28,5138,39,1,2016-12-16T15:05:04.000Z,st_petersburg,2016-12-16T00:00:00.000Z,51,Tug,St. Petersburg,1
59.88226,30.19491,0,0,88,4,SPB,RU,141,0,KAPITAN SOROKIN,3,345312,31,43,28,5138,39,1,2016-12-16T15:05:05.000Z,st_petersburg,2016-12-16T00:00:00.000Z,51,Tug,St. Petersburg,1
59.88223,30.19497,0,0,88,3,SPB,RU,141,0,KAPITAN SOROKIN,3,345312,31,43,28,5138,39,1,2016-12-16T15:07:03.000Z,st_petersburg,2016-12-16T00:00:00.000Z,51,Tug,St. Petersburg,1
59.88226,30.19491,0,0,88,4,SPB,RU,141,0,KAPITAN SOROKIN,3,345312,31,43,28,5138,39,1,2016-12-16T15:07:04.000Z,st_petersburg,2016-12-16T00:00:00.000Z,51,Tug,St. Petersburg,1
59.88226,30.19494,1,0,88,2,SPB,RU,141,0,KAPITAN SOROKIN,3,345312,31,43,28,5138,39,1,2016-12-16T15:09:03.000Z,st_petersburg,2016-12-16T00:00:00.000Z,51,Tug,St. Petersburg,1
59.88226,30.19494,1,0,88,2,SPB,RU,141,0,KAPITAN SOROKIN,3,345312,31,43,28,5138,39,1,2016-12-16T15:09:04.000Z,st_petersburg,2016-12-16T00:00:00.000Z,51,Tug,St. Petersburg,1
59.88226,30.19494,1,0,88,4,SPB,RU,141,0,KAPITAN SOROKIN,3,345312,31,43,28,5138,39,1,2016-12-16T15:11:04.000Z,st_petersburg,2016-12-16T00:00:00.000Z,51,Tug,St. Petersburg,1
59.88226,30.19494,1,0,88,4,SPB,RU,141,0,KAPITAN SOROKIN,3,345312,31,43,28,5138,39,1,2016-12-16T15:11:05.000Z,st_petersburg,2016-12-16T00:00:00.000Z,51,Tug,St. Petersburg,1
59.88226,30.19494,1,0,88,4,SPB,RU,141,0,KAPITAN SOROKIN,3,345312,31,43,28,5138,39,1,2016-12-16T15:13:03.000Z,st_petersburg,2016-12-16T00:00:00.000Z,51,Tug,St. Petersburg,1
59.88226,30.19494,1,0,88,4,SPB,RU,141,0,KAPITAN SOROKIN,3,345312,31,43,28,5138,39,1,2016-12-16T15:13:04.000Z,st_petersburg,2016-12-16T00:00:00.000Z,51,Tug,St. Petersburg,1
59.88227,30.19497,0,0,88,4,SPB,RU,141,0,KAPITAN SOROKIN,3,345312,31,43,28,5138,39,1,2016-12-16T15:15:03.000Z,st_petersburg,2016-12-16T00:00:00.000Z,51,Tug,St. Petersburg,1
59.88227,30.19497,0,0,88,4,SPB,RU,141,0,KAPITAN SOROKIN,3,345312,31,43,28,5138,39,1,2016-12-16T15:15:04.000Z,st_petersburg,2016-12-16T00:00:00.000Z,51,Tug,St. Petersburg,1
59.88228,30.19493,0,0,88,3,SPB,RU,141,0,KAPITAN SOROKIN,3,345312,31,43,28,5138,39,1,2016-12-16T15:17:03.000Z,st_petersburg,2016-12-16T00:00:00.000Z,51,Tug,St. Petersburg,1
59.88228,30.19493,0,0,88,3,SPB,RU,141,0,KAPITAN SOROKIN,3,345312,31,43,28,5138,39,1,2016-12-16T15:17:04.000Z,st_petersburg,2016-12-16T00:00:00.000Z,51,Tug,St. Petersburg,1
59.88223,30.19494,0,0,88,2,SPB,RU,141,0,KAPITAN SOROKIN,3,345312,31,43,28,5138,39,1,2016-12-16T15:19:03.000Z,st_petersburg,2016-12-16T00:00:00.000Z,51,Tug,St. Petersburg,1
59.88228,30.19493,0,0,88,4,SPB,RU,141,0,KAPITAN SOROKIN,3,345312,31,43,28,5138,39,1,2016-12-16T15:19:04.000Z,st_petersburg,2016-12-16T00:00:00.000Z,51,Tug,St. Petersburg,1
59.88223,30.19494,0,0,88,4,SPB,RU,141,0,KAPITAN SOROKIN,3,345312,31,43,28,5138,39,1,2016-12-16T15:21:04.000Z,st_petersburg,2016-12-16T00:00:00.000Z,51,Tug,St. Petersburg,1
59.88223,30.19494,0,0,88,4,SPB,RU,141,0,KAPITAN SOROKIN,3,345312,31,43,28,5138,39,1,2016-12-16T15:21:05.000Z,st_petersburg,2016-12-16T00:00:00.000Z,51,Tug,St. Petersburg,1
59.88227,30.19494,0,0,88,3,SPB,RU,141,0,KAPITAN SOROKIN,3,345312,31,43,28,5138,39,1,2016-12-16T15:23:03.000Z,st_petersburg,2016-12-16T00:00:00.000Z,51,Tug,St. Petersburg,1
59.88227,30.19494,0,0,88,3,SPB,RU,141,0,KAPITAN SOROKIN,3,345312,31,43,28,5138,39,1,2016-12-16T15:23:04.000Z,st_petersburg,2016-12-16T00:00:00.000Z,51,Tug,St. Petersburg,1
59.88227,30.19492,0,0,88,2,SPB,RU,141,0,KAPITAN SOROKIN,3,345312,31,43,28,5138,39,1,2016-12-16T15:25:03.000Z,st_petersburg,2016-12-16T00:00:00.000Z,51,Tug,St. Petersburg,1
59.88227,30.19492,0,0,88,2,SPB,RU,141,0,KAPITAN SOROKIN,3,345312,31,43,28,5138,39,1,2016-12-16T15:25:04.000Z,st_petersburg,2016-12-16T00:00:00.000Z,51,Tug,St. Petersburg,1
59.88227,30.19492,0,0,88,4,SPB,RU,141,0,KAPITAN SOROKIN,3,345312,31,43,28,5138,39,1,2016-12-16T15:27:04.000Z,st_petersburg,2016-12-16T00:00:00.000Z,51,Tug,St. Petersburg,1
59.88227,30.19492,0,0,88,4,SPB,RU,141,0,KAPITAN SOROKIN,3,345312,31,43,28,5138,39,1,2016-12-16T15:27:05.000Z,st_petersburg,2016-12-16T00:00:00.000Z,51,Tug,St. Petersburg,1
59.88225,30.19496,0,0,88,3,SPB,RU,141,0,KAPITAN SOROKIN,3,345312,31,43,28,5138,39,1,2016-12-16T15:29:04.000Z,st_petersburg,2016-12-16T00:00:00.000Z,51,Tug,St. Petersburg,1
59.88225,30.19496,0,0,88,1,SPB,RU,141,0,KAPITAN SOROKIN,3,345312,31,43,28,5138,39,1,2016-12-16T15:29:05.000Z,st_petersburg,2016-12-16T00:00:00.000Z,51,Tug,St. Petersburg,1
59.88225,30.19496,0,0,88,4,SPB,RU,141,0,KAPITAN SOROKIN,3,345312,31,43,28,5138,39,1,2016-12-16T15:31:03.000Z,st_petersburg,2016-12-16T00:00:00.000Z,51,Tug,St. Petersburg,1
59.88223,30.19495,0,0,88,2,SPB,RU,141,0,KAPITAN SOROKIN,3,345312,31,43,28,5138,39,1,2016-12-16T15:31:04.000Z,st_petersburg,2016-12-16T00:00:00.000Z,51,Tug,St. Petersburg,1
59.88223,30.19495,0,0,88,4,SPB,RU,141,0,KAPITAN SOROKIN,3,345312,31,43,28,5138,39,1,2016-12-16T15:33:04.000Z,st_petersburg,2016-12-16T00:00:00.000Z,51,Tug,St. Petersburg,1
59.88223,30.19495,0,0,88,4,SPB,RU,141,0,KAPITAN SOROKIN,3,345312,31,43,28,5138,39,1,2016-12-16T15:33:05.000Z,st_petersburg,2016-12-16T00:00:00.000Z,51,Tug,St. Petersburg,1
59.88223,30.19495,0,0,88,3,SPB,RU,141,0,KAPITAN SOROKIN,3,345312,31,43,28,5138,39,1,2016-12-16T15:35:04.000Z,st_petersburg,2016-12-16T00:00:00.000Z,51,Tug,St. Petersburg,1
59.88223,30.19495,0,0,88,2,SPB,RU,141,0,KAPITAN SOROKIN,3,345312,31,43,28,5138,39,1,2016-12-16T15:35:05.000Z,st_petersburg,2016-12-16T00:00:00.000Z,51,Tug,St. Petersburg,1
59.88223,30.19495,0,0,88,3,SPB,RU,141,0,KAPITAN SOROKIN,3,345312,31,43,28,5138,39,1,2016-12-16T15:37:03.000Z,st_petersburg,2016-12-16T00:00:00.000Z,51,Tug,St. Petersburg,1
59.88223,30.19495,0,0,88,5,SPB,RU,141,0,KAPITAN SOROKIN,3,345312,31,43,28,5138,39,1,2016-12-16T15:37:04.000Z,st_petersburg,2016-12-16T00:00:00.000Z,51,Tug,St. Petersburg,1
59.88223,30.19495,0,0,88,7,SPB,RU,141,0,KAPITAN SOROKIN,3,345312,31,43,28,5138,39,1,2016-12-16T15:39:03.000Z,st_petersburg,2016-12-16T00:00:00.000Z,51,Tug,St. Petersburg,1
59.88223,30.19495,0,0,88,7,SPB,RU,141,0,KAPITAN SOROKIN,3,345312,31,43,28,5138,39,1,2016-12-16T15:39:04.000Z,st_petersburg,2016-12-16T00:00:00.000Z,51,Tug,St. Petersburg,1
59.88223,30.19495,0,0,88,9,SPB,RU,141,0,KAPITAN SOROKIN,3,345312,31,43,28,5138,39,1,2016-12-16T15:41:04.000Z,st_petersburg,2016-12-16T00:00:00.000Z,51,Tug,St. Petersburg,1
59.88223,30.19495,0,0,88,9,SPB,RU,141,0,KAPITAN SOROKIN,3,345312,31,43,28,5138,39,1,2016-12-16T15:41:05.000Z,st_petersburg,2016-12-16T00:00:00.000Z,51,Tug,St. Petersburg,1
59.88224,30.19491,0,0,88,3,SPB,RU,141,0,KAPITAN SOROKIN,3,345312,31,43,28,5138,39,1,2016-12-16T15:43:03.000Z,st_petersburg,2016-12-16T00:00:00.000Z,51,Tug,St. Petersburg,1
59.88224,30.19491,0,0,88,2,SPB,RU,141,0,KAPITAN SOROKIN,3,345312,31,43,28,5138,39,1,2016-12-16T15:43:04.000Z,st_petersburg,2016-12-16T00:00:00.000Z,51,Tug,St. Petersburg,1
59.88225,30.19495,0,0,88,4,SPB,RU,141,0,KAPITAN SOROKIN,3,345312,31,43,28,5138,39,1,2016-12-16T15:47:03.000Z,st_petersburg,2016-12-16T00:00:00.000Z,51,Tug,St. Petersburg,1
59.88225,30.19495,0,0,88,8,SPB,RU,141,0,KAPITAN SOROKIN,3,345312,31,43,28,5138,39,1,2016-12-16T15:51:03.000Z,st_petersburg,2016-12-16T00:00:00.000Z,51,Tug,St. Petersburg,1
59.88225,30.19495,0,0,88,8,SPB,RU,141,0,KAPITAN SOROKIN,3,345312,31,43,28,5138,39,1,2016-12-16T15:51:04.000Z,st_petersburg,2016-12-16T00:00:00.000Z,51,Tug,St. Petersburg,1
59.88228,30.19495,0,0,88,2,SPB,RU,141,0,KAPITAN SOROKIN,3,345312,31,43,28,5138,39,1,2016-12-16T15:53:03.000Z,st_petersburg,2016-12-16T00:00:00.000Z,51,Tug,St. Petersburg,1
59.88228,30.19495,0,0,88,2,SPB,RU,141,0,KAPITAN SOROKIN,3,345312,31,43,28,5138,39,1,2016-12-16T15:53:04.000Z,st_petersburg,2016-12-16T00:00:00.000Z,51,Tug,St. Petersburg,1
59.88228,30.19495,0,0,88,4,SPB,RU,141,0,KAPITAN SOROKIN,3,345312,31,43,28,5138,39,1,2016-12-16T15:55:03.000Z,st_petersburg,2016-12-16T00:00:00.000Z,51,Tug,St. Petersburg,1
59.88228,30.19495,0,0,88,4,SPB,RU,141,0,KAPITAN SOROKIN,3,345312,31,43,28,5138,39,1,2016-12-16T15:55:04.000Z,st_petersburg,2016-12-16T00:00:00.000Z,51,Tug,St. Petersburg,1
59.88226,30.19495,0,0,88,3,SPB,RU,141,0,KAPITAN SOROKIN,3,345312,31,43,28,5138,39,1,2016-12-16T15:57:03.000Z,st_petersburg,2016-12-16T00:00:00.000Z,51,Tug,St. Petersburg,1
59.88226,30.19495,0,0,88,3,SPB,RU,141,0,KAPITAN SOROKIN,3,345312,31,43,28,5138,39,1,2016-12-16T15:57:04.000Z,st_petersburg,2016-12-16T00:00:00.000Z,51,Tug,St. Petersburg,1
59.88224,30.19493,0,0,88,2,SPB,RU,141,0,KAPITAN SOROKIN,3,345312,31,43,28,5138,39,1,2016-12-16T15:59:03.000Z,st_petersburg,2016-12-16T00:00:00.000Z,51,Tug,St. Petersburg,1
59.88224,30.19493,0,0,88,2,SPB,RU,141,0,KAPITAN SOROKIN,3,345312,31,43,28,5138,39,1,2016-12-16T15:59:04.000Z,st_petersburg,2016-12-16T00:00:00.000Z,51,Tug,St. Petersburg,1
59.88224,30.19493,0,0,88,4,SPB,RU,141,0,KAPITAN SOROKIN,3,345312,31,43,28,5138,39,1,2016-12-16T16:01:04.000Z,st_petersburg,2016-12-16T00:00:00.000Z,51,Tug,St. Petersburg,1
59.88224,30.19493,0,0,88,2,SPB,RU,141,0,KAPITAN SOROKIN,3,345312,31,43,28,5138,39,1,2016-12-16T16:01:05.000Z,st_petersburg,2016-12-16T00:00:00.000Z,51,Tug,St. Petersburg,1
59.88224,30.19494,0,0,88,3,SPB,RU,141,0,KAPITAN SOROKIN,3,345312,31,43,28,5138,39,1,2016-12-16T16:03:04.000Z,st_petersburg,2016-12-16T00:00:00.000Z,51,Tug,St. Petersburg,1
59.88224,30.19494,0,0,88,3,SPB,RU,141,0,KAPITAN SOROKIN,3,345312,31,43,28,5138,39,1,2016-12-16T16:03:04.000Z,st_petersburg,2016-12-16T00:00:00.000Z,51,Tug,St. Petersburg,1
59.88223,30.19493,0,0,88,1,SPB,RU,141,0,KAPITAN SOROKIN,3,345312,31,43,28,5138,39,1,2016-12-16T16:05:03.000Z,st_petersburg,2016-12-16T00:00:00.000Z,51,Tug,St. Petersburg,1
59.88223,30.19493,0,0,88,2,SPB,RU,141,0,KAPITAN SOROKIN,3,345312,31,43,28,5138,39,1,2016-12-16T16:05:04.000Z,st_petersburg,2016-12-16T00:00:00.000Z,51,Tug,St. Petersburg,1
59.88223,30.19493,0,0,88,4,SPB,RU,141,0,KAPITAN SOROKIN,3,345312,31,43,28,5138,39,1,2016-12-16T16:07:03.000Z,st_petersburg,2016-12-16T00:00:00.000Z,51,Tug,St. Petersburg,1
59.88223,30.19493,0,0,88,4,SPB,RU,141,0,KAPITAN SOROKIN,3,345312,31,43,28,5138,39,1,2016-12-16T16:07:04.000Z,st_petersburg,2016-12-16T00:00:00.000Z,51,Tug,St. Petersburg,1
59.88227,30.19495,0,0,88,3,SPB,RU,141,0,KAPITAN SOROKIN,3,345312,31,43,28,5138,39,1,2016-12-16T16:09:03.000Z,st_petersburg,2016-12-16T00:00:00.000Z,51,Tug,St. Petersburg,1
59.88227,30.19495,0,0,88,3,SPB,RU,141,0,KAPITAN SOROKIN,3,345312,31,43,28,5138,39,1,2016-12-16T16:09:04.000Z,st_petersburg,2016-12-16T00:00:00.000Z,51,Tug,St. Petersburg,1
59.88227,30.19494,0,0,88,2,SPB,RU,141,0,KAPITAN SOROKIN,3,345312,31,43,28,5138,39,1,2016-12-16T16:11:03.000Z,st_petersburg,2016-12-16T00:00:00.000Z,51,Tug,St. Petersburg,1
59.88227,30.19494,0,0,88,2,SPB,RU,141,0,KAPITAN SOROKIN,3,345312,31,43,28,5138,39,1,2016-12-16T16:11:04.000Z,st_petersburg,2016-12-16T00:00:00.000Z,51,Tug,St. Petersburg,1
59.88227,30.19494,0,0,88,4,SPB,RU,141,0,KAPITAN SOROKIN,3,345312,31,43,28,5138,39,1,2016-12-16T16:13:04.000Z,st_petersburg,2016-12-16T00:00:00.000Z,51,Tug,St. Petersburg,1
59.88227,30.19494,0,0,88,4,SPB,RU,141,0,KAPITAN SOROKIN,3,345312,31,43,28,5138,39,1,2016-12-16T16:13:05.000Z,st_petersburg,2016-12-16T00:00:00.000Z,51,Tug,St. Petersburg,1
59.88226,30.19497,0,0,88,2,SPB,RU,141,0,KAPITAN SOROKIN,3,345312,31,43,28,5138,39,1,2016-12-16T16:15:04.000Z,st_petersburg,2016-12-16T00:00:00.000Z,51,Tug,St. Petersburg,1
59.88226,30.19497,0,0,88,2,SPB,RU,141,0,KAPITAN SOROKIN,3,345312,31,43,28,5138,39,1,2016-12-16T16:15:05.000Z,st_petersburg,2016-12-16T00:00:00.000Z,51,Tug,St. Petersburg,1
59.88226,30.19497,0,0,88,4,SPB,RU,141,0,KAPITAN SOROKIN,3,345312,31,43,28,5138,39,1,2016-12-16T16:17:04.000Z,st_petersburg,2016-12-16T00:00:00.000Z,51,Tug,St. Petersburg,1
59.88226,30.19497,0,0,88,4,SPB,RU,141,0,KAPITAN SOROKIN,3,345312,31,43,28,5138,39,1,2016-12-16T16:17:05.000Z,st_petersburg,2016-12-16T00:00:00.000Z,51,Tug,St. Petersburg,1
59.88225,30.19496,0,0,88,3,SPB,RU,141,0,KAPITAN SOROKIN,3,345312,31,43,28,5138,39,1,2016-12-16T16:19:04.000Z,st_petersburg,2016-12-16T00:00:00.000Z,51,Tug,St. Petersburg,1
59.88225,30.19496,0,0,88,3,SPB,RU,141,0,KAPITAN SOROKIN,3,345312,31,43,28,5138,39,1,2016-12-16T16:19:05.000Z,st_petersburg,2016-12-16T00:00:00.000Z,51,Tug,St. Petersburg,1
59.88225,30.19496,0,0,88,5,SPB,RU,141,0,KAPITAN SOROKIN,3,345312,31,43,28,5138,39,1,2016-12-16T16:21:03.000Z,st_petersburg,2016-12-16T00:00:00.000Z,51,Tug,St. Petersburg,1
59.88225,30.19496,0,0,88,5,SPB,RU,141,0,KAPITAN SOROKIN,3,345312,31,43,28,5138,39,1,2016-12-16T16:21:04.000Z,st_petersburg,2016-12-16T00:00:00.000Z,51,Tug,St. Petersburg,1
59.88227,30.19497,0,0,88,3,SPB,RU,141,0,KAPITAN SOROKIN,3,345312,31,43,28,5138,39,1,2016-12-16T16:23:03.000Z,st_petersburg,2016-12-16T00:00:00.000Z,51,Tug,St. Petersburg,1
59.88227,30.19497,0,0,88,3,SPB,RU,141,0,KAPITAN SOROKIN,3,345312,31,43,28,5138,39,1,2016-12-16T16:23:04.000Z,st_petersburg,2016-12-16T00:00:00.000Z,51,Tug,St. Petersburg,1
59.88227,30.19495,0,0,88,2,SPB,RU,141,0,KAPITAN SOROKIN,3,345312,31,43,28,5138,39,1,2016-12-16T16:25:04.000Z,st_petersburg,2016-12-16T00:00:00.000Z,51,Tug,St. Petersburg,1
59.88227,30.19495,0,0,88,2,SPB,RU,141,0,KAPITAN SOROKIN,3,345312,31,43,28,5138,39,1,2016-12-16T16:25:05.000Z,st_petersburg,2016-12-16T00:00:00.000Z,51,Tug,St. Petersburg,1
59.88227,30.19495,0,0,88,4,SPB,RU,141,0,KAPITAN SOROKIN,3,345312,31,43,28,5138,39,1,2016-12-16T16:27:04.000Z,st_petersburg,2016-12-16T00:00:00.000Z,51,Tug,St. Petersburg,1
59.88227,30.19495,0,0,88,4,SPB,RU,141,0,KAPITAN SOROKIN,3,345312,31,43,28,5138,39,1,2016-12-16T16:27:05.000Z,st_petersburg,2016-12-16T00:00:00.000Z,51,Tug,St. Petersburg,1
59.88228,30.19495,0,0,88,3,SPB,RU,141,0,KAPITAN SOROKIN,3,345312,31,43,28,5138,39,1,2016-12-16T16:29:04.000Z,st_petersburg,2016-12-16T00:00:00.000Z,51,Tug,St. Petersburg,1
59.88227,30.19495,0,0,88,4,SPB,RU,141,0,KAPITAN SOROKIN,3,345312,31,43,28,5138,39,1,2016-12-16T16:29:05.000Z,st_petersburg,2016-12-16T00:00:00.000Z,51,Tug,St. Petersburg,1
59.88228,30.19495,0,0,88,5,SPB,RU,141,0,KAPITAN SOROKIN,3,345312,31,43,28,5138,39,1,2016-12-16T16:31:04.000Z,st_petersburg,2016-12-16T00:00:00.000Z,51,Tug,St. Petersburg,1
59.88228,30.19495,0,0,88,5,SPB,RU,141,0,KAPITAN SOROKIN,3,345312,31,43,28,5138,39,1,2016-12-16T16:31:05.000Z,st_petersburg,2016-12-16T00:00:00.000Z,51,Tug,St. Petersburg,1
59.88225,30.19497,0,0,88,3,SPB,RU,141,0,KAPITAN SOROKIN,3,345312,31,43,28,5138,39,1,2016-12-16T16:33:04.000Z,st_petersburg,2016-12-16T00:00:00.000Z,51,Tug,St. Petersburg,1
59.88225,30.19497,0,0,88,3,SPB,RU,141,0,KAPITAN SOROKIN,3,345312,31,43,28,5138,39,1,2016-12-16T16:33:05.000Z,st_petersburg,2016-12-16T00:00:00.000Z,51,Tug,St. Petersburg,1
59.88227,30.19497,0,0,88,2,SPB,RU,141,0,KAPITAN SOROKIN,3,345312,31,43,28,5138,39,1,2016-12-16T16:35:03.000Z,st_petersburg,2016-12-16T00:00:00.000Z,51,Tug,St. Petersburg,1
59.88227,30.19497,0,0,88,2,SPB,RU,141,0,KAPITAN SOROKIN,3,345312,31,43,28,5138,39,1,2016-12-16T16:35:04.000Z,st_petersburg,2016-12-16T00:00:00.000Z,51,Tug,St. Petersburg,1
59.88227,30.19497,0,0,88,4,SPB,RU,141,0,KAPITAN SOROKIN,3,345312,31,43,28,5138,39,1,2016-12-16T16:37:03.000Z,st_petersburg,2016-12-16T00:00:00.000Z,51,Tug,St. Petersburg,1
59.88227,30.19497,0,0,88,4,SPB,RU,141,0,KAPITAN SOROKIN,3,345312,31,43,28,5138,39,1,2016-12-16T16:37:04.000Z,st_petersburg,2016-12-16T00:00:00.000Z,51,Tug,St. Petersburg,1
59.88225,30.19493,0,0,88,2,SPB,RU,141,0,KAPITAN SOROKIN,3,345312,31,43,28,5138,39,1,2016-12-16T16:39:03.000Z,st_petersburg,2016-12-16T00:00:00.000Z,51,Tug,St. Petersburg,1
59.88227,30.19497,0,0,88,4,SPB,RU,141,0,KAPITAN SOROKIN,3,345312,31,43,28,5138,39,1,2016-12-16T16:39:04.000Z,st_petersburg,2016-12-16T00:00:00.000Z,51,Tug,St. Petersburg,1
59.88225,30.19493,0,0,88,4,SPB,RU,141,0,KAPITAN SOROKIN,3,345312,31,43,28,5138,39,1,2016-12-16T16:41:04.000Z,st_petersburg,2016-12-16T00:00:00.000Z,51,Tug,St. Petersburg,1
59.88225,30.19493,0,0,88,4,SPB,RU,141,0,KAPITAN SOROKIN,3,345312,31,43,28,5138,39,1,2016-12-16T16:41:05.000Z,st_petersburg,2016-12-16T00:00:00.000Z,51,Tug,St. Petersburg,1
59.88226,30.19495,0,0,88,3,SPB,RU,141,0,KAPITAN SOROKIN,3,345312,31,43,28,5138,39,1,2016-12-16T16:43:04.000Z,st_petersburg,2016-12-16T00:00:00.000Z,51,Tug,St. Petersburg,1
59.88226,30.19495,0,0,88,2,SPB,RU,141,0,KAPITAN SOROKIN,3,345312,31,43,28,5138,39,1,2016-12-16T16:43:04.000Z,st_petersburg,2016-12-16T00:00:00.000Z,51,Tug,St. Petersburg,1
59.88225,30.19494,0,0,88,2,SPB,RU,141,0,KAPITAN SOROKIN,3,345312,31,43,28,5138,39,1,2016-12-16T16:45:04.000Z,st_petersburg,2016-12-16T00:00:00.000Z,51,Tug,St. Petersburg,1
59.88225,30.19494,0,0,88,2,SPB,RU,141,0,KAPITAN SOROKIN,3,345312,31,43,28,5138,39,1,2016-12-16T16:45:05.000Z,st_petersburg,2016-12-16T00:00:00.000Z,51,Tug,St. Petersburg,1
59.88225,30.19494,0,0,88,4,SPB,RU,141,0,KAPITAN SOROKIN,3,345312,31,43,28,5138,39,1,2016-12-16T16:47:03.000Z,st_petersburg,2016-12-16T00:00:00.000Z,51,Tug,St. Petersburg,1
59.88225,30.19494,0,0,88,4,SPB,RU,141,0,KAPITAN SOROKIN,3,345312,31,43,28,5138,39,1,2016-12-16T16:47:04.000Z,st_petersburg,2016-12-16T00:00:00.000Z,51,Tug,St. Petersburg,1
59.88227,30.19494,0,0,88,2,SPB,RU,141,0,KAPITAN SOROKIN,3,345312,31,43,28,5138,39,1,2016-12-16T16:49:03.000Z,st_petersburg,2016-12-16T00:00:00.000Z,51,Tug,St. Petersburg,1
59.88225,30.19494,0,0,88,4,SPB,RU,141,0,KAPITAN SOROKIN,3,345312,31,43,28,5138,39,1,2016-12-16T16:49:04.000Z,st_petersburg,2016-12-16T00:00:00.000Z,51,Tug,St. Petersburg,1
59.88227,30.19494,0,0,88,4,SPB,RU,141,0,KAPITAN SOROKIN,3,345312,31,43,28,5138,39,1,2016-12-16T16:51:03.000Z,st_petersburg,2016-12-16T00:00:00.000Z,51,Tug,St. Petersburg,1
59.88227,30.19494,0,0,88,4,SPB,RU,141,0,KAPITAN SOROKIN,3,345312,31,43,28,5138,39,1,2016-12-16T16:51:04.000Z,st_petersburg,2016-12-16T00:00:00.000Z,51,Tug,St. Petersburg,1
59.88227,30.19494,0,0,88,3,SPB,RU,141,0,KAPITAN SOROKIN,3,345312,31,43,28,5138,39,1,2016-12-16T16:53:03.000Z,st_petersburg,2016-12-16T00:00:00.000Z,51,Tug,St. Petersburg,1
59.88227,30.19494,0,0,88,3,SPB,RU,141,0,KAPITAN SOROKIN,3,345312,31,43,28,5138,39,1,2016-12-16T16:53:04.000Z,st_petersburg,2016-12-16T00:00:00.000Z,51,Tug,St. Petersburg,1
59.88228,30.19496,0,0,88,2,SPB,RU,141,0,KAPITAN SOROKIN,3,345312,31,43,28,5138,39,1,2016-12-16T16:55:04.000Z,st_petersburg,2016-12-16T00:00:00.000Z,51,Tug,St. Petersburg,1
59.88228,30.19496,0,0,88,1,SPB,RU,141,0,KAPITAN SOROKIN,3,345312,31,43,28,5138,39,1,2016-12-16T16:55:05.000Z,st_petersburg,2016-12-16T00:00:00.000Z,51,Tug,St. Petersburg,1
59.88228,30.19496,0,0,88,4,SPB,RU,141,0,KAPITAN SOROKIN,3,345312,31,43,28,5138,39,1,2016-12-16T16:57:04.000Z,st_petersburg,2016-12-16T00:00:00.000Z,51,Tug,St. Petersburg,1
59.88228,30.19496,0,0,88,4,SPB,RU,141,0,KAPITAN SOROKIN,3,345312,31,43,28,5138,39,1,2016-12-16T16:57:05.000Z,st_petersburg,2016-12-16T00:00:00.000Z,51,Tug,St. Petersburg,1
59.88228,30.19496,0,0,88,6,SPB,RU,141,0,KAPITAN SOROKIN,3,345312,31,43,28,5138,39,1,2016-12-16T16:59:04.000Z,st_petersburg,2016-12-16T00:00:00.000Z,51,Tug,St. Petersburg,1
59.88228,30.19496,0,0,88,5,SPB,RU,141,0,KAPITAN SOROKIN,3,345312,31,43,28,5138,39,1,2016-12-16T16:59:05.000Z,st_petersburg,2016-12-16T00:00:00.000Z,51,Tug,St. Petersburg,1
59.88228,30.19496,0,0,88,8,SPB,RU,141,0,KAPITAN SOROKIN,3,345312,31,43,28,5138,39,1,2016-12-16T17:01:04.000Z,st_petersburg,2016-12-16T00:00:00.000Z,51,Tug,St. Petersburg,1
59.88228,30.19496,0,0,88,8,SPB,RU,141,0,KAPITAN SOROKIN,3,345312,31,43,28,5138,39,1,2016-12-16T17:01:05.000Z,st_petersburg,2016-12-16T00:00:00.000Z,51,Tug,St. Petersburg,1
59.88224,30.19491,0,0,88,2,SPB,RU,141,0,KAPITAN SOROKIN,3,345312,31,43,28,5138,39,1,2016-12-16T17:03:03.000Z,st_petersburg,2016-12-16T00:00:00.000Z,51,Tug,St. Petersburg,1
59.88224,30.19491,0,0,88,2,SPB,RU,141,0,KAPITAN SOROKIN,3,345312,31,43,28,5138,39,1,2016-12-16T17:03:04.000Z,st_petersburg,2016-12-16T00:00:00.000Z,51,Tug,St. Petersburg,1
59.88224,30.19491,0,0,88,4,SPB,RU,141,0,KAPITAN SOROKIN,3,345312,31,43,28,5138,39,1,2016-12-16T17:05:04.000Z,st_petersburg,2016-12-16T00:00:00.000Z,51,Tug,St. Petersburg,1
59.88224,30.19491,0,0,88,2,SPB,RU,141,0,KAPITAN SOROKIN,3,345312,31,43,28,5138,39,1,2016-12-16T17:05:05.000Z,st_petersburg,2016-12-16T00:00:00.000Z,51,Tug,St. Petersburg,1
59.88224,30.19491,0,0,88,6,SPB,RU,141,0,KAPITAN SOROKIN,3,345312,31,43,28,5138,39,1,2016-12-16T17:07:03.000Z,st_petersburg,2016-12-16T00:00:00.000Z,51,Tug,St. Petersburg,1
59.88224,30.19491,0,0,88,5,SPB,RU,141,0,KAPITAN SOROKIN,3,345312,31,43,28,5138,39,1,2016-12-16T17:07:04.000Z,st_petersburg,2016-12-16T00:00:00.000Z,51,Tug,St. Petersburg,1
59.88224,30.19491,0,0,88,8,SPB,RU,141,0,KAPITAN SOROKIN,3,345312,31,43,28,5138,39,1,2016-12-16T17:09:03.000Z,st_petersburg,2016-12-16T00:00:00.000Z,51,Tug,St. Petersburg,1
59.88224,30.19491,0,0,88,8,SPB,RU,141,0,KAPITAN SOROKIN,3,345312,31,43,28,5138,39,1,2016-12-16T17:09:04.000Z,st_petersburg,2016-12-16T00:00:00.000Z,51,Tug,St. Petersburg,1
59.88227,30.19495,0,0,88,2,SPB,RU,141,0,KAPITAN SOROKIN,3,345312,31,43,28,5138,39,1,2016-12-16T17:11:04.000Z,st_petersburg,2016-12-16T00:00:00.000Z,51,Tug,St. Petersburg,1
59.88227,30.19495,0,0,88,2,SPB,RU,141,0,KAPITAN SOROKIN,3,345312,31,43,28,5138,39,1,2016-12-16T17:11:04.000Z,st_petersburg,2016-12-16T00:00:00.000Z,51,Tug,St. Petersburg,1
59.88227,30.19495,0,0,88,4,SPB,RU,141,0,KAPITAN SOROKIN,3,345312,31,43,28,5138,39,1,2016-12-16T17:13:03.000Z,st_petersburg,2016-12-16T00:00:00.000Z,51,Tug,St. Petersburg,1
59.88227,30.19495,0,0,88,3,SPB,RU,141,0,KAPITAN SOROKIN,3,345312,31,43,28,5138,39,1,2016-12-16T17:13:04.000Z,st_petersburg,2016-12-16T00:00:00.000Z,51,Tug,St. Petersburg,1
59.88227,30.19497,0,0,88,3,SPB,RU,141,0,KAPITAN SOROKIN,3,345312,31,43,28,5138,39,1,2016-12-16T17:15:03.000Z,st_petersburg,2016-12-16T00:00:00.000Z,51,Tug,St. Petersburg,1
59.88227,30.19497,0,0,88,2,SPB,RU,141,0,KAPITAN SOROKIN,3,345312,31,43,28,5138,39,1,2016-12-16T17:15:04.000Z,st_petersburg,2016-12-16T00:00:00.000Z,51,Tug,St. Petersburg,1
59.88224,30.19495,1,0,88,2,SPB,RU,141,0,KAPITAN SOROKIN,3,345312,31,43,28,5138,39,1,2016-12-16T17:17:03.000Z,st_petersburg,2016-12-16T00:00:00.000Z,51,Tug,St. Petersburg,1
59.88227,30.19497,0,0,88,3,SPB,RU,141,0,KAPITAN SOROKIN,3,345312,31,43,28,5138,39,1,2016-12-16T17:17:07.000Z,st_petersburg,2016-12-16T00:00:00.000Z,51,Tug,St. Petersburg,1
59.88224,30.19495,1,0,88,4,SPB,RU,141,0,KAPITAN SOROKIN,3,345312,31,43,28,5138,39,1,2016-12-16T17:19:03.000Z,st_petersburg,2016-12-16T00:00:00.000Z,51,Tug,St. Petersburg,1
59.88224,30.19495,1,0,88,2,SPB,RU,141,0,KAPITAN SOROKIN,3,345312,31,43,28,5138,39,1,2016-12-16T17:19:04.000Z,st_petersburg,2016-12-16T00:00:00.000Z,51,Tug,St. Petersburg,1
59.88223,30.19493,0,0,88,3,SPB,RU,141,0,KAPITAN SOROKIN,3,345312,31,43,28,5138,39,1,2016-12-16T17:21:04.000Z,st_petersburg,2016-12-16T00:00:00.000Z,51,Tug,St. Petersburg,1
59.88223,30.19493,0,0,88,3,SPB,RU,141,0,KAPITAN SOROKIN,3,345312,31,43,28,5138,39,1,2016-12-16T17:21:05.000Z,st_petersburg,2016-12-16T00:00:00.000Z,51,Tug,St. Petersburg,1
59.88223,30.19493,0,0,88,2,SPB,RU,141,0,KAPITAN SOROKIN,3,345312,31,43,28,5138,39,1,2016-12-16T17:23:04.000Z,st_petersburg,2016-12-16T00:00:00.000Z,51,Tug,St. Petersburg,1
59.88223,30.19493,0,0,88,1,SPB,RU,141,0,KAPITAN SOROKIN,3,345312,31,43,28,5138,39,1,2016-12-16T17:23:05.000Z,st_petersburg,2016-12-16T00:00:00.000Z,51,Tug,St. Petersburg,1
59.88223,30.19493,0,0,88,4,SPB,RU,141,0,KAPITAN SOROKIN,3,345312,31,43,28,5138,39,1,2016-12-16T17:25:03.000Z,st_petersburg,2016-12-16T00:00:00.000Z,51,Tug,St. Petersburg,1
59.88223,30.19493,0,0,88,3,SPB,RU,141,0,KAPITAN SOROKIN,3,345312,31,43,28,5138,39,1,2016-12-16T17:25:04.000Z,st_petersburg,2016-12-16T00:00:00.000Z,51,Tug,St. Petersburg,1
59.88224,30.19495,1,0,88,3,SPB,RU,141,0,KAPITAN SOROKIN,3,345312,31,43,28,5138,39,1,2016-12-16T17:27:04.000Z,st_petersburg,2016-12-16T00:00:00.000Z,51,Tug,St. Petersburg,1
59.88224,30.19495,1,0,88,3,SPB,RU,141,0,KAPITAN SOROKIN,3,345312,31,43,28,5138,39,1,2016-12-16T17:27:05.000Z,st_petersburg,2016-12-16T00:00:00.000Z,51,Tug,St. Petersburg,1
59.88224,30.19495,1,0,88,5,SPB,RU,141,0,KAPITAN SOROKIN,3,345312,31,43,28,5138,39,1,2016-12-16T17:29:03.000Z,st_petersburg,2016-12-16T00:00:00.000Z,51,Tug,St. Petersburg,1
59.88224,30.19495,1,0,88,5,SPB,RU,141,0,KAPITAN SOROKIN,3,345312,31,43,28,5138,39,1,2016-12-16T17:29:04.000Z,st_petersburg,2016-12-16T00:00:00.000Z,51,Tug,St. Petersburg,1
59.88224,30.19495,1,0,88,6,SPB,RU,141,0,KAPITAN SOROKIN,3,345312,31,43,28,5138,39,1,2016-12-16T17:31:14.000Z,st_petersburg,2016-12-16T00:00:00.000Z,51,Tug,St. Petersburg,1
59.88224,30.19495,1,0,88,7,SPB,RU,141,0,KAPITAN SOROKIN,3,345312,31,43,28,5138,39,1,2016-12-16T17:31:15.000Z,st_petersburg,2016-12-16T00:00:00.000Z,51,Tug,St. Petersburg,1
59.88224,30.19495,1,0,88,9,SPB,RU,141,0,KAPITAN SOROKIN,3,345312,31,43,28,5138,39,1,2016-12-16T17:33:04.000Z,st_petersburg,2016-12-16T00:00:00.000Z,51,Tug,St. Petersburg,1
59.88224,30.19495,1,0,88,8,SPB,RU,141,0,KAPITAN SOROKIN,3,345312,31,43,28,5138,39,1,2016-12-16T17:33:05.000Z,st_petersburg,2016-12-16T00:00:00.000Z,51,Tug,St. Petersburg,1
59.88226,30.19494,1,0,88,3,SPB,RU,141,0,KAPITAN SOROKIN,3,345312,31,43,28,5138,39,1,2016-12-16T17:35:03.000Z,st_petersburg,2016-12-16T00:00:00.000Z,51,Tug,St. Petersburg,1
59.88226,30.19494,1,0,88,2,SPB,RU,141,0,KAPITAN SOROKIN,3,345312,31,43,28,5138,39,1,2016-12-16T17:35:04.000Z,st_petersburg,2016-12-16T00:00:00.000Z,51,Tug,St. Petersburg,1
59.88225,30.19495,0,0,88,2,SPB,RU,141,0,KAPITAN SOROKIN,3,345312,31,43,28,5138,39,1,2016-12-16T17:37:04.000Z,st_petersburg,2016-12-16T00:00:00.000Z,51,Tug,St. Petersburg,1
59.88225,30.19495,0,0,88,2,SPB,RU,141,0,KAPITAN SOROKIN,3,345312,31,43,28,5138,39,1,2016-12-16T17:37:05.000Z,st_petersburg,2016-12-16T00:00:00.000Z,51,Tug,St. Petersburg,1
59.88225,30.19495,0,0,88,4,SPB,RU,141,0,KAPITAN SOROKIN,3,345312,31,43,28,5138,39,1,2016-12-16T17:39:04.000Z,st_petersburg,2016-12-16T00:00:00.000Z,51,Tug,St. Petersburg,1
59.88225,30.19495,0,0,88,4,SPB,RU,141,0,KAPITAN SOROKIN,3,345312,31,43,28,5138,39,1,2016-12-16T17:39:04.000Z,st_petersburg,2016-12-16T00:00:00.000Z,51,Tug,St. Petersburg,1
59.88227,30.19496,0,0,88,3,SPB,RU,141,0,KAPITAN SOROKIN,3,345312,31,43,28,5138,39,1,2016-12-16T17:41:04.000Z,st_petersburg,2016-12-16T00:00:00.000Z,51,Tug,St. Petersburg,1
59.88227,30.19496,0,0,88,3,SPB,RU,141,0,KAPITAN SOROKIN,3,345312,31,43,28,5138,39,1,2016-12-16T17:41:04.000Z,st_petersburg,2016-12-16T00:00:00.000Z,51,Tug,St. Petersburg,1
59.88229,30.19495,0,0,88,2,SPB,RU,141,0,KAPITAN SOROKIN,3,345312,31,43,28,5138,39,1,2016-12-16T17:43:03.000Z,st_petersburg,2016-12-16T00:00:00.000Z,51,Tug,St. Petersburg,1
59.88229,30.19495,0,0,88,2,SPB,RU,141,0,KAPITAN SOROKIN,3,345312,31,43,28,5138,39,1,2016-12-16T17:43:04.000Z,st_petersburg,2016-12-16T00:00:00.000Z,51,Tug,St. Petersburg,1
59.88229,30.19495,0,0,88,4,SPB,RU,141,0,KAPITAN SOROKIN,3,345312,31,43,28,5138,39,1,2016-12-16T17:45:04.000Z,st_petersburg,2016-12-16T00:00:00.000Z,51,Tug,St. Petersburg,1
59.88229,30.19495,0,0,88,4,SPB,RU,141,0,KAPITAN SOROKIN,3,345312,31,43,28,5138,39,1,2016-12-16T17:45:04.000Z,st_petersburg,2016-12-16T00:00:00.000Z,51,Tug,St. Petersburg,1
59.88225,30.19494,0,0,88,3,SPB,RU,141,0,KAPITAN SOROKIN,3,345312,31,43,28,5138,39,1,2016-12-16T17:47:03.000Z,st_petersburg,2016-12-16T00:00:00.000Z,51,Tug,St. Petersburg,1
59.88225,30.19494,0,0,88,3,SPB,RU,141,0,KAPITAN SOROKIN,3,345312,31,43,28,5138,39,1,2016-12-16T17:47:05.000Z,st_petersburg,2016-12-16T00:00:00.000Z,51,Tug,St. Petersburg,1
59.88227,30.19492,0,0,88,2,SPB,RU,141,0,KAPITAN SOROKIN,3,345312,31,43,28,5138,39,1,2016-12-16T17:49:04.000Z,st_petersburg,2016-12-16T00:00:00.000Z,51,Tug,St. Petersburg,1
59.88225,30.19494,0,0,88,4,SPB,RU,141,0,KAPITAN SOROKIN,3,345312,31,43,28,5138,39,1,2016-12-16T17:49:04.000Z,st_petersburg,2016-12-16T00:00:00.000Z,51,Tug,St. Petersburg,1
59.88227,30.19492,0,0,88,4,SPB,RU,141,0,KAPITAN SOROKIN,3,345312,31,43,28,5138,39,1,2016-12-16T17:51:04.000Z,st_petersburg,2016-12-16T00:00:00.000Z,51,Tug,St. Petersburg,1
59.88227,30.19492,0,0,88,4,SPB,RU,141,0,KAPITAN SOROKIN,3,345312,31,43,28,5138,39,1,2016-12-16T17:51:05.000Z,st_petersburg,2016-12-16T00:00:00.000Z,51,Tug,St. Petersburg,1
59.88227,30.19493,0,0,88,3,SPB,RU,141,0,KAPITAN SOROKIN,3,345312,31,43,28,5138,39,1,2016-12-16T17:53:03.000Z,st_petersburg,2016-12-16T00:00:00.000Z,51,Tug,St. Petersburg,1
59.88227,30.19493,0,0,88,2,SPB,RU,141,0,KAPITAN SOROKIN,3,345312,31,43,28,5138,39,1,2016-12-16T17:53:04.000Z,st_petersburg,2016-12-16T00:00:00.000Z,51,Tug,St. Petersburg,1
59.88225,30.19495,0,0,88,2,SPB,RU,141,0,KAPITAN SOROKIN,3,345312,31,43,28,5138,39,1,2016-12-16T17:55:03.000Z,st_petersburg,2016-12-16T00:00:00.000Z,51,Tug,St. Petersburg,1
59.88225,30.19495,0,0,88,2,SPB,RU,141,0,KAPITAN SOROKIN,3,345312,31,43,28,5138,39,1,2016-12-16T17:55:04.000Z,st_petersburg,2016-12-16T00:00:00.000Z,51,Tug,St. Petersburg,1
59.88225,30.19495,0,0,88,4,SPB,RU,141,0,KAPITAN SOROKIN,3,345312,31,43,28,5138,39,1,2016-12-16T17:57:03.000Z,st_petersburg,2016-12-16T00:00:00.000Z,51,Tug,St. Petersburg,1
59.88225,30.19495,0,0,88,3,SPB,RU,141,0,KAPITAN SOROKIN,3,345312,31,43,28,5138,39,1,2016-12-16T17:57:04.000Z,st_petersburg,2016-12-16T00:00:00.000Z,51,Tug,St. Petersburg,1
59.88226,30.19495,0,0,88,3,SPB,RU,141,0,KAPITAN SOROKIN,3,345312,31,43,28,5138,39,1,2016-12-16T17:59:04.000Z,st_petersburg,2016-12-16T00:00:00.000Z,51,Tug,St. Petersburg,1
59.88226,30.19495,0,0,88,3,SPB,RU,141,0,KAPITAN SOROKIN,3,345312,31,43,28,5138,39,1,2016-12-16T17:59:05.000Z,st_petersburg,2016-12-16T00:00:00.000Z,51,Tug,St. Petersburg,1
59.88226,30.19495,0,0,88,5,SPB,RU,141,0,KAPITAN SOROKIN,3,345312,31,43,28,5138,39,1,2016-12-16T18:01:03.000Z,st_petersburg,2016-12-16T00:00:00.000Z,51,Tug,St. Petersburg,1
59.88226,30.19495,0,0,88,5,SPB,RU,141,0,KAPITAN SOROKIN,3,345312,31,43,28,5138,39,1,2016-12-16T18:01:05.000Z,st_petersburg,2016-12-16T00:00:00.000Z,51,Tug,St. Petersburg,1
59.88226,30.19495,0,0,88,6,SPB,RU,141,0,KAPITAN SOROKIN,3,345312,31,43,28,5138,39,1,2016-12-16T18:03:03.000Z,st_petersburg,2016-12-16T00:00:00.000Z,51,Tug,St. Petersburg,1
59.88226,30.19495,0,0,88,7,SPB,RU,141,0,KAPITAN SOROKIN,3,345312,31,43,28,5138,39,1,2016-12-16T18:03:04.000Z,st_petersburg,2016-12-16T00:00:00.000Z,51,Tug,St. Petersburg,1
59.88226,30.19495,0,0,88,9,SPB,RU,141,0,KAPITAN SOROKIN,3,345312,31,43,28,5138,39,1,2016-12-16T18:05:03.000Z,st_petersburg,2016-12-16T00:00:00.000Z,51,Tug,St. Petersburg,1
59.88226,30.19495,0,0,88,9,SPB,RU,141,0,KAPITAN SOROKIN,3,345312,31,43,28,5138,39,1,2016-12-16T18:05:04.000Z,st_petersburg,2016-12-16T00:00:00.000Z,51,Tug,St. Petersburg,1
59.88226,30.19496,1,0,88,3,SPB,RU,141,0,KAPITAN SOROKIN,3,345312,31,43,28,5138,39,1,2016-12-16T18:07:03.000Z,st_petersburg,2016-12-16T00:00:00.000Z,51,Tug,St. Petersburg,1
59.88226,30.19496,1,0,88,3,SPB,RU,141,0,KAPITAN SOROKIN,3,345312,31,43,28,5138,39,1,2016-12-16T18:07:04.000Z,st_petersburg,2016-12-16T00:00:00.000Z,51,Tug,St. Petersburg,1
59.88227,30.19493,0,0,88,2,SPB,RU,141,0,KAPITAN SOROKIN,3,345312,31,43,28,5138,39,1,2016-12-16T18:09:04.000Z,st_petersburg,2016-12-16T00:00:00.000Z,51,Tug,St. Petersburg,1
59.88227,30.19493,0,0,88,2,SPB,RU,141,0,KAPITAN SOROKIN,3,345312,31,43,28,5138,39,1,2016-12-16T18:09:05.000Z,st_petersburg,2016-12-16T00:00:00.000Z,51,Tug,St. Petersburg,1
59.88227,30.19493,0,0,88,4,SPB,RU,141,0,KAPITAN SOROKIN,3,345312,31,43,28,5138,39,1,2016-12-16T18:11:03.000Z,st_petersburg,2016-12-16T00:00:00.000Z,51,Tug,St. Petersburg,1
59.88227,30.19493,0,0,88,4,SPB,RU,141,0,KAPITAN SOROKIN,3,345312,31,43,28,5138,39,1,2016-12-16T18:11:04.000Z,st_petersburg,2016-12-16T00:00:00.000Z,51,Tug,St. Petersburg,1
59.88225,30.19495,0,0,88,3,SPB,RU,141,0,KAPITAN SOROKIN,3,345312,31,43,28,5138,39,1,2016-12-16T18:13:03.000Z,st_petersburg,2016-12-16T00:00:00.000Z,51,Tug,St. Petersburg,1
59.88225,30.19495,0,0,88,3,SPB,RU,141,0,KAPITAN SOROKIN,3,345312,31,43,28,5138,39,1,2016-12-16T18:13:04.000Z,st_petersburg,2016-12-16T00:00:00.000Z,51,Tug,St. Petersburg,1
59.88225,30.19495,0,0,88,5,SPB,RU,141,0,KAPITAN SOROKIN,3,345312,31,43,28,5138,39,1,2016-12-16T18:15:03.000Z,st_petersburg,2016-12-16T00:00:00.000Z,51,Tug,St. Petersburg,1
59.88225,30.19495,0,0,88,5,SPB,RU,141,0,KAPITAN SOROKIN,3,345312,31,43,28,5138,39,1,2016-12-16T18:15:04.000Z,st_petersburg,2016-12-16T00:00:00.000Z,51,Tug,St. Petersburg,1
59.88228,30.19493,0,0,88,3,SPB,RU,141,0,KAPITAN SOROKIN,3,345312,31,43,28,5138,39,1,2016-12-16T18:17:04.000Z,st_petersburg,2016-12-16T00:00:00.000Z,51,Tug,St. Petersburg,1
59.88228,30.19493,0,0,88,3,SPB,RU,141,0,KAPITAN SOROKIN,3,345312,31,43,28,5138,39,1,2016-12-16T18:17:05.000Z,st_petersburg,2016-12-16T00:00:00.000Z,51,Tug,St. Petersburg,1
59.88227,30.19495,0,0,88,2,SPB,RU,141,0,KAPITAN SOROKIN,3,345312,31,43,28,5138,39,1,2016-12-16T18:19:03.000Z,st_petersburg,2016-12-16T00:00:00.000Z,51,Tug,St. Petersburg,1
59.88227,30.19495,0,0,88,2,SPB,RU,141,0,KAPITAN SOROKIN,3,345312,31,43,28,5138,39,1,2016-12-16T18:19:04.000Z,st_petersburg,2016-12-16T00:00:00.000Z,51,Tug,St. Petersburg,1
59.88227,30.19495,0,0,88,4,SPB,RU,141,0,KAPITAN SOROKIN,3,345312,31,43,28,5138,39,1,2016-12-16T18:21:03.000Z,st_petersburg,2016-12-16T00:00:00.000Z,51,Tug,St. Petersburg,1
59.88227,30.19495,0,0,88,3,SPB,RU,141,0,KAPITAN SOROKIN,3,345312,31,43,28,5138,39,1,2016-12-16T18:21:04.000Z,st_petersburg,2016-12-16T00:00:00.000Z,51,Tug,St. Petersburg,1
59.88225,30.19492,0,0,88,3,SPB,RU,141,0,KAPITAN SOROKIN,3,345312,31,43,28,5138,39,1,2016-12-16T18:23:04.000Z,st_petersburg,2016-12-16T00:00:00.000Z,51,Tug,St. Petersburg,1
59.88225,30.19492,0,0,88,3,SPB,RU,141,0,KAPITAN SOROKIN,3,345312,31,43,28,5138,39,1,2016-12-16T18:23:05.000Z,st_petersburg,2016-12-16T00:00:00.000Z,51,Tug,St. Petersburg,1
59.88225,30.19493,0,0,88,2,SPB,RU,141,0,KAPITAN SOROKIN,3,345312,31,43,28,5138,39,1,2016-12-16T18:25:04.000Z,st_petersburg,2016-12-16T00:00:00.000Z,51,Tug,St. Petersburg,1
59.88225,30.19493,0,0,88,1,SPB,RU,141,0,KAPITAN SOROKIN,3,345312,31,43,28,5138,39,1,2016-12-16T18:25:05.000Z,st_petersburg,2016-12-16T00:00:00.000Z,51,Tug,St. Petersburg,1
59.88225,30.19493,0,0,88,4,SPB,RU,141,0,KAPITAN SOROKIN,3,345312,31,43,28,5138,39,1,2016-12-16T18:27:03.000Z,st_petersburg,2016-12-16T00:00:00.000Z,51,Tug,St. Petersburg,1
59.88225,30.19493,0,0,88,4,SPB,RU,141,0,KAPITAN SOROKIN,3,345312,31,43,28,5138,39,1,2016-12-16T18:27:04.000Z,st_petersburg,2016-12-16T00:00:00.000Z,51,Tug,St. Petersburg,1
59.88228,30.19494,0,0,88,3,SPB,RU,141,0,KAPITAN SOROKIN,3,345312,31,43,28,5138,39,1,2016-12-16T18:29:03.000Z,st_petersburg,2016-12-16T00:00:00.000Z,51,Tug,St. Petersburg,1
59.88228,30.19494,0,0,88,3,SPB,RU,141,0,KAPITAN SOROKIN,3,345312,31,43,28,5138,39,1,2016-12-16T18:29:04.000Z,st_petersburg,2016-12-16T00:00:00.000Z,51,Tug,St. Petersburg,1
59.88227,30.19493,0,0,88,2,SPB,RU,141,0,KAPITAN SOROKIN,3,345312,31,43,28,5138,39,1,2016-12-16T18:31:02.000Z,st_petersburg,2016-12-16T00:00:00.000Z,51,Tug,St. Petersburg,1
59.88228,30.19494,0,0,88,3,SPB,RU,141,0,KAPITAN SOROKIN,3,345312,31,43,28,5138,39,1,2016-12-16T18:31:03.000Z,st_petersburg,2016-12-16T00:00:00.000Z,51,Tug,St. Petersburg,1
59.88227,30.19493,0,0,88,4,SPB,RU,141,0,KAPITAN SOROKIN,3,345312,31,43,28,5138,39,1,2016-12-16T18:33:03.000Z,st_petersburg,2016-12-16T00:00:00.000Z,51,Tug,St. Petersburg,1
59.88227,30.19493,0,0,88,4,SPB,RU,141,0,KAPITAN SOROKIN,3,345312,31,43,28,5138,39,1,2016-12-16T18:33:04.000Z,st_petersburg,2016-12-16T00:00:00.000Z,51,Tug,St. Petersburg,1
59.88227,30.19495,0,0,88,3,SPB,RU,141,0,KAPITAN SOROKIN,3,345312,31,43,28,5138,39,1,2016-12-16T18:35:04.000Z,st_petersburg,2016-12-16T00:00:00.000Z,51,Tug,St. Petersburg,1
59.88227,30.19495,0,0,88,3,SPB,RU,141,0,KAPITAN SOROKIN,3,345312,31,43,28,5138,39,1,2016-12-16T18:35:05.000Z,st_petersburg,2016-12-16T00:00:00.000Z,51,Tug,St. Petersburg,1
59.88225,30.19496,0,0,88,2,SPB,RU,141,0,KAPITAN SOROKIN,3,345312,31,43,28,5138,39,1,2016-12-16T18:37:03.000Z,st_petersburg,2016-12-16T00:00:00.000Z,51,Tug,St. Petersburg,1
59.88225,30.19496,0,0,88,2,SPB,RU,141,0,KAPITAN SOROKIN,3,345312,31,43,28,5138,39,1,2016-12-16T18:37:04.000Z,st_petersburg,2016-12-16T00:00:00.000Z,51,Tug,St. Petersburg,1
59.88225,30.19496,0,0,88,4,SPB,RU,141,0,KAPITAN SOROKIN,3,345312,31,43,28,5138,39,1,2016-12-16T18:39:03.000Z,st_petersburg,2016-12-16T00:00:00.000Z,51,Tug,St. Petersburg,1
59.88225,30.19496,0,0,88,4,SPB,RU,141,0,KAPITAN SOROKIN,3,345312,31,43,28,5138,39,1,2016-12-16T18:39:04.000Z,st_petersburg,2016-12-16T00:00:00.000Z,51,Tug,St. Petersburg,1
59.88227,30.19495,0,0,88,3,SPB,RU,141,0,KAPITAN SOROKIN,3,345312,31,43,28,5138,39,1,2016-12-16T18:41:04.000Z,st_petersburg,2016-12-16T00:00:00.000Z,51,Tug,St. Petersburg,1
59.88227,30.19495,0,0,88,3,SPB,RU,141,0,KAPITAN SOROKIN,3,345312,31,43,28,5138,39,1,2016-12-16T18:41:05.000Z,st_petersburg,2016-12-16T00:00:00.000Z,51,Tug,St. Petersburg,1
59.88227,30.19495,0,0,88,5,SPB,RU,141,0,KAPITAN SOROKIN,3,345312,31,43,28,5138,39,1,2016-12-16T18:43:04.000Z,st_petersburg,2016-12-16T00:00:00.000Z,51,Tug,St. Petersburg,1
59.88227,30.19495,0,0,88,4,SPB,RU,141,0,KAPITAN SOROKIN,3,345312,31,43,28,5138,39,1,2016-12-16T18:43:05.000Z,st_petersburg,2016-12-16T00:00:00.000Z,51,Tug,St. Petersburg,1
59.88227,30.19495,0,0,88,7,SPB,RU,141,0,KAPITAN SOROKIN,3,345312,31,43,28,5138,39,1,2016-12-16T18:45:04.000Z,st_petersburg,2016-12-16T00:00:00.000Z,51,Tug,St. Petersburg,1
59.88227,30.19495,0,0,88,7,SPB,RU,141,0,KAPITAN SOROKIN,3,345312,31,43,28,5138,39,1,2016-12-16T18:45:05.000Z,st_petersburg,2016-12-16T00:00:00.000Z,51,Tug,St. Petersburg,1
59.88227,30.19495,0,0,88,9,SPB,RU,141,0,KAPITAN SOROKIN,3,345312,31,43,28,5138,39,1,2016-12-16T18:47:04.000Z,st_petersburg,2016-12-16T00:00:00.000Z,51,Tug,St. Petersburg,1
59.88227,30.19495,0,0,88,7,SPB,RU,141,0,KAPITAN SOROKIN,3,345312,31,43,28,5138,39,1,2016-12-16T18:47:04.000Z,st_petersburg,2016-12-16T00:00:00.000Z,51,Tug,St. Petersburg,1
59.88225,30.19492,0,0,88,3,SPB,RU,141,0,KAPITAN SOROKIN,3,345312,31,43,28,5138,39,1,2016-12-16T18:49:03.000Z,st_petersburg,2016-12-16T00:00:00.000Z,51,Tug,St. Petersburg,1
59.88225,30.19492,0,0,88,2,SPB,RU,141,0,KAPITAN SOROKIN,3,345312,31,43,28,5138,39,1,2016-12-16T18:49:04.000Z,st_petersburg,2016-12-16T00:00:00.000Z,51,Tug,St. Petersburg,1
59.88224,30.19494,0,0,88,2,SPB,RU,141,0,KAPITAN SOROKIN,3,345312,31,43,28,5138,39,1,2016-12-16T18:51:03.000Z,st_petersburg,2016-12-16T00:00:00.000Z,51,Tug,St. Petersburg,1
59.88224,30.19494,0,0,88,2,SPB,RU,141,0,KAPITAN SOROKIN,3,345312,31,43,28,5138,39,1,2016-12-16T18:51:04.000Z,st_petersburg,2016-12-16T00:00:00.000Z,51,Tug,St. Petersburg,1
59.88224,30.19494,0,0,88,4,SPB,RU,141,0,KAPITAN SOROKIN,3,345312,31,43,28,5138,39,1,2016-12-16T18:53:04.000Z,st_petersburg,2016-12-16T00:00:00.000Z,51,Tug,St. Petersburg,1
59.88224,30.19494,0,0,88,4,SPB,RU,141,0,KAPITAN SOROKIN,3,345312,31,43,28,5138,39,1,2016-12-16T18:53:05.000Z,st_petersburg,2016-12-16T00:00:00.000Z,51,Tug,St. Petersburg,1
59.88227,30.19495,0,0,88,3,SPB,RU,141,0,KAPITAN SOROKIN,3,345312,31,43,28,5138,39,1,2016-12-16T18:55:04.000Z,st_petersburg,2016-12-16T00:00:00.000Z,51,Tug,St. Petersburg,1
59.88227,30.19495,0,0,88,3,SPB,RU,141,0,KAPITAN SOROKIN,3,345312,31,43,28,5138,39,1,2016-12-16T18:55:05.000Z,st_petersburg,2016-12-16T00:00:00.000Z,51,Tug,St. Petersburg,1
59.88224,30.19496,0,0,88,2,SPB,RU,141,0,KAPITAN SOROKIN,3,345312,31,43,28,5138,39,1,2016-12-16T18:57:03.000Z,st_petersburg,2016-12-16T00:00:00.000Z,51,Tug,St. Petersburg,1
59.88224,30.19496,0,0,88,2,SPB,RU,141,0,KAPITAN SOROKIN,3,345312,31,43,28,5138,39,1,2016-12-16T18:57:04.000Z,st_petersburg,2016-12-16T00:00:00.000Z,51,Tug,St. Petersburg,1
59.88224,30.19496,0,0,88,4,SPB,RU,141,0,KAPITAN SOROKIN,3,345312,31,43,28,5138,39,1,2016-12-16T18:59:03.000Z,st_petersburg,2016-12-16T00:00:00.000Z,51,Tug,St. Petersburg,1
59.88224,30.19496,0,0,88,4,SPB,RU,141,0,KAPITAN SOROKIN,3,345312,31,43,28,5138,39,1,2016-12-16T18:59:04.000Z,st_petersburg,2016-12-16T00:00:00.000Z,51,Tug,St. Petersburg,1
59.88224,30.19496,0,0,88,6,SPB,RU,141,0,KAPITAN SOROKIN,3,345312,31,43,28,5138,39,1,2016-12-16T19:01:03.000Z,st_petersburg,2016-12-16T00:00:00.000Z,51,Tug,St. Petersburg,1
59.88224,30.19496,0,0,88,6,SPB,RU,141,0,KAPITAN SOROKIN,3,345312,31,43,28,5138,39,1,2016-12-16T19:01:04.000Z,st_petersburg,2016-12-16T00:00:00.000Z,51,Tug,St. Petersburg,1
59.88224,30.19496,0,0,88,8,SPB,RU,141,0,KAPITAN SOROKIN,3,345312,31,43,28,5138,39,1,2016-12-16T19:03:03.000Z,st_petersburg,2016-12-16T00:00:00.000Z,51,Tug,St. Petersburg,1
59.88224,30.19496,0,0,88,8,SPB,RU,141,0,KAPITAN SOROKIN,3,345312,31,43,28,5138,39,1,2016-12-16T19:03:04.000Z,st_petersburg,2016-12-16T00:00:00.000Z,51,Tug,St. Petersburg,1
59.88225,30.19495,0,0,88,2,SPB,RU,141,0,KAPITAN SOROKIN,3,345312,31,43,28,5138,39,1,2016-12-16T19:05:03.000Z,st_petersburg,2016-12-16T00:00:00.000Z,51,Tug,St. Petersburg,1
59.88225,30.19495,0,0,88,2,SPB,RU,141,0,KAPITAN SOROKIN,3,345312,31,43,28,5138,39,1,2016-12-16T19:05:04.000Z,st_petersburg,2016-12-16T00:00:00.000Z,51,Tug,St. Petersburg,1
59.88225,30.19495,0,0,88,4,SPB,RU,141,0,KAPITAN SOROKIN,3,345312,31,43,28,5138,39,1,2016-12-16T19:07:03.000Z,st_petersburg,2016-12-16T00:00:00.000Z,51,Tug,St. Petersburg,1
59.88225,30.19495,0,0,88,4,SPB,RU,141,0,KAPITAN SOROKIN,3,345312,31,43,28,5138,39,1,2016-12-16T19:07:04.000Z,st_petersburg,2016-12-16T00:00:00.000Z,51,Tug,St. Petersburg,1
59.88225,30.19495,0,0,88,6,SPB,RU,141,0,KAPITAN SOROKIN,3,345312,31,43,28,5138,39,1,2016-12-16T19:09:03.000Z,st_petersburg,2016-12-16T00:00:00.000Z,51,Tug,St. Petersburg,1
59.88225,30.19495,0,0,88,4,SPB,RU,141,0,KAPITAN SOROKIN,3,345312,31,43,28,5138,39,1,2016-12-16T19:09:04.000Z,st_petersburg,2016-12-16T00:00:00.000Z,51,Tug,St. Petersburg,1
59.88225,30.19495,0,0,88,8,SPB,RU,141,0,KAPITAN SOROKIN,3,345312,31,43,28,5138,39,1,2016-12-16T19:11:03.000Z,st_petersburg,2016-12-16T00:00:00.000Z,51,Tug,St. Petersburg,1
59.88225,30.19495,0,0,88,8,SPB,RU,141,0,KAPITAN SOROKIN,3,345312,31,43,28,5138,39,1,2016-12-16T19:11:04.000Z,st_petersburg,2016-12-16T00:00:00.000Z,51,Tug,St. Petersburg,1
59.88228,30.19497,0,0,88,2,SPB,RU,141,0,KAPITAN SOROKIN,3,345312,31,43,28,5138,39,1,2016-12-16T19:13:03.000Z,st_petersburg,2016-12-16T00:00:00.000Z,51,Tug,St. Petersburg,1
59.88228,30.19497,0,0,88,2,SPB,RU,141,0,KAPITAN SOROKIN,3,345312,31,43,28,5138,39,1,2016-12-16T19:13:04.000Z,st_petersburg,2016-12-16T00:00:00.000Z,51,Tug,St. Petersburg,1
59.88228,30.19497,0,0,88,4,SPB,RU,141,0,KAPITAN SOROKIN,3,345312,31,43,28,5138,39,1,2016-12-16T19:15:04.000Z,st_petersburg,2016-12-16T00:00:00.000Z,51,Tug,St. Petersburg,1
59.88228,30.19497,0,0,88,4,SPB,RU,141,0,KAPITAN SOROKIN,3,345312,31,43,28,5138,39,1,2016-12-16T19:15:05.000Z,st_petersburg,2016-12-16T00:00:00.000Z,51,Tug,St. Petersburg,1
59.88227,30.19494,0,0,88,3,SPB,RU,141,0,KAPITAN SOROKIN,3,345312,31,43,28,5138,39,1,2016-12-16T19:17:03.000Z,st_petersburg,2016-12-16T00:00:00.000Z,51,Tug,St. Petersburg,1
59.88227,30.19494,0,0,88,3,SPB,RU,141,0,KAPITAN SOROKIN,3,345312,31,43,28,5138,39,1,2016-12-16T19:17:04.000Z,st_petersburg,2016-12-16T00:00:00.000Z,51,Tug,St. Petersburg,1
59.88225,30.19495,0,0,88,2,SPB,RU,141,0,KAPITAN SOROKIN,3,345312,31,43,28,5138,39,1,2016-12-16T19:19:03.000Z,st_petersburg,2016-12-16T00:00:00.000Z,51,Tug,St. Petersburg,1
59.88225,30.19495,0,0,88,2,SPB,RU,141,0,KAPITAN SOROKIN,3,345312,31,43,28,5138,39,1,2016-12-16T19:19:04.000Z,st_petersburg,2016-12-16T00:00:00.000Z,51,Tug,St. Petersburg,1
59.88225,30.19495,0,0,88,4,SPB,RU,141,0,KAPITAN SOROKIN,3,345312,31,43,28,5138,39,1,2016-12-16T19:21:04.000Z,st_petersburg,2016-12-16T00:00:00.000Z,51,Tug,St. Petersburg,1
59.88225,30.19495,0,0,88,2,SPB,RU,141,0,KAPITAN SOROKIN,3,345312,31,43,28,5138,39,1,2016-12-16T19:21:05.000Z,st_petersburg,2016-12-16T00:00:00.000Z,51,Tug,St. Petersburg,1
59.88226,30.19495,0,0,88,3,SPB,RU,141,0,KAPITAN SOROKIN,3,345312,31,43,28,5138,39,1,2016-12-16T19:23:03.000Z,st_petersburg,2016-12-16T00:00:00.000Z,51,Tug,St. Petersburg,1
59.88226,30.19495,0,0,88,3,SPB,RU,141,0,KAPITAN SOROKIN,3,345312,31,43,28,5138,39,1,2016-12-16T19:23:04.000Z,st_petersburg,2016-12-16T00:00:00.000Z,51,Tug,St. Petersburg,1
59.88226,30.19493,0,0,88,2,SPB,RU,141,0,KAPITAN SOROKIN,3,345312,31,43,28,5138,39,1,2016-12-16T19:25:03.000Z,st_petersburg,2016-12-16T00:00:00.000Z,51,Tug,St. Petersburg,1
59.88226,30.19493,0,0,88,2,SPB,RU,141,0,KAPITAN SOROKIN,3,345312,31,43,28,5138,39,1,2016-12-16T19:25:04.000Z,st_petersburg,2016-12-16T00:00:00.000Z,51,Tug,St. Petersburg,1
59.88226,30.19493,0,0,88,4,SPB,RU,141,0,KAPITAN SOROKIN,3,345312,31,43,28,5138,39,1,2016-12-16T19:27:04.000Z,st_petersburg,2016-12-16T00:00:00.000Z,51,Tug,St. Petersburg,1
59.88226,30.19493,0,0,88,2,SPB,RU,141,0,KAPITAN SOROKIN,3,345312,31,43,28,5138,39,1,2016-12-16T19:27:05.000Z,st_petersburg,2016-12-16T00:00:00.000Z,51,Tug,St. Petersburg,1
59.88226,30.19493,0,0,88,4,SPB,RU,141,0,KAPITAN SOROKIN,3,345312,31,43,28,5138,39,1,2016-12-16T19:29:04.000Z,st_petersburg,2016-12-16T00:00:00.000Z,51,Tug,St. Petersburg,1
59.88226,30.19496,0,0,88,2,SPB,RU,141,0,KAPITAN SOROKIN,3,345312,31,43,28,5138,39,1,2016-12-16T19:29:04.000Z,st_petersburg,2016-12-16T00:00:00.000Z,51,Tug,St. Petersburg,1
59.88226,30.19496,0,0,88,4,SPB,RU,141,0,KAPITAN SOROKIN,3,345312,31,43,28,5138,39,1,2016-12-16T19:31:03.000Z,st_petersburg,2016-12-16T00:00:00.000Z,51,Tug,St. Petersburg,1
59.88226,30.19496,0,0,88,2,SPB,RU,141,0,KAPITAN SOROKIN,3,345312,31,43,28,5138,39,1,2016-12-16T19:31:04.000Z,st_petersburg,2016-12-16T00:00:00.000Z,51,Tug,St. Petersburg,1
59.88225,30.19496,0,0,88,3,SPB,RU,141,0,KAPITAN SOROKIN,3,345312,31,43,28,5138,39,1,2016-12-16T19:33:03.000Z,st_petersburg,2016-12-16T00:00:00.000Z,51,Tug,St. Petersburg,1
59.88225,30.19496,0,0,88,3,SPB,RU,141,0,KAPITAN SOROKIN,3,345312,31,43,28,5138,39,1,2016-12-16T19:33:04.000Z,st_petersburg,2016-12-16T00:00:00.000Z,51,Tug,St. Petersburg,1
59.88226,30.19493,0,0,88,2,SPB,RU,141,0,KAPITAN SOROKIN,3,345312,31,43,28,5138,39,1,2016-12-16T19:35:04.000Z,st_petersburg,2016-12-16T00:00:00.000Z,51,Tug,St. Petersburg,1
59.88226,30.19493,0,0,88,2,SPB,RU,141,0,KAPITAN SOROKIN,3,345312,31,43,28,5138,39,1,2016-12-16T19:35:05.000Z,st_petersburg,2016-12-16T00:00:00.000Z,51,Tug,St. Petersburg,1
59.88226,30.19493,0,0,88,4,SPB,RU,141,0,KAPITAN SOROKIN,3,345312,31,43,28,5138,39,1,2016-12-16T19:37:03.000Z,st_petersburg,2016-12-16T00:00:00.000Z,51,Tug,St. Petersburg,1
59.88226,30.19493,0,0,88,2,SPB,RU,141,0,KAPITAN SOROKIN,3,345312,31,43,28,5138,39,1,2016-12-16T19:37:04.000Z,st_petersburg,2016-12-16T00:00:00.000Z,51,Tug,St. Petersburg,1
59.88226,30.19495,0,0,88,3,SPB,RU,141,0,KAPITAN SOROKIN,3,345312,31,43,28,5138,39,1,2016-12-16T19:39:04.000Z,st_petersburg,2016-12-16T00:00:00.000Z,51,Tug,St. Petersburg,1
59.88226,30.19495,0,0,88,3,SPB,RU,141,0,KAPITAN SOROKIN,3,345312,31,43,28,5138,39,1,2016-12-16T19:39:05.000Z,st_petersburg,2016-12-16T00:00:00.000Z,51,Tug,St. Petersburg,1
59.88226,30.19495,0,0,88,2,SPB,RU,141,0,KAPITAN SOROKIN,3,345312,31,43,28,5138,39,1,2016-12-16T19:41:03.000Z,st_petersburg,2016-12-16T00:00:00.000Z,51,Tug,St. Petersburg,1
59.88226,30.19495,0,0,88,2,SPB,RU,141,0,KAPITAN SOROKIN,3,345312,31,43,28,5138,39,1,2016-12-16T19:41:04.000Z,st_petersburg,2016-12-16T00:00:00.000Z,51,Tug,St. Petersburg,1
59.88226,30.19495,0,0,88,4,SPB,RU,141,0,KAPITAN SOROKIN,3,345312,31,43,28,5138,39,1,2016-12-16T19:43:04.000Z,st_petersburg,2016-12-16T00:00:00.000Z,51,Tug,St. Petersburg,1
59.88226,30.19495,0,0,88,2,SPB,RU,141,0,KAPITAN SOROKIN,3,345312,31,43,28,5138,39,1,2016-12-16T19:43:04.000Z,st_petersburg,2016-12-16T00:00:00.000Z,51,Tug,St. Petersburg,1
59.88223,30.19496,0,0,88,3,SPB,RU,141,0,KAPITAN SOROKIN,3,345312,31,43,28,5138,39,1,2016-12-16T19:45:04.000Z,st_petersburg,2016-12-16T00:00:00.000Z,51,Tug,St. Petersburg,1
59.88223,30.19496,0,0,88,3,SPB,RU,141,0,KAPITAN SOROKIN,3,345312,31,43,28,5138,39,1,2016-12-16T19:45:04.000Z,st_petersburg,2016-12-16T00:00:00.000Z,51,Tug,St. Petersburg,1
59.88228,30.19497,0,0,88,2,SPB,RU,141,0,KAPITAN SOROKIN,3,345312,31,43,28,5138,39,1,2016-12-16T19:47:03.000Z,st_petersburg,2016-12-16T00:00:00.000Z,51,Tug,St. Petersburg,1
59.88228,30.19497,0,0,88,2,SPB,RU,141,0,KAPITAN SOROKIN,3,345312,31,43,28,5138,39,1,2016-12-16T19:47:04.000Z,st_petersburg,2016-12-16T00:00:00.000Z,51,Tug,St. Petersburg,1
59.88228,30.19497,0,0,88,4,SPB,RU,141,0,KAPITAN SOROKIN,3,345312,31,43,28,5138,39,1,2016-12-16T19:49:03.000Z,st_petersburg,2016-12-16T00:00:00.000Z,51,Tug,St. Petersburg,1
59.88228,30.19497,0,0,88,4,SPB,RU,141,0,KAPITAN SOROKIN,3,345312,31,43,28,5138,39,1,2016-12-16T19:49:04.000Z,st_petersburg,2016-12-16T00:00:00.000Z,51,Tug,St. Petersburg,1
59.88222,30.19497,0,0,88,3,SPB,RU,141,0,KAPITAN SOROKIN,3,345312,31,43,28,5138,39,1,2016-12-16T19:51:03.000Z,st_petersburg,2016-12-16T00:00:00.000Z,51,Tug,St. Petersburg,1
59.88222,30.19497,0,0,88,3,SPB,RU,141,0,KAPITAN SOROKIN,3,345312,31,43,28,5138,39,1,2016-12-16T19:51:04.000Z,st_petersburg,2016-12-16T00:00:00.000Z,51,Tug,St. Petersburg,1
59.88226,30.19496,0,0,88,2,SPB,RU,141,0,KAPITAN SOROKIN,3,345312,31,43,28,5138,39,1,2016-12-16T19:53:03.000Z,st_petersburg,2016-12-16T00:00:00.000Z,51,Tug,St. Petersburg,1
59.88222,30.19497,0,0,88,3,SPB,RU,141,0,KAPITAN SOROKIN,3,345312,31,43,28,5138,39,1,2016-12-16T19:53:04.000Z,st_petersburg,2016-12-16T00:00:00.000Z,51,Tug,St. Petersburg,1
59.88226,30.19496,0,0,88,4,SPB,RU,141,0,KAPITAN SOROKIN,3,345312,31,43,28,5138,39,1,2016-12-16T19:55:04.000Z,st_petersburg,2016-12-16T00:00:00.000Z,51,Tug,St. Petersburg,1
59.88226,30.19496,0,0,88,3,SPB,RU,141,0,KAPITAN SOROKIN,3,345312,31,43,28,5138,39,1,2016-12-16T19:55:04.000Z,st_petersburg,2016-12-16T00:00:00.000Z,51,Tug,St. Petersburg,1
59.88226,30.19495,0,0,88,3,SPB,RU,141,0,KAPITAN SOROKIN,3,345312,31,43,28,5138,39,1,2016-12-16T19:57:03.000Z,st_petersburg,2016-12-16T00:00:00.000Z,51,Tug,St. Petersburg,1
59.88226,30.19495,0,0,88,3,SPB,RU,141,0,KAPITAN SOROKIN,3,345312,31,43,28,5138,39,1,2016-12-16T19:57:04.000Z,st_petersburg,2016-12-16T00:00:00.000Z,51,Tug,St. Petersburg,1
59.88227,30.19493,0,0,88,2,SPB,RU,141,0,KAPITAN SOROKIN,3,345312,31,43,28,5138,39,1,2016-12-16T19:59:04.000Z,st_petersburg,2016-12-16T00:00:00.000Z,51,Tug,St. Petersburg,1
59.88227,30.19493,0,0,88,2,SPB,RU,141,0,KAPITAN SOROKIN,3,345312,31,43,28,5138,39,1,2016-12-16T19:59:05.000Z,st_petersburg,2016-12-16T00:00:00.000Z,51,Tug,St. Petersburg,1
59.88227,30.19493,0,0,88,3,SPB,RU,141,0,KAPITAN SOROKIN,3,345312,31,43,28,5138,39,1,2016-12-16T20:01:04.000Z,st_petersburg,2016-12-16T00:00:00.000Z,51,Tug,St. Petersburg,1
59.88227,30.19493,0,0,88,4,SPB,RU,141,0,KAPITAN SOROKIN,3,345312,31,43,28,5138,39,1,2016-12-16T20:01:05.000Z,st_petersburg,2016-12-16T00:00:00.000Z,51,Tug,St. Petersburg,1
59.88227,30.19493,0,0,88,6,SPB,RU,141,0,KAPITAN SOROKIN,3,345312,31,43,28,5138,39,1,2016-12-16T20:03:03.000Z,st_petersburg,2016-12-16T00:00:00.000Z,51,Tug,St. Petersburg,1
59.88227,30.19493,0,0,88,6,SPB,RU,141,0,KAPITAN SOROKIN,3,345312,31,43,28,5138,39,1,2016-12-16T20:03:04.000Z,st_petersburg,2016-12-16T00:00:00.000Z,51,Tug,St. Petersburg,1
59.88227,30.19493,0,0,88,8,SPB,RU,141,0,KAPITAN SOROKIN,3,345312,31,43,28,5138,39,1,2016-12-16T20:05:04.000Z,st_petersburg,2016-12-16T00:00:00.000Z,51,Tug,St. Petersburg,1
59.88227,30.19493,0,0,88,8,SPB,RU,141,0,KAPITAN SOROKIN,3,345312,31,43,28,5138,39,1,2016-12-16T20:05:04.000Z,st_petersburg,2016-12-16T00:00:00.000Z,51,Tug,St. Petersburg,1
59.88227,30.19494,0,0,88,2,SPB,RU,141,0,KAPITAN SOROKIN,3,345312,31,43,28,5138,39,1,2016-12-16T20:07:04.000Z,st_petersburg,2016-12-16T00:00:00.000Z,51,Tug,St. Petersburg,1
59.88227,30.19494,0,0,88,2,SPB,RU,141,0,KAPITAN SOROKIN,3,345312,31,43,28,5138,39,1,2016-12-16T20:07:05.000Z,st_petersburg,2016-12-16T00:00:00.000Z,51,Tug,St. Petersburg,1
59.88227,30.19494,0,0,88,4,SPB,RU,141,0,KAPITAN SOROKIN,3,345312,31,43,28,5138,39,1,2016-12-16T20:09:03.000Z,st_petersburg,2016-12-16T00:00:00.000Z,51,Tug,St. Petersburg,1
59.88227,30.19494,0,0,88,3,SPB,RU,141,0,KAPITAN SOROKIN,3,345312,31,43,28,5138,39,1,2016-12-16T20:09:04.000Z,st_petersburg,2016-12-16T00:00:00.000Z,51,Tug,St. Petersburg,1
59.88227,30.19492,0,0,88,3,SPB,RU,141,0,KAPITAN SOROKIN,3,345312,31,43,28,5138,39,1,2016-12-16T20:11:03.000Z,st_petersburg,2016-12-16T00:00:00.000Z,51,Tug,St. Petersburg,1
59.88227,30.19492,0,0,88,3,SPB,RU,141,0,KAPITAN SOROKIN,3,345312,31,43,28,5138,39,1,2016-12-16T20:11:04.000Z,st_petersburg,2016-12-16T00:00:00.000Z,51,Tug,St. Petersburg,1
59.88227,30.19494,0,0,88,2,SPB,RU,141,0,KAPITAN SOROKIN,3,345312,31,43,28,5138,39,1,2016-12-16T20:13:04.000Z,st_petersburg,2016-12-16T00:00:00.000Z,51,Tug,St. Petersburg,1
59.88227,30.19492,0,0,88,3,SPB,RU,141,0,KAPITAN SOROKIN,3,345312,31,43,28,5138,39,1,2016-12-16T20:13:05.000Z,st_petersburg,2016-12-16T00:00:00.000Z,51,Tug,St. Petersburg,1
59.88227,30.19494,0,0,88,4,SPB,RU,141,0,KAPITAN SOROKIN,3,345312,31,43,28,5138,39,1,2016-12-16T20:15:03.000Z,st_petersburg,2016-12-16T00:00:00.000Z,51,Tug,St. Petersburg,1
59.88227,30.19494,0,0,88,4,SPB,RU,141,0,KAPITAN SOROKIN,3,345312,31,43,28,5138,39,1,2016-12-16T20:15:04.000Z,st_petersburg,2016-12-16T00:00:00.000Z,51,Tug,St. Petersburg,1
59.88227,30.19495,0,0,88,2,SPB,RU,141,0,KAPITAN SOROKIN,3,345312,31,43,28,5138,39,1,2016-12-16T20:17:03.000Z,st_petersburg,2016-12-16T00:00:00.000Z,51,Tug,St. Petersburg,1
59.88227,30.19495,0,0,88,2,SPB,RU,141,0,KAPITAN SOROKIN,3,345312,31,43,28,5138,39,1,2016-12-16T20:17:04.000Z,st_petersburg,2016-12-16T00:00:00.000Z,51,Tug,St. Petersburg,1
59.88227,30.19495,0,0,88,4,SPB,RU,141,0,KAPITAN SOROKIN,3,345312,31,43,28,5138,39,1,2016-12-16T20:19:03.000Z,st_petersburg,2016-12-16T00:00:00.000Z,51,Tug,St. Petersburg,1
59.88227,30.19495,0,0,88,2,SPB,RU,141,0,KAPITAN SOROKIN,3,345312,31,43,28,5138,39,1,2016-12-16T20:19:04.000Z,st_petersburg,2016-12-16T00:00:00.000Z,51,Tug,St. Petersburg,1
59.88227,30.19495,0,0,88,6,SPB,RU,141,0,KAPITAN SOROKIN,3,345312,31,43,28,5138,39,1,2016-12-16T20:21:03.000Z,st_petersburg,2016-12-16T00:00:00.000Z,51,Tug,St. Petersburg,1
59.88227,30.19495,0,0,88,6,SPB,RU,141,0,KAPITAN SOROKIN,3,345312,31,43,28,5138,39,1,2016-12-16T20:21:04.000Z,st_petersburg,2016-12-16T00:00:00.000Z,51,Tug,St. Petersburg,1
59.88227,30.19495,0,0,88,8,SPB,RU,141,0,KAPITAN SOROKIN,3,345312,31,43,28,5138,39,1,2016-12-16T20:23:03.000Z,st_petersburg,2016-12-16T00:00:00.000Z,51,Tug,St. Petersburg,1
59.88227,30.19495,0,0,88,8,SPB,RU,141,0,KAPITAN SOROKIN,3,345312,31,43,28,5138,39,1,2016-12-16T20:23:04.000Z,st_petersburg,2016-12-16T00:00:00.000Z,51,Tug,St. Petersburg,1
59.88227,30.19495,0,0,88,10,SPB,RU,141,0,KAPITAN SOROKIN,3,345312,31,43,28,5138,39,1,2016-12-16T20:25:03.000Z,st_petersburg,2016-12-16T00:00:00.000Z,51,Tug,St. Petersburg,1
59.88227,30.19495,0,0,88,8,SPB,RU,141,0,KAPITAN SOROKIN,3,345312,31,43,28,5138,39,1,2016-12-16T20:25:04.000Z,st_petersburg,2016-12-16T00:00:00.000Z,51,Tug,St. Petersburg,1
59.88226,30.19496,0,0,88,4,SPB,RU,141,0,KAPITAN SOROKIN,3,345312,31,43,28,5138,39,1,2016-12-16T20:27:03.000Z,st_petersburg,2016-12-16T00:00:00.000Z,51,Tug,St. Petersburg,1
59.88226,30.19496,0,0,88,4,SPB,RU,141,0,KAPITAN SOROKIN,3,345312,31,43,28,5138,39,1,2016-12-16T20:27:04.000Z,st_petersburg,2016-12-16T00:00:00.000Z,51,Tug,St. Petersburg,1
59.88226,30.19496,0,0,88,6,SPB,RU,141,0,KAPITAN SOROKIN,3,345312,31,43,28,5138,39,1,2016-12-16T20:29:04.000Z,st_petersburg,2016-12-16T00:00:00.000Z,51,Tug,St. Petersburg,1
59.88226,30.19496,0,0,88,6,SPB,RU,141,0,KAPITAN SOROKIN,3,345312,31,43,28,5138,39,1,2016-12-16T20:29:04.000Z,st_petersburg,2016-12-16T00:00:00.000Z,51,Tug,St. Petersburg,1
59.88226,30.19496,0,0,88,8,SPB,RU,141,0,KAPITAN SOROKIN,3,345312,31,43,28,5138,39,1,2016-12-16T20:31:02.000Z,st_petersburg,2016-12-16T00:00:00.000Z,51,Tug,St. Petersburg,1
59.88226,30.19496,0,0,88,8,SPB,RU,141,0,KAPITAN SOROKIN,3,345312,31,43,28,5138,39,1,2016-12-16T20:31:03.000Z,st_petersburg,2016-12-16T00:00:00.000Z,51,Tug,St. Petersburg,1
59.88225,30.19494,0,0,88,2,SPB,RU,141,0,KAPITAN SOROKIN,3,345312,31,43,28,5138,39,1,2016-12-16T20:33:04.000Z,st_petersburg,2016-12-16T00:00:00.000Z,51,Tug,St. Petersburg,1
59.88226,30.19496,0,0,88,8,SPB,RU,141,0,KAPITAN SOROKIN,3,345312,31,43,28,5138,39,1,2016-12-16T20:33:04.000Z,st_petersburg,2016-12-16T00:00:00.000Z,51,Tug,St. Petersburg,1
59.88225,30.19494,0,0,88,4,SPB,RU,141,0,KAPITAN SOROKIN,3,345312,31,43,28,5138,39,1,2016-12-16T20:35:03.000Z,st_petersburg,2016-12-16T00:00:00.000Z,51,Tug,St. Petersburg,1
59.88225,30.19494,0,0,88,3,SPB,RU,141,0,KAPITAN SOROKIN,3,345312,31,43,28,5138,39,1,2016-12-16T20:35:04.000Z,st_petersburg,2016-12-16T00:00:00.000Z,51,Tug,St. Petersburg,1
59.88227,30.19497,0,0,88,3,SPB,RU,141,0,KAPITAN SOROKIN,3,345312,31,43,28,5138,39,1,2016-12-16T20:37:04.000Z,st_petersburg,2016-12-16T00:00:00.000Z,51,Tug,St. Petersburg,1
59.88227,30.19497,0,0,88,3,SPB,RU,141,0,KAPITAN SOROKIN,3,345312,31,43,28,5138,39,1,2016-12-16T20:37:04.000Z,st_petersburg,2016-12-16T00:00:00.000Z,51,Tug,St. Petersburg,1
59.88221,30.19497,0,0,88,2,SPB,RU,141,0,KAPITAN SOROKIN,3,345312,31,43,28,5138,39,1,2016-12-16T20:39:03.000Z,st_petersburg,2016-12-16T00:00:00.000Z,51,Tug,St. Petersburg,1
59.88221,30.19497,0,0,88,2,SPB,RU,141,0,KAPITAN SOROKIN,3,345312,31,43,28,5138,39,1,2016-12-16T20:39:04.000Z,st_petersburg,2016-12-16T00:00:00.000Z,51,Tug,St. Petersburg,1
59.88221,30.19497,0,0,88,4,SPB,RU,141,0,KAPITAN SOROKIN,3,345312,31,43,28,5138,39,1,2016-12-16T20:41:03.000Z,st_petersburg,2016-12-16T00:00:00.000Z,51,Tug,St. Petersburg,1
59.88221,30.19497,0,0,88,4,SPB,RU,141,0,KAPITAN SOROKIN,3,345312,31,43,28,5138,39,1,2016-12-16T20:41:04.000Z,st_petersburg,2016-12-16T00:00:00.000Z,51,Tug,St. Petersburg,1
59.88225,30.19493,0,0,88,3,SPB,RU,141,0,KAPITAN SOROKIN,3,345312,31,43,28,5138,39,1,2016-12-16T20:43:03.000Z,st_petersburg,2016-12-16T00:00:00.000Z,51,Tug,St. Petersburg,1
59.88225,30.19493,0,0,88,3,SPB,RU,141,0,KAPITAN SOROKIN,3,345312,31,43,28,5138,39,1,2016-12-16T20:43:04.000Z,st_petersburg,2016-12-16T00:00:00.000Z,51,Tug,St. Petersburg,1
59.88225,30.19496,0,0,88,2,SPB,RU,141,0,KAPITAN SOROKIN,3,345312,31,43,28,5138,39,1,2016-12-16T20:45:03.000Z,st_petersburg,2016-12-16T00:00:00.000Z,51,Tug,St. Petersburg,1
59.88225,30.19496,0,0,88,2,SPB,RU,141,0,KAPITAN SOROKIN,3,345312,31,43,28,5138,39,1,2016-12-16T20:45:04.000Z,st_petersburg,2016-12-16T00:00:00.000Z,51,Tug,St. Petersburg,1
59.88225,30.19496,0,0,88,4,SPB,RU,141,0,KAPITAN SOROKIN,3,345312,31,43,28,5138,39,1,2016-12-16T20:47:03.000Z,st_petersburg,2016-12-16T00:00:00.000Z,51,Tug,St. Petersburg,1
59.88225,30.19496,0,0,88,4,SPB,RU,141,0,KAPITAN SOROKIN,3,345312,31,43,28,5138,39,1,2016-12-16T20:47:04.000Z,st_petersburg,2016-12-16T00:00:00.000Z,51,Tug,St. Petersburg,1
59.88223,30.1949,0,0,88,2,SPB,RU,141,0,KAPITAN SOROKIN,3,345312,31,43,28,5138,39,1,2016-12-16T20:49:04.000Z,st_petersburg,2016-12-16T00:00:00.000Z,51,Tug,St. Petersburg,1
59.88223,30.1949,0,0,88,2,SPB,RU,141,0,KAPITAN SOROKIN,3,345312,31,43,28,5138,39,1,2016-12-16T20:49:05.000Z,st_petersburg,2016-12-16T00:00:00.000Z,51,Tug,St. Petersburg,1
59.88223,30.1949,0,0,88,4,SPB,RU,141,0,KAPITAN SOROKIN,3,345312,31,43,28,5138,39,1,2016-12-16T20:51:04.000Z,st_petersburg,2016-12-16T00:00:00.000Z,51,Tug,St. Petersburg,1
59.88223,30.1949,0,0,88,4,SPB,RU,141,0,KAPITAN SOROKIN,3,345312,31,43,28,5138,39,1,2016-12-16T20:51:04.000Z,st_petersburg,2016-12-16T00:00:00.000Z,51,Tug,St. Petersburg,1
59.88223,30.1949,0,0,88,6,SPB,RU,141,0,KAPITAN SOROKIN,3,345312,31,43,28,5138,39,1,2016-12-16T20:53:03.000Z,st_petersburg,2016-12-16T00:00:00.000Z,51,Tug,St. Petersburg,1
59.88223,30.1949,0,0,88,6,SPB,RU,141,0,KAPITAN SOROKIN,3,345312,31,43,28,5138,39,1,2016-12-16T20:53:04.000Z,st_petersburg,2016-12-16T00:00:00.000Z,51,Tug,St. Petersburg,1
59.88223,30.1949,0,0,88,8,SPB,RU,141,0,KAPITAN SOROKIN,3,345312,31,43,28,5138,39,1,2016-12-16T20:55:03.000Z,st_petersburg,2016-12-16T00:00:00.000Z,51,Tug,St. Petersburg,1
59.88223,30.1949,0,0,88,8,SPB,RU,141,0,KAPITAN SOROKIN,3,345312,31,43,28,5138,39,1,2016-12-16T20:55:04.000Z,st_petersburg,2016-12-16T00:00:00.000Z,51,Tug,St. Petersburg,1
59.88226,30.19494,0,0,88,2,SPB,RU,141,0,KAPITAN SOROKIN,3,345312,31,43,28,5138,39,1,2016-12-16T20:57:03.000Z,st_petersburg,2016-12-16T00:00:00.000Z,51,Tug,St. Petersburg,1
59.88223,30.1949,0,0,88,8,SPB,RU,141,0,KAPITAN SOROKIN,3,345312,31,43,28,5138,39,1,2016-12-16T20:57:04.000Z,st_petersburg,2016-12-16T00:00:00.000Z,51,Tug,St. Petersburg,1
59.88226,30.19494,0,0,88,4,SPB,RU,141,0,KAPITAN SOROKIN,3,345312,31,43,28,5138,39,1,2016-12-16T20:59:03.000Z,st_petersburg,2016-12-16T00:00:00.000Z,51,Tug,St. Petersburg,1
59.88226,30.19494,0,0,88,4,SPB,RU,141,0,KAPITAN SOROKIN,3,345312,31,43,28,5138,39,1,2016-12-16T20:59:04.000Z,st_petersburg,2016-12-16T00:00:00.000Z,51,Tug,St. Petersburg,1
59.88226,30.19494,0,0,88,6,SPB,RU,141,0,KAPITAN SOROKIN,3,345312,31,43,28,5138,39,1,2016-12-16T21:01:03.000Z,st_petersburg,2016-12-16T00:00:00.000Z,51,Tug,St. Petersburg,1
59.88226,30.19494,0,0,88,6,SPB,RU,141,0,KAPITAN SOROKIN,3,345312,31,43,28,5138,39,1,2016-12-16T21:01:04.000Z,st_petersburg,2016-12-16T00:00:00.000Z,51,Tug,St. Petersburg,1
59.88226,30.19494,0,0,88,8,SPB,RU,141,0,KAPITAN SOROKIN,3,345312,31,43,28,5138,39,1,2016-12-16T21:03:03.000Z,st_petersburg,2016-12-16T00:00:00.000Z,51,Tug,St. Petersburg,1
59.88226,30.19494,0,0,88,7,SPB,RU,141,0,KAPITAN SOROKIN,3,345312,31,43,28,5138,39,1,2016-12-16T21:03:04.000Z,st_petersburg,2016-12-16T00:00:00.000Z,51,Tug,St. Petersburg,1
59.88225,30.19495,0,0,88,2,SPB,RU,141,0,KAPITAN SOROKIN,3,345312,31,43,28,5138,39,1,2016-12-16T21:05:03.000Z,st_petersburg,2016-12-16T00:00:00.000Z,51,Tug,St. Petersburg,1
59.88225,30.19495,0,0,88,2,SPB,RU,141,0,KAPITAN SOROKIN,3,345312,31,43,28,5138,39,1,2016-12-16T21:05:04.000Z,st_petersburg,2016-12-16T00:00:00.000Z,51,Tug,St. Petersburg,1
59.88225,30.19495,0,0,88,4,SPB,RU,141,0,KAPITAN SOROKIN,3,345312,31,43,28,5138,39,1,2016-12-16T21:07:03.000Z,st_petersburg,2016-12-16T00:00:00.000Z,51,Tug,St. Petersburg,1
59.88225,30.19495,0,0,88,4,SPB,RU,141,0,KAPITAN SOROKIN,3,345312,31,43,28,5138,39,1,2016-12-16T21:07:04.000Z,st_petersburg,2016-12-16T00:00:00.000Z,51,Tug,St. Petersburg,1
59.88225,30.19493,0,0,88,3,SPB,RU,141,0,KAPITAN SOROKIN,3,345312,31,43,28,5138,39,1,2016-12-16T21:09:04.000Z,st_petersburg,2016-12-16T00:00:00.000Z,51,Tug,St. Petersburg,1
59.88225,30.19493,0,0,88,3,SPB,RU,141,0,KAPITAN SOROKIN,3,345312,31,43,28,5138,39,1,2016-12-16T21:09:05.000Z,st_petersburg,2016-12-16T00:00:00.000Z,51,Tug,St. Petersburg,1
59.88225,30.19493,0,0,88,3,SPB,RU,141,0,KAPITAN SOROKIN,3,345312,31,43,28,5138,39,1,2016-12-16T21:11:03.000Z,st_petersburg,2016-12-16T00:00:00.000Z,51,Tug,St. Petersburg,1
59.88227,30.19495,0,0,88,2,SPB,RU,141,0,KAPITAN SOROKIN,3,345312,31,43,28,5138,39,1,2016-12-16T21:11:04.000Z,st_petersburg,2016-12-16T00:00:00.000Z,51,Tug,St. Petersburg,1
59.88227,30.19495,0,0,88,4,SPB,RU,141,0,KAPITAN SOROKIN,3,345312,31,43,28,5138,39,1,2016-12-16T21:13:03.000Z,st_petersburg,2016-12-16T00:00:00.000Z,51,Tug,St. Petersburg,1
59.88227,30.19495,0,0,88,4,SPB,RU,141,0,KAPITAN SOROKIN,3,345312,31,43,28,5138,39,1,2016-12-16T21:13:04.000Z,st_petersburg,2016-12-16T00:00:00.000Z,51,Tug,St. Petersburg,1
59.88227,30.19495,0,0,88,6,SPB,RU,141,0,KAPITAN SOROKIN,3,345312,31,43,28,5138,39,1,2016-12-16T21:15:04.000Z,st_petersburg,2016-12-16T00:00:00.000Z,51,Tug,St. Petersburg,1
59.88227,30.19495,0,0,88,6,SPB,RU,141,0,KAPITAN SOROKIN,3,345312,31,43,28,5138,39,1,2016-12-16T21:15:05.000Z,st_petersburg,2016-12-16T00:00:00.000Z,51,Tug,St. Petersburg,1
59.88227,30.19495,0,0,88,8,SPB,RU,141,0,KAPITAN SOROKIN,3,345312,31,43,28,5138,39,1,2016-12-16T21:17:04.000Z,st_petersburg,2016-12-16T00:00:00.000Z,51,Tug,St. Petersburg,1
59.88227,30.19495,0,0,88,8,SPB,RU,141,0,KAPITAN SOROKIN,3,345312,31,43,28,5138,39,1,2016-12-16T21:17:04.000Z,st_petersburg,2016-12-16T00:00:00.000Z,51,Tug,St. Petersburg,1
59.88225,30.19494,0,0,88,2,SPB,RU,141,0,KAPITAN SOROKIN,3,345312,31,43,28,5138,39,1,2016-12-16T21:19:04.000Z,st_petersburg,2016-12-16T00:00:00.000Z,51,Tug,St. Petersburg,1
59.88225,30.19494,0,0,88,2,SPB,RU,141,0,KAPITAN SOROKIN,3,345312,31,43,28,5138,39,1,2016-12-16T21:19:05.000Z,st_petersburg,2016-12-16T00:00:00.000Z,51,Tug,St. Petersburg,1
59.88225,30.19494,0,0,88,4,SPB,RU,141,0,KAPITAN SOROKIN,3,345312,31,43,28,5138,39,1,2016-12-16T21:21:04.000Z,st_petersburg,2016-12-16T00:00:00.000Z,51,Tug,St. Petersburg,1
59.88225,30.19494,0,0,88,3,SPB,RU,141,0,KAPITAN SOROKIN,3,345312,31,43,28,5138,39,1,2016-12-16T21:21:04.000Z,st_petersburg,2016-12-16T00:00:00.000Z,51,Tug,St. Petersburg,1
59.88224,30.19492,0,0,88,3,SPB,RU,141,0,KAPITAN SOROKIN,3,345312,31,43,28,5138,39,1,2016-12-16T21:23:03.000Z,st_petersburg,2016-12-16T00:00:00.000Z,51,Tug,St. Petersburg,1
59.88224,30.19492,0,0,88,2,SPB,RU,141,0,KAPITAN SOROKIN,3,345312,31,43,28,5138,39,1,2016-12-16T21:23:04.000Z,st_petersburg,2016-12-16T00:00:00.000Z,51,Tug,St. Petersburg,1
59.88227,30.19494,0,0,88,2,SPB,RU,141,0,KAPITAN SOROKIN,3,345312,31,43,28,5138,39,1,2016-12-16T21:25:04.000Z,st_petersburg,2016-12-16T00:00:00.000Z,51,Tug,St. Petersburg,1
59.88227,30.19494,0,0,88,2,SPB,RU,141,0,KAPITAN SOROKIN,3,345312,31,43,28,5138,39,1,2016-12-16T21:25:05.000Z,st_petersburg,2016-12-16T00:00:00.000Z,51,Tug,St. Petersburg,1
59.88227,30.19494,0,0,88,4,SPB,RU,141,0,KAPITAN SOROKIN,3,345312,31,43,28,5138,39,1,2016-12-16T21:27:03.000Z,st_petersburg,2016-12-16T00:00:00.000Z,51,Tug,St. Petersburg,1
59.88227,30.19494,0,0,88,4,SPB,RU,141,0,KAPITAN SOROKIN,3,345312,31,43,28,5138,39,1,2016-12-16T21:27:04.000Z,st_petersburg,2016-12-16T00:00:00.000Z,51,Tug,St. Petersburg,1
59.88226,30.19495,0,0,88,2,SPB,RU,141,0,KAPITAN SOROKIN,3,345312,31,43,28,5138,39,1,2016-12-16T21:29:04.000Z,st_petersburg,2016-12-16T00:00:00.000Z,51,Tug,St. Petersburg,1
59.88226,30.19495,0,0,88,2,SPB,RU,141,0,KAPITAN SOROKIN,3,345312,31,43,28,5138,39,1,2016-12-16T21:29:04.000Z,st_petersburg,2016-12-16T00:00:00.000Z,51,Tug,St. Petersburg,1
59.88226,30.19495,0,0,88,4,SPB,RU,141,0,KAPITAN SOROKIN,3,345312,31,43,28,5138,39,1,2016-12-16T21:31:05.000Z,st_petersburg,2016-12-16T00:00:00.000Z,51,Tug,St. Petersburg,1
59.88226,30.19495,0,0,88,4,SPB,RU,141,0,KAPITAN SOROKIN,3,345312,31,43,28,5138,39,1,2016-12-16T21:31:07.000Z,st_petersburg,2016-12-16T00:00:00.000Z,51,Tug,St. Petersburg,1
59.88226,30.19495,0,0,88,6,SPB,RU,141,0,KAPITAN SOROKIN,3,345312,31,43,28,5138,39,1,2016-12-16T21:33:06.000Z,st_petersburg,2016-12-16T00:00:00.000Z,51,Tug,St. Petersburg,1
59.88226,30.19495,0,0,88,4,SPB,RU,141,0,KAPITAN SOROKIN,3,345312,31,43,28,5138,39,1,2016-12-16T21:33:07.000Z,st_petersburg,2016-12-16T00:00:00.000Z,51,Tug,St. Petersburg,1
59.88226,30.19495,0,0,88,8,SPB,RU,141,0,KAPITAN SOROKIN,3,345312,31,43,28,5138,39,1,2016-12-16T21:35:05.000Z,st_petersburg,2016-12-16T00:00:00.000Z,51,Tug,St. Petersburg,1
59.88226,30.19495,0,0,88,8,SPB,RU,141,0,KAPITAN SOROKIN,3,345312,31,43,28,5138,39,1,2016-12-16T21:35:06.000Z,st_petersburg,2016-12-16T00:00:00.000Z,51,Tug,St. Petersburg,1
59.88223,30.19493,0,0,88,2,SPB,RU,141,0,KAPITAN SOROKIN,3,345312,31,43,28,5138,39,1,2016-12-16T21:37:04.000Z,st_petersburg,2016-12-16T00:00:00.000Z,51,Tug,St. Petersburg,1
59.88223,30.19493,0,0,88,2,SPB,RU,141,0,KAPITAN SOROKIN,3,345312,31,43,28,5138,39,1,2016-12-16T21:37:06.000Z,st_petersburg,2016-12-16T00:00:00.000Z,51,Tug,St. Petersburg,1
59.88223,30.19493,0,0,88,4,SPB,RU,141,0,KAPITAN SOROKIN,3,345312,31,43,28,5138,39,1,2016-12-16T21:39:05.000Z,st_petersburg,2016-12-16T00:00:00.000Z,51,Tug,St. Petersburg,1
59.88223,30.19493,0,0,88,4,SPB,RU,141,0,KAPITAN SOROKIN,3,345312,31,43,28,5138,39,1,2016-12-16T21:39:08.000Z,st_petersburg,2016-12-16T00:00:00.000Z,51,Tug,St. Petersburg,1
59.88228,30.19493,0,0,88,3,SPB,RU,141,0,KAPITAN SOROKIN,3,345312,31,43,28,5138,39,1,2016-12-16T21:41:05.000Z,st_petersburg,2016-12-16T00:00:00.000Z,51,Tug,St. Petersburg,1
59.88228,30.19493,0,0,88,2,SPB,RU,141,0,KAPITAN SOROKIN,3,345312,31,43,28,5138,39,1,2016-12-16T21:41:07.000Z,st_petersburg,2016-12-16T00:00:00.000Z,51,Tug,St. Petersburg,1
59.88225,30.19495,0,0,88,2,SPB,RU,141,0,KAPITAN SOROKIN,3,345312,31,43,28,5138,39,1,2016-12-16T21:43:05.000Z,st_petersburg,2016-12-16T00:00:00.000Z,51,Tug,St. Petersburg,1
59.88225,30.19495,0,0,88,2,SPB,RU,141,0,KAPITAN SOROKIN,3,345312,31,43,28,5138,39,1,2016-12-16T21:43:06.000Z,st_petersburg,2016-12-16T00:00:00.000Z,51,Tug,St. Petersburg,1
59.88225,30.19495,0,0,88,4,SPB,RU,141,0,KAPITAN SOROKIN,3,345312,31,43,28,5138,39,1,2016-12-16T21:45:05.000Z,st_petersburg,2016-12-16T00:00:00.000Z,51,Tug,St. Petersburg,1
59.88225,30.19495,0,0,88,4,SPB,RU,141,0,KAPITAN SOROKIN,3,345312,31,43,28,5138,39,1,2016-12-16T21:45:06.000Z,st_petersburg,2016-12-16T00:00:00.000Z,51,Tug,St. Petersburg,1
59.88226,30.19495,0,0,88,3,SPB,RU,141,0,KAPITAN SOROKIN,3,345312,31,43,28,5138,39,1,2016-12-16T21:47:05.000Z,st_petersburg,2016-12-16T00:00:00.000Z,51,Tug,St. Petersburg,1
59.88226,30.19495,0,0,88,3,SPB,RU,141,0,KAPITAN SOROKIN,3,345312,31,43,28,5138,39,1,2016-12-16T21:47:06.000Z,st_petersburg,2016-12-16T00:00:00.000Z,51,Tug,St. Petersburg,1
59.88225,30.19495,0,0,88,2,SPB,RU,141,0,KAPITAN SOROKIN,3,345312,31,43,28,5138,39,1,2016-12-16T21:49:05.000Z,st_petersburg,2016-12-16T00:00:00.000Z,51,Tug,St. Petersburg,1
59.88225,30.19495,0,0,88,2,SPB,RU,141,0,KAPITAN SOROKIN,3,345312,31,43,28,5138,39,1,2016-12-16T21:49:06.000Z,st_petersburg,2016-12-16T00:00:00.000Z,51,Tug,St. Petersburg,1
59.88225,30.19495,0,0,88,4,SPB,RU,141,0,KAPITAN SOROKIN,3,345312,31,43,28,5138,39,1,2016-12-16T21:51:04.000Z,st_petersburg,2016-12-16T00:00:00.000Z,51,Tug,St. Petersburg,1
59.88225,30.19495,0,0,88,4,SPB,RU,141,0,KAPITAN SOROKIN,3,345312,31,43,28,5138,39,1,2016-12-16T21:51:05.000Z,st_petersburg,2016-12-16T00:00:00.000Z,51,Tug,St. Petersburg,1
59.88225,30.19494,0,0,88,2,SPB,RU,141,0,KAPITAN SOROKIN,3,345312,31,43,28,5138,39,1,2016-12-16T21:53:03.000Z,st_petersburg,2016-12-16T00:00:00.000Z,51,Tug,St. Petersburg,1
59.88225,30.19494,0,0,88,2,SPB,RU,141,0,KAPITAN SOROKIN,3,345312,31,43,28,5138,39,1,2016-12-16T21:53:04.000Z,st_petersburg,2016-12-16T00:00:00.000Z,51,Tug,St. Petersburg,1
59.88225,30.19494,0,0,88,4,SPB,RU,141,0,KAPITAN SOROKIN,3,345312,31,43,28,5138,39,1,2016-12-16T21:55:04.000Z,st_petersburg,2016-12-16T00:00:00.000Z,51,Tug,St. Petersburg,1
59.88225,30.19494,0,0,88,4,SPB,RU,141,0,KAPITAN SOROKIN,3,345312,31,43,28,5138,39,1,2016-12-16T21:55:05.000Z,st_petersburg,2016-12-16T00:00:00.000Z,51,Tug,St. Petersburg,1
59.88225,30.19494,0,0,88,6,SPB,RU,141,0,KAPITAN SOROKIN,3,345312,31,43,28,5138,39,1,2016-12-16T21:57:03.000Z,st_petersburg,2016-12-16T00:00:00.000Z,51,Tug,St. Petersburg,1
59.88225,30.19494,0,0,88,6,SPB,RU,141,0,KAPITAN SOROKIN,3,345312,31,43,28,5138,39,1,2016-12-16T21:57:04.000Z,st_petersburg,2016-12-16T00:00:00.000Z,51,Tug,St. Petersburg,1
59.88225,30.19494,0,0,88,8,SPB,RU,141,0,KAPITAN SOROKIN,3,345312,31,43,28,5138,39,1,2016-12-16T21:59:03.000Z,st_petersburg,2016-12-16T00:00:00.000Z,51,Tug,St. Petersburg,1
59.88225,30.19494,0,0,88,8,SPB,RU,141,0,KAPITAN SOROKIN,3,345312,31,43,28,5138,39,1,2016-12-16T21:59:04.000Z,st_petersburg,2016-12-16T00:00:00.000Z,51,Tug,St. Petersburg,1
59.88224,30.19491,0,0,88,2,SPB,RU,141,0,KAPITAN SOROKIN,3,345312,31,43,28,5138,39,1,2016-12-16T22:01:03.000Z,st_petersburg,2016-12-16T00:00:00.000Z,51,Tug,St. Petersburg,1
59.88224,30.19491,0,0,88,2,SPB,RU,141,0,KAPITAN SOROKIN,3,345312,31,43,28,5138,39,1,2016-12-16T22:01:04.000Z,st_petersburg,2016-12-16T00:00:00.000Z,51,Tug,St. Petersburg,1
59.88224,30.19491,0,0,88,4,SPB,RU,141,0,KAPITAN SOROKIN,3,345312,31,43,28,5138,39,1,2016-12-16T22:03:03.000Z,st_petersburg,2016-12-16T00:00:00.000Z,51,Tug,St. Petersburg,1
59.88224,30.19491,0,0,88,4,SPB,RU,141,0,KAPITAN SOROKIN,3,345312,31,43,28,5138,39,1,2016-12-16T22:03:04.000Z,st_petersburg,2016-12-16T00:00:00.000Z,51,Tug,St. Petersburg,1
59.88226,30.19493,0,0,88,3,SPB,RU,141,0,KAPITAN SOROKIN,3,345312,31,43,28,5138,39,1,2016-12-16T22:05:03.000Z,st_petersburg,2016-12-16T00:00:00.000Z,51,Tug,St. Petersburg,1
59.88226,30.19493,0,0,88,3,SPB,RU,141,0,KAPITAN SOROKIN,3,345312,31,43,28,5138,39,1,2016-12-16T22:05:04.000Z,st_petersburg,2016-12-16T00:00:00.000Z,51,Tug,St. Petersburg,1
59.88225,30.19494,0,0,88,2,SPB,RU,141,0,KAPITAN SOROKIN,3,345312,31,43,28,5138,39,1,2016-12-16T22:07:04.000Z,st_petersburg,2016-12-16T00:00:00.000Z,51,Tug,St. Petersburg,1
59.88225,30.19494,0,0,88,1,SPB,RU,141,0,KAPITAN SOROKIN,3,345312,31,43,28,5138,39,1,2016-12-16T22:07:05.000Z,st_petersburg,2016-12-16T00:00:00.000Z,51,Tug,St. Petersburg,1
59.88225,30.19494,0,0,88,2,SPB,RU,141,0,KAPITAN SOROKIN,3,345312,31,43,28,5138,39,1,2016-12-16T22:09:03.000Z,st_petersburg,2016-12-16T00:00:00.000Z,51,Tug,St. Petersburg,1
59.88225,30.19494,0,0,88,4,SPB,RU,141,0,KAPITAN SOROKIN,3,345312,31,43,28,5138,39,1,2016-12-16T22:09:04.000Z,st_petersburg,2016-12-16T00:00:00.000Z,51,Tug,St. Petersburg,1
59.88223,30.19495,0,0,88,3,SPB,RU,141,0,KAPITAN SOROKIN,3,345312,31,43,28,5138,39,1,2016-12-16T22:11:03.000Z,st_petersburg,2016-12-16T00:00:00.000Z,51,Tug,St. Petersburg,1
59.88223,30.19495,0,0,88,3,SPB,RU,141,0,KAPITAN SOROKIN,3,345312,31,43,28,5138,39,1,2016-12-16T22:11:04.000Z,st_petersburg,2016-12-16T00:00:00.000Z,51,Tug,St. Petersburg,1
59.88223,30.19495,0,0,88,5,SPB,RU,141,0,KAPITAN SOROKIN,3,345312,31,43,28,5138,39,1,2016-12-16T22:13:03.000Z,st_petersburg,2016-12-16T00:00:00.000Z,51,Tug,St. Petersburg,1
59.88223,30.19495,0,0,88,4,SPB,RU,141,0,KAPITAN SOROKIN,3,345312,31,43,28,5138,39,1,2016-12-16T22:13:04.000Z,st_petersburg,2016-12-16T00:00:00.000Z,51,Tug,St. Petersburg,1
59.88225,30.19493,0,0,88,3,SPB,RU,141,0,KAPITAN SOROKIN,3,345312,31,43,28,5138,39,1,2016-12-16T22:15:03.000Z,st_petersburg,2016-12-16T00:00:00.000Z,51,Tug,St. Petersburg,1
59.88225,30.19493,0,0,88,3,SPB,RU,141,0,KAPITAN SOROKIN,3,345312,31,43,28,5138,39,1,2016-12-16T22:15:04.000Z,st_petersburg,2016-12-16T00:00:00.000Z,51,Tug,St. Petersburg,1
59.88223,30.19494,0,0,88,2,SPB,RU,141,0,KAPITAN SOROKIN,3,345312,31,43,28,5138,39,1,2016-12-16T22:17:03.000Z,st_petersburg,2016-12-16T00:00:00.000Z,51,Tug,St. Petersburg,1
59.88223,30.19494,0,0,88,2,SPB,RU,141,0,KAPITAN SOROKIN,3,345312,31,43,28,5138,39,1,2016-12-16T22:17:04.000Z,st_petersburg,2016-12-16T00:00:00.000Z,51,Tug,St. Petersburg,1
59.88223,30.19494,0,0,88,4,SPB,RU,141,0,KAPITAN SOROKIN,3,345312,31,43,28,5138,39,1,2016-12-16T22:19:03.000Z,st_petersburg,2016-12-16T00:00:00.000Z,51,Tug,St. Petersburg,1
59.88223,30.19494,0,0,88,4,SPB,RU,141,0,KAPITAN SOROKIN,3,345312,31,43,28,5138,39,1,2016-12-16T22:19:04.000Z,st_petersburg,2016-12-16T00:00:00.000Z,51,Tug,St. Petersburg,1
59.88223,30.19494,0,0,88,6,SPB,RU,141,0,KAPITAN SOROKIN,3,345312,31,43,28,5138,39,1,2016-12-16T22:21:03.000Z,st_petersburg,2016-12-16T00:00:00.000Z,51,Tug,St. Petersburg,1
59.88223,30.19494,0,0,88,6,SPB,RU,141,0,KAPITAN SOROKIN,3,345312,31,43,28,5138,39,1,2016-12-16T22:21:04.000Z,st_petersburg,2016-12-16T00:00:00.000Z,51,Tug,St. Petersburg,1
59.88223,30.19494,0,0,88,8,SPB,RU,141,0,KAPITAN SOROKIN,3,345312,31,43,28,5138,39,1,2016-12-16T22:23:03.000Z,st_petersburg,2016-12-16T00:00:00.000Z,51,Tug,St. Petersburg,1
59.88223,30.19494,0,0,88,7,SPB,RU,141,0,KAPITAN SOROKIN,3,345312,31,43,28,5138,39,1,2016-12-16T22:23:04.000Z,st_petersburg,2016-12-16T00:00:00.000Z,51,Tug,St. Petersburg,1
59.88226,30.19491,0,0,88,2,SPB,RU,141,0,KAPITAN SOROKIN,3,345312,31,43,28,5138,39,1,2016-12-16T22:25:03.000Z,st_petersburg,2016-12-16T00:00:00.000Z,51,Tug,St. Petersburg,1
59.88226,30.19491,0,0,88,2,SPB,RU,141,0,KAPITAN SOROKIN,3,345312,31,43,28,5138,39,1,2016-12-16T22:25:05.000Z,st_petersburg,2016-12-16T00:00:00.000Z,51,Tug,St. Petersburg,1
59.88226,30.19491,0,0,88,4,SPB,RU,141,0,KAPITAN SOROKIN,3,345312,31,43,28,5138,39,1,2016-12-16T22:27:04.000Z,st_petersburg,2016-12-16T00:00:00.000Z,51,Tug,St. Petersburg,1
59.88226,30.19491,0,0,88,4,SPB,RU,141,0,KAPITAN SOROKIN,3,345312,31,43,28,5138,39,1,2016-12-16T22:27:05.000Z,st_petersburg,2016-12-16T00:00:00.000Z,51,Tug,St. Petersburg,1
59.88226,30.19491,0,0,88,6,SPB,RU,141,0,KAPITAN SOROKIN,3,345312,31,43,28,5138,39,1,2016-12-16T22:29:04.000Z,st_petersburg,2016-12-16T00:00:00.000Z,51,Tug,St. Petersburg,1
59.88226,30.19491,0,0,88,6,SPB,RU,141,0,KAPITAN SOROKIN,3,345312,31,43,28,5138,39,1,2016-12-16T22:29:04.000Z,st_petersburg,2016-12-16T00:00:00.000Z,51,Tug,St. Petersburg,1
59.88226,30.19491,0,0,88,8,SPB,RU,141,0,KAPITAN SOROKIN,3,345312,31,43,28,5138,39,1,2016-12-16T22:31:05.000Z,st_petersburg,2016-12-16T00:00:00.000Z,51,Tug,St. Petersburg,1
59.88226,30.19491,0,0,88,7,SPB,RU,141,0,KAPITAN SOROKIN,3,345312,31,43,28,5138,39,1,2016-12-16T22:31:05.000Z,st_petersburg,2016-12-16T00:00:00.000Z,51,Tug,St. Petersburg,1
59.88224,30.19494,0,0,88,2,SPB,RU,141,0,KAPITAN SOROKIN,3,345312,31,43,28,5138,39,1,2016-12-16T22:33:03.000Z,st_petersburg,2016-12-16T00:00:00.000Z,51,Tug,St. Petersburg,1
59.88224,30.19494,0,0,88,2,SPB,RU,141,0,KAPITAN SOROKIN,3,345312,31,43,28,5138,39,1,2016-12-16T22:33:04.000Z,st_petersburg,2016-12-16T00:00:00.000Z,51,Tug,St. Petersburg,1
59.88224,30.19494,0,0,88,4,SPB,RU,141,0,KAPITAN SOROKIN,3,345312,31,43,28,5138,39,1,2016-12-16T22:35:04.000Z,st_petersburg,2016-12-16T00:00:00.000Z,51,Tug,St. Petersburg,1
59.88224,30.19494,0,0,88,4,SPB,RU,141,0,KAPITAN SOROKIN,3,345312,31,43,28,5138,39,1,2016-12-16T22:35:05.000Z,st_petersburg,2016-12-16T00:00:00.000Z,51,Tug,St. Petersburg,1
59.88227,30.19496,0,0,88,3,SPB,RU,141,0,KAPITAN SOROKIN,3,345312,31,43,28,5138,39,1,2016-12-16T22:37:04.000Z,st_petersburg,2016-12-16T00:00:00.000Z,51,Tug,St. Petersburg,1
59.88227,30.19496,0,0,88,3,SPB,RU,141,0,KAPITAN SOROKIN,3,345312,31,43,28,5138,39,1,2016-12-16T22:37:05.000Z,st_petersburg,2016-12-16T00:00:00.000Z,51,Tug,St. Petersburg,1
59.88226,30.19499,0,0,88,2,SPB,RU,141,0,KAPITAN SOROKIN,3,345312,31,43,28,5138,39,1,2016-12-16T22:39:04.000Z,st_petersburg,2016-12-16T00:00:00.000Z,51,Tug,St. Petersburg,1
59.88226,30.19499,0,0,88,2,SPB,RU,141,0,KAPITAN SOROKIN,3,345312,31,43,28,5138,39,1,2016-12-16T22:39:04.000Z,st_petersburg,2016-12-16T00:00:00.000Z,51,Tug,St. Petersburg,1
59.88226,30.19499,0,0,88,2,SPB,RU,141,0,KAPITAN SOROKIN,3,345312,31,43,28,5138,39,1,2016-12-16T22:41:03.000Z,st_petersburg,2016-12-16T00:00:00.000Z,51,Tug,St. Petersburg,1
59.88226,30.19499,0,0,88,3,SPB,RU,141,0,KAPITAN SOROKIN,3,345312,31,43,28,5138,39,1,2016-12-16T22:41:04.000Z,st_petersburg,2016-12-16T00:00:00.000Z,51,Tug,St. Petersburg,1
59.88228,30.19495,0,0,88,3,SPB,RU,141,0,KAPITAN SOROKIN,3,345312,31,43,28,5138,39,1,2016-12-16T22:43:04.000Z,st_petersburg,2016-12-16T00:00:00.000Z,51,Tug,St. Petersburg,1
59.88228,30.19495,0,0,88,3,SPB,RU,141,0,KAPITAN SOROKIN,3,345312,31,43,28,5138,39,1,2016-12-16T22:43:05.000Z,st_petersburg,2016-12-16T00:00:00.000Z,51,Tug,St. Petersburg,1
59.88228,30.19495,0,0,88,3,SPB,RU,141,0,KAPITAN SOROKIN,3,345312,31,43,28,5138,39,1,2016-12-16T22:45:04.000Z,st_petersburg,2016-12-16T00:00:00.000Z,51,Tug,St. Petersburg,1
59.88224,30.19493,0,0,88,2,SPB,RU,141,0,KAPITAN SOROKIN,3,345312,31,43,28,5138,39,1,2016-12-16T22:45:04.000Z,st_petersburg,2016-12-16T00:00:00.000Z,51,Tug,St. Petersburg,1
59.88224,30.19493,0,0,88,4,SPB,RU,141,0,KAPITAN SOROKIN,3,345312,31,43,28,5138,39,1,2016-12-16T22:47:04.000Z,st_petersburg,2016-12-16T00:00:00.000Z,51,Tug,St. Petersburg,1
59.88224,30.19493,0,0,88,4,SPB,RU,141,0,KAPITAN SOROKIN,3,345312,31,43,28,5138,39,1,2016-12-16T22:47:05.000Z,st_petersburg,2016-12-16T00:00:00.000Z,51,Tug,St. Petersburg,1
59.88223,30.19494,0,0,88,2,SPB,RU,141,0,KAPITAN SOROKIN,3,345312,31,43,28,5138,39,1,2016-12-16T22:49:03.000Z,st_petersburg,2016-12-16T00:00:00.000Z,51,Tug,St. Petersburg,1
59.88223,30.19494,0,0,88,2,SPB,RU,141,0,KAPITAN SOROKIN,3,345312,31,43,28,5138,39,1,2016-12-16T22:49:04.000Z,st_petersburg,2016-12-16T00:00:00.000Z,51,Tug,St. Petersburg,1
59.88223,30.19494,0,0,88,4,SPB,RU,141,0,KAPITAN SOROKIN,3,345312,31,43,28,5138,39,1,2016-12-16T22:51:03.000Z,st_petersburg,2016-12-16T00:00:00.000Z,51,Tug,St. Petersburg,1
59.88223,30.19494,0,0,88,4,SPB,RU,141,0,KAPITAN SOROKIN,3,345312,31,43,28,5138,39,1,2016-12-16T22:51:04.000Z,st_petersburg,2016-12-16T00:00:00.000Z,51,Tug,St. Petersburg,1
59.88223,30.19494,0,0,88,6,SPB,RU,141,0,KAPITAN SOROKIN,3,345312,31,43,28,5138,39,1,2016-12-16T22:53:03.000Z,st_petersburg,2016-12-16T00:00:00.000Z,51,Tug,St. Petersburg,1
59.88223,30.19494,0,0,88,5,SPB,RU,141,0,KAPITAN SOROKIN,3,345312,31,43,28,5138,39,1,2016-12-16T22:53:04.000Z,st_petersburg,2016-12-16T00:00:00.000Z,51,Tug,St. Petersburg,1
59.88223,30.19494,0,0,88,8,SPB,RU,141,0,KAPITAN SOROKIN,3,345312,31,43,28,5138,39,1,2016-12-16T22:55:03.000Z,st_petersburg,2016-12-16T00:00:00.000Z,51,Tug,St. Petersburg,1
59.88223,30.19494,0,0,88,8,SPB,RU,141,0,KAPITAN SOROKIN,3,345312,31,43,28,5138,39,1,2016-12-16T22:55:04.000Z,st_petersburg,2016-12-16T00:00:00.000Z,51,Tug,St. Petersburg,1
59.88223,30.19494,0,0,88,10,SPB,RU,141,0,KAPITAN SOROKIN,3,345312,31,43,28,5138,39,1,2016-12-16T22:57:04.000Z,st_petersburg,2016-12-16T00:00:00.000Z,51,Tug,St. Petersburg,1
59.88223,30.19494,0,0,88,10,SPB,RU,141,0,KAPITAN SOROKIN,3,345312,31,43,28,5138,39,1,2016-12-16T22:57:05.000Z,st_petersburg,2016-12-16T00:00:00.000Z,51,Tug,St. Petersburg,1
59.88223,30.19495,0,0,88,3,SPB,RU,141,0,KAPITAN SOROKIN,3,345312,31,43,28,5138,39,1,2016-12-16T22:59:03.000Z,st_petersburg,2016-12-16T00:00:00.000Z,51,Tug,St. Petersburg,1
59.88223,30.19494,0,0,88,10,SPB,RU,141,0,KAPITAN SOROKIN,3,345312,31,43,28,5138,39,1,2016-12-16T22:59:04.000Z,st_petersburg,2016-12-16T00:00:00.000Z,51,Tug,St. Petersburg,1
59.88224,30.19492,0,0,88,2,SPB,RU,141,0,KAPITAN SOROKIN,3,345312,31,43,28,5138,39,1,2016-12-16T23:01:03.000Z,st_petersburg,2016-12-16T00:00:00.000Z,51,Tug,St. Petersburg,1
59.88224,30.19492,0,0,88,2,SPB,RU,141,0,KAPITAN SOROKIN,3,345312,31,43,28,5138,39,1,2016-12-16T23:01:04.000Z,st_petersburg,2016-12-16T00:00:00.000Z,51,Tug,St. Petersburg,1
59.88224,30.19492,0,0,88,4,SPB,RU,141,0,KAPITAN SOROKIN,3,345312,31,43,28,5138,39,1,2016-12-16T23:03:04.000Z,st_petersburg,2016-12-16T00:00:00.000Z,51,Tug,St. Petersburg,1
59.88224,30.19492,0,0,88,4,SPB,RU,141,0,KAPITAN SOROKIN,3,345312,31,43,28,5138,39,1,2016-12-16T23:03:04.000Z,st_petersburg,2016-12-16T00:00:00.000Z,51,Tug,St. Petersburg,1
59.88224,30.19494,0,0,88,3,SPB,RU,141,0,KAPITAN SOROKIN,3,345312,31,43,28,5138,39,1,2016-12-16T23:05:03.000Z,st_petersburg,2016-12-16T00:00:00.000Z,51,Tug,St. Petersburg,1
59.88224,30.19494,0,0,88,1,SPB,RU,141,0,KAPITAN SOROKIN,3,345312,31,43,28,5138,39,1,2016-12-16T23:05:04.000Z,st_petersburg,2016-12-16T00:00:00.000Z,51,Tug,St. Petersburg,1
59.88224,30.19494,0,0,88,5,SPB,RU,141,0,KAPITAN SOROKIN,3,345312,31,43,28,5138,39,1,2016-12-16T23:07:03.000Z,st_petersburg,2016-12-16T00:00:00.000Z,51,Tug,St. Petersburg,1
59.88224,30.19494,0,0,88,5,SPB,RU,141,0,KAPITAN SOROKIN,3,345312,31,43,28,5138,39,1,2016-12-16T23:07:04.000Z,st_petersburg,2016-12-16T00:00:00.000Z,51,Tug,St. Petersburg,1
59.88224,30.19494,0,0,88,7,SPB,RU,141,0,KAPITAN SOROKIN,3,345312,31,43,28,5138,39,1,2016-12-16T23:09:03.000Z,st_petersburg,2016-12-16T00:00:00.000Z,51,Tug,St. Petersburg,1
59.88224,30.19494,0,0,88,7,SPB,RU,141,0,KAPITAN SOROKIN,3,345312,31,43,28,5138,39,1,2016-12-16T23:09:04.000Z,st_petersburg,2016-12-16T00:00:00.000Z,51,Tug,St. Petersburg,1
59.88224,30.19494,0,0,88,9,SPB,RU,141,0,KAPITAN SOROKIN,3,345312,31,43,28,5138,39,1,2016-12-16T23:11:04.000Z,st_petersburg,2016-12-16T00:00:00.000Z,51,Tug,St. Petersburg,1
59.88224,30.19494,0,0,88,9,SPB,RU,141,0,KAPITAN SOROKIN,3,345312,31,43,28,5138,39,1,2016-12-16T23:11:05.000Z,st_petersburg,2016-12-16T00:00:00.000Z,51,Tug,St. Petersburg,1
59.88224,30.19493,0,0,88,3,SPB,RU,141,0,KAPITAN SOROKIN,3,345312,31,43,28,5138,39,1,2016-12-16T23:13:04.000Z,st_petersburg,2016-12-16T00:00:00.000Z,51,Tug,St. Petersburg,1
59.88224,30.19494,0,0,88,9,SPB,RU,141,0,KAPITAN SOROKIN,3,345312,31,43,28,5138,39,1,2016-12-16T23:13:04.000Z,st_petersburg,2016-12-16T00:00:00.000Z,51,Tug,St. Petersburg,1
59.88229,30.19495,0,0,88,2,SPB,RU,141,0,KAPITAN SOROKIN,3,345312,31,43,28,5138,39,1,2016-12-16T23:15:03.000Z,st_petersburg,2016-12-16T00:00:00.000Z,51,Tug,St. Petersburg,1
59.88229,30.19495,0,0,88,2,SPB,RU,141,0,KAPITAN SOROKIN,3,345312,31,43,28,5138,39,1,2016-12-16T23:15:04.000Z,st_petersburg,2016-12-16T00:00:00.000Z,51,Tug,St. Petersburg,1
59.88229,30.19495,0,0,88,4,SPB,RU,141,0,KAPITAN SOROKIN,3,345312,31,43,28,5138,39,1,2016-12-16T23:17:03.000Z,st_petersburg,2016-12-16T00:00:00.000Z,51,Tug,St. Petersburg,1
59.88229,30.19495,0,0,88,4,SPB,RU,141,0,KAPITAN SOROKIN,3,345312,31,43,28,5138,39,1,2016-12-16T23:17:04.000Z,st_petersburg,2016-12-16T00:00:00.000Z,51,Tug,St. Petersburg,1
59.88226,30.19495,0,0,88,2,SPB,RU,141,0,KAPITAN SOROKIN,3,345312,31,43,28,5138,39,1,2016-12-16T23:19:03.000Z,st_petersburg,2016-12-16T00:00:00.000Z,51,Tug,St. Petersburg,1
59.88229,30.19495,0,0,88,4,SPB,RU,141,0,KAPITAN SOROKIN,3,345312,31,43,28,5138,39,1,2016-12-16T23:19:04.000Z,st_petersburg,2016-12-16T00:00:00.000Z,51,Tug,St. Petersburg,1
59.88226,30.19495,0,0,88,4,SPB,RU,141,0,KAPITAN SOROKIN,3,345312,31,43,28,5138,39,1,2016-12-16T23:21:03.000Z,st_petersburg,2016-12-16T00:00:00.000Z,51,Tug,St. Petersburg,1
59.88226,30.19495,0,0,88,4,SPB,RU,141,0,KAPITAN SOROKIN,3,345312,31,43,28,5138,39,1,2016-12-16T23:21:04.000Z,st_petersburg,2016-12-16T00:00:00.000Z,51,Tug,St. Petersburg,1
59.88226,30.19495,0,0,88,6,SPB,RU,141,0,KAPITAN SOROKIN,3,345312,31,43,28,5138,39,1,2016-12-16T23:23:04.000Z,st_petersburg,2016-12-16T00:00:00.000Z,51,Tug,St. Petersburg,1
59.88226,30.19495,0,0,88,6,SPB,RU,141,0,KAPITAN SOROKIN,3,345312,31,43,28,5138,39,1,2016-12-16T23:23:04.000Z,st_petersburg,2016-12-16T00:00:00.000Z,51,Tug,St. Petersburg,1
59.88226,30.19495,0,0,88,8,SPB,RU,141,0,KAPITAN SOROKIN,3,345312,31,43,28,5138,39,1,2016-12-16T23:25:04.000Z,st_petersburg,2016-12-16T00:00:00.000Z,51,Tug,St. Petersburg,1
59.88226,30.19495,0,0,88,8,SPB,RU,141,0,KAPITAN SOROKIN,3,345312,31,43,28,5138,39,1,2016-12-16T23:25:05.000Z,st_petersburg,2016-12-16T00:00:00.000Z,51,Tug,St. Petersburg,1
59.88229,30.19495,0,0,88,2,SPB,RU,141,0,KAPITAN SOROKIN,3,345312,31,43,28,5138,39,1,2016-12-16T23:27:03.000Z,st_petersburg,2016-12-16T00:00:00.000Z,51,Tug,St. Petersburg,1
59.88229,30.19495,0,0,88,2,SPB,RU,141,0,KAPITAN SOROKIN,3,345312,31,43,28,5138,39,1,2016-12-16T23:27:04.000Z,st_petersburg,2016-12-16T00:00:00.000Z,51,Tug,St. Petersburg,1
59.88229,30.19495,0,0,88,4,SPB,RU,141,0,KAPITAN SOROKIN,3,345312,31,43,28,5138,39,1,2016-12-16T23:29:03.000Z,st_petersburg,2016-12-16T00:00:00.000Z,51,Tug,St. Petersburg,1
59.88229,30.19495,0,0,88,4,SPB,RU,141,0,KAPITAN SOROKIN,3,345312,31,43,28,5138,39,1,2016-12-16T23:29:04.000Z,st_petersburg,2016-12-16T00:00:00.000Z,51,Tug,St. Petersburg,1
59.88229,30.19495,0,0,88,3,SPB,RU,141,0,KAPITAN SOROKIN,3,345312,31,43,28,5138,39,1,2016-12-16T23:31:07.000Z,st_petersburg,2016-12-16T00:00:00.000Z,51,Tug,St. Petersburg,1
59.88229,30.19495,0,0,88,3,SPB,RU,141,0,KAPITAN SOROKIN,3,345312,31,43,28,5138,39,1,2016-12-16T23:31:08.000Z,st_petersburg,2016-12-16T00:00:00.000Z,51,Tug,St. Petersburg,1
59.88229,30.19495,0,0,88,3,SPB,RU,141,0,KAPITAN SOROKIN,3,345312,31,43,28,5138,39,1,2016-12-16T23:33:03.000Z,st_petersburg,2016-12-16T00:00:00.000Z,51,Tug,St. Petersburg,1
59.88228,30.19496,1,0,88,2,SPB,RU,141,0,KAPITAN SOROKIN,3,345312,31,43,28,5138,39,1,2016-12-16T23:33:04.000Z,st_petersburg,2016-12-16T00:00:00.000Z,51,Tug,St. Petersburg,1
59.88228,30.19496,1,0,88,4,SPB,RU,141,0,KAPITAN SOROKIN,3,345312,31,43,28,5138,39,1,2016-12-16T23:35:03.000Z,st_petersburg,2016-12-16T00:00:00.000Z,51,Tug,St. Petersburg,1
59.88228,30.19496,1,0,88,4,SPB,RU,141,0,KAPITAN SOROKIN,3,345312,31,43,28,5138,39,1,2016-12-16T23:35:04.000Z,st_petersburg,2016-12-16T00:00:00.000Z,51,Tug,St. Petersburg,1
59.88229,30.19496,0,0,88,3,SPB,RU,141,0,KAPITAN SOROKIN,3,345312,31,43,28,5138,39,1,2016-12-16T23:37:03.000Z,st_petersburg,2016-12-16T00:00:00.000Z,51,Tug,St. Petersburg,1
59.88229,30.19496,0,0,88,3,SPB,RU,141,0,KAPITAN SOROKIN,3,345312,31,43,28,5138,39,1,2016-12-16T23:37:04.000Z,st_petersburg,2016-12-16T00:00:00.000Z,51,Tug,St. Petersburg,1
59.88229,30.19496,0,0,88,5,SPB,RU,141,0,KAPITAN SOROKIN,3,345312,31,43,28,5138,39,1,2016-12-16T23:39:04.000Z,st_petersburg,2016-12-16T00:00:00.000Z,51,Tug,St. Petersburg,1
59.88229,30.19496,0,0,88,5,SPB,RU,141,0,KAPITAN SOROKIN,3,345312,31,43,28,5138,39,1,2016-12-16T23:39:04.000Z,st_petersburg,2016-12-16T00:00:00.000Z,51,Tug,St. Petersburg,1
59.88229,30.19496,0,0,88,7,SPB,RU,141,0,KAPITAN SOROKIN,3,345312,31,43,28,5138,39,1,2016-12-16T23:41:03.000Z,st_petersburg,2016-12-16T00:00:00.000Z,51,Tug,St. Petersburg,1
59.88229,30.19496,0,0,88,7,SPB,RU,141,0,KAPITAN SOROKIN,3,345312,31,43,28,5138,39,1,2016-12-16T23:41:04.000Z,st_petersburg,2016-12-16T00:00:00.000Z,51,Tug,St. Petersburg,1
59.88229,30.19496,0,0,88,9,SPB,RU,141,0,KAPITAN SOROKIN,3,345312,31,43,28,5138,39,1,2016-12-16T23:43:03.000Z,st_petersburg,2016-12-16T00:00:00.000Z,51,Tug,St. Petersburg,1
59.88229,30.19496,0,0,88,9,SPB,RU,141,0,KAPITAN SOROKIN,3,345312,31,43,28,5138,39,1,2016-12-16T23:43:04.000Z,st_petersburg,2016-12-16T00:00:00.000Z,51,Tug,St. Petersburg,1
59.88227,30.19494,0,0,88,3,SPB,RU,141,0,KAPITAN SOROKIN,3,345312,31,43,28,5138,39,1,2016-12-16T23:45:04.000Z,st_petersburg,2016-12-16T00:00:00.000Z,51,Tug,St. Petersburg,1
59.88227,30.19494,0,0,88,3,SPB,RU,141,0,KAPITAN SOROKIN,3,345312,31,43,28,5138,39,1,2016-12-16T23:45:05.000Z,st_petersburg,2016-12-16T00:00:00.000Z,51,Tug,St. Petersburg,1
59.88228,30.19495,0,0,88,2,SPB,RU,141,0,KAPITAN SOROKIN,3,345312,31,43,28,5138,39,1,2016-12-16T23:47:04.000Z,st_petersburg,2016-12-16T00:00:00.000Z,51,Tug,St. Petersburg,1
59.88228,30.19495,0,0,88,2,SPB,RU,141,0,KAPITAN SOROKIN,3,345312,31,43,28,5138,39,1,2016-12-16T23:47:05.000Z,st_petersburg,2016-12-16T00:00:00.000Z,51,Tug,St. Petersburg,1
59.88228,30.19495,0,0,88,4,SPB,RU,141,0,KAPITAN SOROKIN,3,345312,31,43,28,5138,39,1,2016-12-16T23:49:03.000Z,st_petersburg,2016-12-16T00:00:00.000Z,51,Tug,St. Petersburg,1
59.88228,30.19495,0,0,88,2,SPB,RU,141,0,KAPITAN SOROKIN,3,345312,31,43,28,5138,39,1,2016-12-16T23:49:04.000Z,st_petersburg,2016-12-16T00:00:00.000Z,51,Tug,St. Petersburg,1
59.88223,30.19491,1,0,88,3,SPB,RU,141,0,KAPITAN SOROKIN,3,345312,31,43,28,5138,39,1,2016-12-16T23:51:04.000Z,st_petersburg,2016-12-16T00:00:00.000Z,51,Tug,St. Petersburg,1
59.88223,30.19491,1,0,88,3,SPB,RU,141,0,KAPITAN SOROKIN,3,345312,31,43,28,5138,39,1,2016-12-16T23:51:05.000Z,st_petersburg,2016-12-16T00:00:00.000Z,51,Tug,St. Petersburg,1
59.88227,30.19493,0,0,88,2,SPB,RU,141,0,KAPITAN SOROKIN,3,345312,31,43,28,5138,39,1,2016-12-16T23:53:04.000Z,st_petersburg,2016-12-16T00:00:00.000Z,51,Tug,St. Petersburg,1
59.88227,30.19493,0,0,88,2,SPB,RU,141,0,KAPITAN SOROKIN,3,345312,31,43,28,5138,39,1,2016-12-16T23:53:04.000Z,st_petersburg,2016-12-16T00:00:00.000Z,51,Tug,St. Petersburg,1
59.88227,30.19493,0,0,88,4,SPB,RU,141,0,KAPITAN SOROKIN,3,345312,31,43,28,5138,39,1,2016-12-16T23:55:03.000Z,st_petersburg,2016-12-16T00:00:00.000Z,51,Tug,St. Petersburg,1
59.88227,30.19493,0,0,88,4,SPB,RU,141,0,KAPITAN SOROKIN,3,345312,31,43,28,5138,39,1,2016-12-16T23:55:04.000Z,st_petersburg,2016-12-16T00:00:00.000Z,51,Tug,St. Petersburg,1
59.88228,30.19494,1,0,88,3,SPB,RU,141,0,KAPITAN SOROKIN,3,345312,31,43,28,5138,39,1,2016-12-16T23:57:03.000Z,st_petersburg,2016-12-16T00:00:00.000Z,51,Tug,St. Petersburg,1
59.88228,30.19494,1,0,88,3,SPB,RU,141,0,KAPITAN SOROKIN,3,345312,31,43,28,5138,39,1,2016-12-16T23:57:04.000Z,st_petersburg,2016-12-16T00:00:00.000Z,51,Tug,St. Petersburg,1
59.88227,30.19497,0,0,88,2,SPB,RU,141,0,KAPITAN SOROKIN,3,345312,31,43,28,5138,39,1,2016-12-16T23:59:03.000Z,st_petersburg,2016-12-16T00:00:00.000Z,51,Tug,St. Petersburg,1
59.88227,30.19497,0,0,88,2,SPB,RU,141,0,KAPITAN SOROKIN,3,345312,31,43,28,5138,39,1,2016-12-16T23:59:04.000Z,st_petersburg,2016-12-16T00:00:00.000Z,51,Tug,St. Petersburg,1
59.88227,30.19497,0,0,88,4,SPB,RU,141,0,KAPITAN SOROKIN,3,345312,31,43,28,5138,39,1,2016-12-17T00:01:04.000Z,st_petersburg,2016-12-17T00:00:00.000Z,51,Tug,St. Petersburg,1
59.88227,30.19497,0,0,88,2,SPB,RU,141,0,KAPITAN SOROKIN,3,345312,31,43,28,5138,39,1,2016-12-17T00:01:05.000Z,st_petersburg,2016-12-17T00:00:00.000Z,51,Tug,St. Petersburg,1
59.88227,30.19497,0,0,88,6,SPB,RU,141,0,KAPITAN SOROKIN,3,345312,31,43,28,5138,39,1,2016-12-17T00:03:03.000Z,st_petersburg,2016-12-17T00:00:00.000Z,51,Tug,St. Petersburg,1
59.88227,30.19497,0,0,88,6,SPB,RU,141,0,KAPITAN SOROKIN,3,345312,31,43,28,5138,39,1,2016-12-17T00:03:04.000Z,st_petersburg,2016-12-17T00:00:00.000Z,51,Tug,St. Petersburg,1
59.88227,30.19497,0,0,88,8,SPB,RU,141,0,KAPITAN SOROKIN,3,345312,31,43,28,5138,39,1,2016-12-17T00:05:03.000Z,st_petersburg,2016-12-17T00:00:00.000Z,51,Tug,St. Petersburg,1
59.88227,30.19497,0,0,88,8,SPB,RU,141,0,KAPITAN SOROKIN,3,345312,31,43,28,5138,39,1,2016-12-17T00:05:04.000Z,st_petersburg,2016-12-17T00:00:00.000Z,51,Tug,St. Petersburg,1
59.88225,30.19493,0,0,88,2,SPB,RU,141,0,KAPITAN SOROKIN,3,345312,31,43,28,5138,39,1,2016-12-17T00:07:04.000Z,st_petersburg,2016-12-17T00:00:00.000Z,51,Tug,St. Petersburg,1
59.88225,30.19493,0,0,88,2,SPB,RU,141,0,KAPITAN SOROKIN,3,345312,31,43,28,5138,39,1,2016-12-17T00:07:05.000Z,st_petersburg,2016-12-17T00:00:00.000Z,51,Tug,St. Petersburg,1
59.88225,30.19493,0,0,88,4,SPB,RU,141,0,KAPITAN SOROKIN,3,345312,31,43,28,5138,39,1,2016-12-17T00:09:03.000Z,st_petersburg,2016-12-17T00:00:00.000Z,51,Tug,St. Petersburg,1
59.88225,30.19493,0,0,88,4,SPB,RU,141,0,KAPITAN SOROKIN,3,345312,31,43,28,5138,39,1,2016-12-17T00:09:04.000Z,st_petersburg,2016-12-17T00:00:00.000Z,51,Tug,St. Petersburg,1
59.88227,30.19494,0,0,88,3,SPB,RU,141,0,KAPITAN SOROKIN,3,345312,31,43,28,5138,39,1,2016-12-17T00:11:03.000Z,st_petersburg,2016-12-17T00:00:00.000Z,51,Tug,St. Petersburg,1
59.88227,30.19494,0,0,88,3,SPB,RU,141,0,KAPITAN SOROKIN,3,345312,31,43,28,5138,39,1,2016-12-17T00:11:05.000Z,st_petersburg,2016-12-17T00:00:00.000Z,51,Tug,St. Petersburg,1
59.88227,30.19494,0,0,88,5,SPB,RU,141,0,KAPITAN SOROKIN,3,345312,31,43,28,5138,39,1,2016-12-17T00:13:04.000Z,st_petersburg,2016-12-17T00:00:00.000Z,51,Tug,St. Petersburg,1
59.88227,30.19494,0,0,88,5,SPB,RU,141,0,KAPITAN SOROKIN,3,345312,31,43,28,5138,39,1,2016-12-17T00:13:05.000Z,st_petersburg,2016-12-17T00:00:00.000Z,51,Tug,St. Petersburg,1
59.88226,30.19493,0,0,88,3,SPB,RU,141,0,KAPITAN SOROKIN,3,345312,31,43,28,5138,39,1,2016-12-17T00:15:03.000Z,st_petersburg,2016-12-17T00:00:00.000Z,51,Tug,St. Petersburg,1
59.88226,30.19493,0,0,88,3,SPB,RU,141,0,KAPITAN SOROKIN,3,345312,31,43,28,5138,39,1,2016-12-17T00:15:04.000Z,st_petersburg,2016-12-17T00:00:00.000Z,51,Tug,St. Petersburg,1
59.88227,30.19497,0,0,88,2,SPB,RU,141,0,KAPITAN SOROKIN,3,345312,31,43,28,5138,39,1,2016-12-17T00:17:04.000Z,st_petersburg,2016-12-17T00:00:00.000Z,51,Tug,St. Petersburg,1
59.88227,30.19497,0,0,88,2,SPB,RU,141,0,KAPITAN SOROKIN,3,345312,31,43,28,5138,39,1,2016-12-17T00:17:05.000Z,st_petersburg,2016-12-17T00:00:00.000Z,51,Tug,St. Petersburg,1
59.88227,30.19497,0,0,88,4,SPB,RU,141,0,KAPITAN SOROKIN,3,345312,31,43,28,5138,39,1,2016-12-17T00:19:03.000Z,st_petersburg,2016-12-17T00:00:00.000Z,51,Tug,St. Petersburg,1
59.88227,30.19497,0,0,88,3,SPB,RU,141,0,KAPITAN SOROKIN,3,345312,31,43,28,5138,39,1,2016-12-17T00:19:04.000Z,st_petersburg,2016-12-17T00:00:00.000Z,51,Tug,St. Petersburg,1
59.88224,30.19496,0,0,88,3,SPB,RU,141,0,KAPITAN SOROKIN,3,345312,31,43,28,5138,39,1,2016-12-17T00:21:04.000Z,st_petersburg,2016-12-17T00:00:00.000Z,51,Tug,St. Petersburg,1
59.88224,30.19496,0,0,88,3,SPB,RU,141,0,KAPITAN SOROKIN,3,345312,31,43,28,5138,39,1,2016-12-17T00:21:05.000Z,st_petersburg,2016-12-17T00:00:00.000Z,51,Tug,St. Petersburg,1
59.88224,30.19496,0,0,88,5,SPB,RU,141,0,KAPITAN SOROKIN,3,345312,31,43,28,5138,39,1,2016-12-17T00:23:04.000Z,st_petersburg,2016-12-17T00:00:00.000Z,51,Tug,St. Petersburg,1
59.88224,30.19496,0,0,88,5,SPB,RU,141,0,KAPITAN SOROKIN,3,345312,31,43,28,5138,39,1,2016-12-17T00:23:05.000Z,st_petersburg,2016-12-17T00:00:00.000Z,51,Tug,St. Petersburg,1
59.88223,30.19493,0,0,88,3,SPB,RU,141,0,KAPITAN SOROKIN,3,345312,31,43,28,5138,39,1,2016-12-17T00:25:04.000Z,st_petersburg,2016-12-17T00:00:00.000Z,51,Tug,St. Petersburg,1
59.88223,30.19493,0,0,88,3,SPB,RU,141,0,KAPITAN SOROKIN,3,345312,31,43,28,5138,39,1,2016-12-17T00:25:05.000Z,st_petersburg,2016-12-17T00:00:00.000Z,51,Tug,St. Petersburg,1
59.88223,30.19493,0,0,88,5,SPB,RU,141,0,KAPITAN SOROKIN,3,345312,31,43,28,5138,39,1,2016-12-17T00:27:04.000Z,st_petersburg,2016-12-17T00:00:00.000Z,51,Tug,St. Petersburg,1
59.88223,30.19493,0,0,88,5,SPB,RU,141,0,KAPITAN SOROKIN,3,345312,31,43,28,5138,39,1,2016-12-17T00:27:05.000Z,st_petersburg,2016-12-17T00:00:00.000Z,51,Tug,St. Petersburg,1
59.88223,30.19493,0,0,88,7,SPB,RU,141,0,KAPITAN SOROKIN,3,345312,31,43,28,5138,39,1,2016-12-17T00:29:04.000Z,st_petersburg,2016-12-17T00:00:00.000Z,51,Tug,St. Petersburg,1
59.88223,30.19493,0,0,88,7,SPB,RU,141,0,KAPITAN SOROKIN,3,345312,31,43,28,5138,39,1,2016-12-17T00:29:05.000Z,st_petersburg,2016-12-17T00:00:00.000Z,51,Tug,St. Petersburg,1
59.88223,30.19493,0,0,88,9,SPB,RU,141,0,KAPITAN SOROKIN,3,345312,31,43,28,5138,39,1,2016-12-17T00:31:03.000Z,st_petersburg,2016-12-17T00:00:00.000Z,51,Tug,St. Petersburg,1
59.88223,30.19493,0,0,88,7,SPB,RU,141,0,KAPITAN SOROKIN,3,345312,31,43,28,5138,39,1,2016-12-17T00:31:04.000Z,st_petersburg,2016-12-17T00:00:00.000Z,51,Tug,St. Petersburg,1
59.88225,30.19492,0,0,88,3,SPB,RU,141,0,KAPITAN SOROKIN,3,345312,31,43,28,5138,39,1,2016-12-17T00:33:03.000Z,st_petersburg,2016-12-17T00:00:00.000Z,51,Tug,St. Petersburg,1
59.88225,30.19492,0,0,88,3,SPB,RU,141,0,KAPITAN SOROKIN,3,345312,31,43,28,5138,39,1,2016-12-17T00:33:04.000Z,st_petersburg,2016-12-17T00:00:00.000Z,51,Tug,St. Petersburg,1
59.88226,30.19494,0,0,88,2,SPB,RU,141,0,KAPITAN SOROKIN,3,345312,31,43,28,5138,39,1,2016-12-17T00:35:04.000Z,st_petersburg,2016-12-17T00:00:00.000Z,51,Tug,St. Petersburg,1
59.88226,30.19494,0,0,88,2,SPB,RU,141,0,KAPITAN SOROKIN,3,345312,31,43,28,5138,39,1,2016-12-17T00:35:04.000Z,st_petersburg,2016-12-17T00:00:00.000Z,51,Tug,St. Petersburg,1
59.88226,30.19494,0,0,88,4,SPB,RU,141,0,KAPITAN SOROKIN,3,345312,31,43,28,5138,39,1,2016-12-17T00:37:04.000Z,st_petersburg,2016-12-17T00:00:00.000Z,51,Tug,St. Petersburg,1
59.88226,30.19494,0,0,88,3,SPB,RU,141,0,KAPITAN SOROKIN,3,345312,31,43,28,5138,39,1,2016-12-17T00:37:04.000Z,st_petersburg,2016-12-17T00:00:00.000Z,51,Tug,St. Petersburg,1
59.88226,30.19495,0,0,88,3,SPB,RU,141,0,KAPITAN SOROKIN,3,345312,31,43,28,5138,39,1,2016-12-17T00:39:03.000Z,st_petersburg,2016-12-17T00:00:00.000Z,51,Tug,St. Petersburg,1
59.88226,30.19495,0,0,88,2,SPB,RU,141,0,KAPITAN SOROKIN,3,345312,31,43,28,5138,39,1,2016-12-17T00:39:04.000Z,st_petersburg,2016-12-17T00:00:00.000Z,51,Tug,St. Petersburg,1
59.88227,30.19491,0,0,88,2,SPB,RU,141,0,KAPITAN SOROKIN,3,345312,31,43,28,5138,39,1,2016-12-17T00:41:04.000Z,st_petersburg,2016-12-17T00:00:00.000Z,51,Tug,St. Petersburg,1
59.88227,30.19491,0,0,88,2,SPB,RU,141,0,KAPITAN SOROKIN,3,345312,31,43,28,5138,39,1,2016-12-17T00:41:05.000Z,st_petersburg,2016-12-17T00:00:00.000Z,51,Tug,St. Petersburg,1
59.88227,30.19491,0,0,88,4,SPB,RU,141,0,KAPITAN SOROKIN,3,345312,31,43,28,5138,39,1,2016-12-17T00:43:03.000Z,st_petersburg,2016-12-17T00:00:00.000Z,51,Tug,St. Petersburg,1
59.88227,30.19491,0,0,88,4,SPB,RU,141,0,KAPITAN SOROKIN,3,345312,31,43,28,5138,39,1,2016-12-17T00:43:04.000Z,st_petersburg,2016-12-17T00:00:00.000Z,51,Tug,St. Petersburg,1
59.88227,30.19491,0,0,88,6,SPB,RU,141,0,KAPITAN SOROKIN,3,345312,31,43,28,5138,39,1,2016-12-17T00:45:03.000Z,st_petersburg,2016-12-17T00:00:00.000Z,51,Tug,St. Petersburg,1
59.88227,30.19491,0,0,88,6,SPB,RU,141,0,KAPITAN SOROKIN,3,345312,31,43,28,5138,39,1,2016-12-17T00:45:04.000Z,st_petersburg,2016-12-17T00:00:00.000Z,51,Tug,St. Petersburg,1
59.88227,30.19491,0,0,88,8,SPB,RU,141,0,KAPITAN SOROKIN,3,345312,31,43,28,5138,39,1,2016-12-17T00:47:03.000Z,st_petersburg,2016-12-17T00:00:00.000Z,51,Tug,St. Petersburg,1
59.88227,30.19491,0,0,88,8,SPB,RU,141,0,KAPITAN SOROKIN,3,345312,31,43,28,5138,39,1,2016-12-17T00:47:04.000Z,st_petersburg,2016-12-17T00:00:00.000Z,51,Tug,St. Petersburg,1
59.88224,30.19495,0,0,88,2,SPB,RU,141,0,KAPITAN SOROKIN,3,345312,31,43,28,5138,39,1,2016-12-17T00:49:03.000Z,st_petersburg,2016-12-17T00:00:00.000Z,51,Tug,St. Petersburg,1
59.88224,30.19495,0,0,88,2,SPB,RU,141,0,KAPITAN SOROKIN,3,345312,31,43,28,5138,39,1,2016-12-17T00:49:04.000Z,st_petersburg,2016-12-17T00:00:00.000Z,51,Tug,St. Petersburg,1
59.88224,30.19495,0,0,88,4,SPB,RU,141,0,KAPITAN SOROKIN,3,345312,31,43,28,5138,39,1,2016-12-17T00:51:04.000Z,st_petersburg,2016-12-17T00:00:00.000Z,51,Tug,St. Petersburg,1
59.88224,30.19495,0,0,88,4,SPB,RU,141,0,KAPITAN SOROKIN,3,345312,31,43,28,5138,39,1,2016-12-17T00:51:05.000Z,st_petersburg,2016-12-17T00:00:00.000Z,51,Tug,St. Petersburg,1
59.88224,30.19493,0,0,88,3,SPB,RU,141,0,KAPITAN SOROKIN,3,345312,31,43,28,5138,39,1,2016-12-17T00:53:04.000Z,st_petersburg,2016-12-17T00:00:00.000Z,51,Tug,St. Petersburg,1
59.88224,30.19493,0,0,88,2,SPB,RU,141,0,KAPITAN SOROKIN,3,345312,31,43,28,5138,39,1,2016-12-17T00:53:04.000Z,st_petersburg,2016-12-17T00:00:00.000Z,51,Tug,St. Petersburg,1
59.88224,30.19493,0,0,88,5,SPB,RU,141,0,KAPITAN SOROKIN,3,345312,31,43,28,5138,39,1,2016-12-17T00:55:03.000Z,st_petersburg,2016-12-17T00:00:00.000Z,51,Tug,St. Petersburg,1
59.88224,30.19493,0,0,88,5,SPB,RU,141,0,KAPITAN SOROKIN,3,345312,31,43,28,5138,39,1,2016-12-17T00:55:04.000Z,st_petersburg,2016-12-17T00:00:00.000Z,51,Tug,St. Petersburg,1
59.88225,30.19494,0,0,88,3,SPB,RU,141,0,KAPITAN SOROKIN,3,345312,31,43,28,5138,39,1,2016-12-17T00:57:03.000Z,st_petersburg,2016-12-17T00:00:00.000Z,51,Tug,St. Petersburg,1
59.88225,30.19494,0,0,88,3,SPB,RU,141,0,KAPITAN SOROKIN,3,345312,31,43,28,5138,39,1,2016-12-17T00:57:04.000Z,st_petersburg,2016-12-17T00:00:00.000Z,51,Tug,St. Petersburg,1
59.88227,30.19494,0,0,88,2,SPB,RU,141,0,KAPITAN SOROKIN,3,345312,31,43,28,5138,39,1,2016-12-17T00:59:04.000Z,st_petersburg,2016-12-17T00:00:00.000Z,51,Tug,St. Petersburg,1
59.88227,30.19494,0,0,88,2,SPB,RU,141,0,KAPITAN SOROKIN,3,345312,31,43,28,5138,39,1,2016-12-17T00:59:05.000Z,st_petersburg,2016-12-17T00:00:00.000Z,51,Tug,St. Petersburg,1
59.88227,30.19494,0,0,88,4,SPB,RU,141,0,KAPITAN SOROKIN,3,345312,31,43,28,5138,39,1,2016-12-17T01:01:05.000Z,st_petersburg,2016-12-17T00:00:00.000Z,51,Tug,St. Petersburg,1
59.88227,30.19494,0,0,88,4,SPB,RU,141,0,KAPITAN SOROKIN,3,345312,31,43,28,5138,39,1,2016-12-17T01:01:06.000Z,st_petersburg,2016-12-17T00:00:00.000Z,51,Tug,St. Petersburg,1
59.88223,30.19494,0,0,88,3,SPB,RU,141,0,KAPITAN SOROKIN,3,345312,31,43,28,5138,39,1,2016-12-17T01:03:04.000Z,st_petersburg,2016-12-17T00:00:00.000Z,51,Tug,St. Petersburg,1
59.88223,30.19494,0,0,88,3,SPB,RU,141,0,KAPITAN SOROKIN,3,345312,31,43,28,5138,39,1,2016-12-17T01:03:05.000Z,st_petersburg,2016-12-17T00:00:00.000Z,51,Tug,St. Petersburg,1
59.88225,30.19494,0,0,88,2,SPB,RU,141,0,KAPITAN SOROKIN,3,345312,31,43,28,5138,39,1,2016-12-17T01:05:04.000Z,st_petersburg,2016-12-17T00:00:00.000Z,51,Tug,St. Petersburg,1
59.88225,30.19494,0,0,88,2,SPB,RU,141,0,KAPITAN SOROKIN,3,345312,31,43,28,5138,39,1,2016-12-17T01:05:04.000Z,st_petersburg,2016-12-17T00:00:00.000Z,51,Tug,St. Petersburg,1
59.88225,30.19494,0,0,88,4,SPB,RU,141,0,KAPITAN SOROKIN,3,345312,31,43,28,5138,39,1,2016-12-17T01:07:03.000Z,st_petersburg,2016-12-17T00:00:00.000Z,51,Tug,St. Petersburg,1
59.88225,30.19494,0,0,88,4,SPB,RU,141,0,KAPITAN SOROKIN,3,345312,31,43,28,5138,39,1,2016-12-17T01:07:04.000Z,st_petersburg,2016-12-17T00:00:00.000Z,51,Tug,St. Petersburg,1
59.88225,30.19497,0,0,88,3,SPB,RU,141,0,KAPITAN SOROKIN,3,345312,31,43,28,5138,39,1,2016-12-17T01:09:03.000Z,st_petersburg,2016-12-17T00:00:00.000Z,51,Tug,St. Petersburg,1
59.88225,30.19497,0,0,88,3,SPB,RU,141,0,KAPITAN SOROKIN,3,345312,31,43,28,5138,39,1,2016-12-17T01:09:04.000Z,st_petersburg,2016-12-17T00:00:00.000Z,51,Tug,St. Petersburg,1
59.88225,30.19494,0,0,88,2,SPB,RU,141,0,KAPITAN SOROKIN,3,345312,31,43,28,5138,39,1,2016-12-17T01:11:03.000Z,st_petersburg,2016-12-17T00:00:00.000Z,51,Tug,St. Petersburg,1
59.88225,30.19494,0,0,88,2,SPB,RU,141,0,KAPITAN SOROKIN,3,345312,31,43,28,5138,39,1,2016-12-17T01:11:04.000Z,st_petersburg,2016-12-17T00:00:00.000Z,51,Tug,St. Petersburg,1
59.88225,30.19494,0,0,88,4,SPB,RU,141,0,KAPITAN SOROKIN,3,345312,31,43,28,5138,39,1,2016-12-17T01:13:03.000Z,st_petersburg,2016-12-17T00:00:00.000Z,51,Tug,St. Petersburg,1
59.88225,30.19494,0,0,88,4,SPB,RU,141,0,KAPITAN SOROKIN,3,345312,31,43,28,5138,39,1,2016-12-17T01:13:04.000Z,st_petersburg,2016-12-17T00:00:00.000Z,51,Tug,St. Petersburg,1
59.88224,30.19495,0,0,88,3,SPB,RU,141,0,KAPITAN SOROKIN,3,345312,31,43,28,5138,39,1,2016-12-17T01:15:03.000Z,st_petersburg,2016-12-17T00:00:00.000Z,51,Tug,St. Petersburg,1
59.88224,30.19495,0,0,88,3,SPB,RU,141,0,KAPITAN SOROKIN,3,345312,31,43,28,5138,39,1,2016-12-17T01:15:04.000Z,st_petersburg,2016-12-17T00:00:00.000Z,51,Tug,St. Petersburg,1
59.88224,30.19494,0,0,88,2,SPB,RU,141,0,KAPITAN SOROKIN,3,345312,31,43,28,5138,39,1,2016-12-17T01:17:03.000Z,st_petersburg,2016-12-17T00:00:00.000Z,51,Tug,St. Petersburg,1
59.88224,30.19494,0,0,88,2,SPB,RU,141,0,KAPITAN SOROKIN,3,345312,31,43,28,5138,39,1,2016-12-17T01:17:04.000Z,st_petersburg,2016-12-17T00:00:00.000Z,51,Tug,St. Petersburg,1
59.88224,30.19494,0,0,88,4,SPB,RU,141,0,KAPITAN SOROKIN,3,345312,31,43,28,5138,39,1,2016-12-17T01:19:03.000Z,st_petersburg,2016-12-17T00:00:00.000Z,51,Tug,St. Petersburg,1
59.88224,30.19494,0,0,88,4,SPB,RU,141,0,KAPITAN SOROKIN,3,345312,31,43,28,5138,39,1,2016-12-17T01:19:04.000Z,st_petersburg,2016-12-17T00:00:00.000Z,51,Tug,St. Petersburg,1
59.88225,30.19494,0,0,88,3,SPB,RU,141,0,KAPITAN SOROKIN,3,345312,31,43,28,5138,39,1,2016-12-17T01:21:04.000Z,st_petersburg,2016-12-17T00:00:00.000Z,51,Tug,St. Petersburg,1
59.88225,30.19494,0,0,88,3,SPB,RU,141,0,KAPITAN SOROKIN,3,345312,31,43,28,5138,39,1,2016-12-17T01:21:05.000Z,st_petersburg,2016-12-17T00:00:00.000Z,51,Tug,St. Petersburg,1
59.88225,30.19493,0,0,88,2,SPB,RU,141,0,KAPITAN SOROKIN,3,345312,31,43,28,5138,39,1,2016-12-17T01:23:04.000Z,st_petersburg,2016-12-17T00:00:00.000Z,51,Tug,St. Petersburg,1
59.88225,30.19493,0,0,88,2,SPB,RU,141,0,KAPITAN SOROKIN,3,345312,31,43,28,5138,39,1,2016-12-17T01:23:04.000Z,st_petersburg,2016-12-17T00:00:00.000Z,51,Tug,St. Petersburg,1
59.88225,30.19493,0,0,88,4,SPB,RU,141,0,KAPITAN SOROKIN,3,345312,31,43,28,5138,39,1,2016-12-17T01:25:03.000Z,st_petersburg,2016-12-17T00:00:00.000Z,51,Tug,St. Petersburg,1
59.88225,30.19493,0,0,88,4,SPB,RU,141,0,KAPITAN SOROKIN,3,345312,31,43,28,5138,39,1,2016-12-17T01:25:04.000Z,st_petersburg,2016-12-17T00:00:00.000Z,51,Tug,St. Petersburg,1
59.88225,30.19495,0,0,88,3,SPB,RU,141,0,KAPITAN SOROKIN,3,345312,31,43,28,5138,39,1,2016-12-17T01:27:04.000Z,st_petersburg,2016-12-17T00:00:00.000Z,51,Tug,St. Petersburg,1
59.88225,30.19495,0,0,88,2,SPB,RU,141,0,KAPITAN SOROKIN,3,345312,31,43,28,5138,39,1,2016-12-17T01:27:04.000Z,st_petersburg,2016-12-17T00:00:00.000Z,51,Tug,St. Petersburg,1
59.88225,30.19495,0,0,88,5,SPB,RU,141,0,KAPITAN SOROKIN,3,345312,31,43,28,5138,39,1,2016-12-17T01:29:03.000Z,st_petersburg,2016-12-17T00:00:00.000Z,51,Tug,St. Petersburg,1
59.88225,30.19495,0,0,88,5,SPB,RU,141,0,KAPITAN SOROKIN,3,345312,31,43,28,5138,39,1,2016-12-17T01:29:04.000Z,st_petersburg,2016-12-17T00:00:00.000Z,51,Tug,St. Petersburg,1
59.88224,30.19493,0,0,88,3,SPB,RU,141,0,KAPITAN SOROKIN,3,345312,31,43,28,5138,39,1,2016-12-17T01:31:03.000Z,st_petersburg,2016-12-17T00:00:00.000Z,51,Tug,St. Petersburg,1
59.88224,30.19493,0,0,88,4,SPB,RU,141,0,KAPITAN SOROKIN,3,345312,31,43,28,5138,39,1,2016-12-17T01:31:04.000Z,st_petersburg,2016-12-17T00:00:00.000Z,51,Tug,St. Petersburg,1
59.88227,30.19493,0,0,88,3,SPB,RU,141,0,KAPITAN SOROKIN,3,345312,31,43,28,5138,39,1,2016-12-17T01:33:03.000Z,st_petersburg,2016-12-17T00:00:00.000Z,51,Tug,St. Petersburg,1
59.88227,30.19493,0,0,88,3,SPB,RU,141,0,KAPITAN SOROKIN,3,345312,31,43,28,5138,39,1,2016-12-17T01:33:04.000Z,st_petersburg,2016-12-17T00:00:00.000Z,51,Tug,St. Petersburg,1
59.88226,30.19498,0,0,88,2,SPB,RU,141,0,KAPITAN SOROKIN,3,345312,31,43,28,5138,39,1,2016-12-17T01:35:03.000Z,st_petersburg,2016-12-17T00:00:00.000Z,51,Tug,St. Petersburg,1
59.88226,30.19498,0,0,88,2,SPB,RU,141,0,KAPITAN SOROKIN,3,345312,31,43,28,5138,39,1,2016-12-17T01:35:04.000Z,st_petersburg,2016-12-17T00:00:00.000Z,51,Tug,St. Petersburg,1
59.88226,30.19498,0,0,88,4,SPB,RU,141,0,KAPITAN SOROKIN,3,345312,31,43,28,5138,39,1,2016-12-17T01:37:03.000Z,st_petersburg,2016-12-17T00:00:00.000Z,51,Tug,St. Petersburg,1
59.88226,30.19498,0,0,88,4,SPB,RU,141,0,KAPITAN SOROKIN,3,345312,31,43,28,5138,39,1,2016-12-17T01:37:04.000Z,st_petersburg,2016-12-17T00:00:00.000Z,51,Tug,St. Petersburg,1
59.88227,30.19495,0,0,88,3,SPB,RU,141,0,KAPITAN SOROKIN,3,345312,31,43,28,5138,39,1,2016-12-17T01:39:03.000Z,st_petersburg,2016-12-17T00:00:00.000Z,51,Tug,St. Petersburg,1
59.88227,30.19495,0,0,88,3,SPB,RU,141,0,KAPITAN SOROKIN,3,345312,31,43,28,5138,39,1,2016-12-17T01:39:04.000Z,st_petersburg,2016-12-17T00:00:00.000Z,51,Tug,St. Petersburg,1
59.88224,30.19494,0,0,88,2,SPB,RU,141,0,KAPITAN SOROKIN,3,345312,31,43,28,5138,39,1,2016-12-17T01:41:03.000Z,st_petersburg,2016-12-17T00:00:00.000Z,51,Tug,St. Petersburg,1
59.88224,30.19494,0,0,88,2,SPB,RU,141,0,KAPITAN SOROKIN,3,345312,31,43,28,5138,39,1,2016-12-17T01:41:04.000Z,st_petersburg,2016-12-17T00:00:00.000Z,51,Tug,St. Petersburg,1
59.88224,30.19494,0,0,88,4,SPB,RU,141,0,KAPITAN SOROKIN,3,345312,31,43,28,5138,39,1,2016-12-17T01:43:04.000Z,st_petersburg,2016-12-17T00:00:00.000Z,51,Tug,St. Petersburg,1
59.88224,30.19494,0,0,88,4,SPB,RU,141,0,KAPITAN SOROKIN,3,345312,31,43,28,5138,39,1,2016-12-17T01:43:05.000Z,st_petersburg,2016-12-17T00:00:00.000Z,51,Tug,St. Petersburg,1
59.88225,30.19493,0,0,88,3,SPB,RU,141,0,KAPITAN SOROKIN,3,345312,31,43,28,5138,39,1,2016-12-17T01:45:04.000Z,st_petersburg,2016-12-17T00:00:00.000Z,51,Tug,St. Petersburg,1
59.88224,30.19494,0,0,88,4,SPB,RU,141,0,KAPITAN SOROKIN,3,345312,31,43,28,5138,39,1,2016-12-17T01:45:04.000Z,st_petersburg,2016-12-17T00:00:00.000Z,51,Tug,St. Petersburg,1
59.88225,30.19493,0,0,88,3,SPB,RU,141,0,KAPITAN SOROKIN,3,345312,31,43,28,5138,39,1,2016-12-17T01:47:03.000Z,st_petersburg,2016-12-17T00:00:00.000Z,51,Tug,St. Petersburg,1
59.88225,30.19493,0,0,88,5,SPB,RU,141,0,KAPITAN SOROKIN,3,345312,31,43,28,5138,39,1,2016-12-17T01:47:04.000Z,st_petersburg,2016-12-17T00:00:00.000Z,51,Tug,St. Petersburg,1
59.88225,30.19493,0,0,88,7,SPB,RU,141,0,KAPITAN SOROKIN,3,345312,31,43,28,5138,39,1,2016-12-17T01:49:04.000Z,st_petersburg,2016-12-17T00:00:00.000Z,51,Tug,St. Petersburg,1
59.88225,30.19493,0,0,88,7,SPB,RU,141,0,KAPITAN SOROKIN,3,345312,31,43,28,5138,39,1,2016-12-17T01:49:05.000Z,st_petersburg,2016-12-17T00:00:00.000Z,51,Tug,St. Petersburg,1
59.88225,30.19493,0,0,88,9,SPB,RU,141,0,KAPITAN SOROKIN,3,345312,31,43,28,5138,39,1,2016-12-17T01:51:03.000Z,st_petersburg,2016-12-17T00:00:00.000Z,51,Tug,St. Petersburg,1
59.88225,30.19493,0,0,88,9,SPB,RU,141,0,KAPITAN SOROKIN,3,345312,31,43,28,5138,39,1,2016-12-17T01:51:04.000Z,st_petersburg,2016-12-17T00:00:00.000Z,51,Tug,St. Petersburg,1
59.88225,30.19495,0,0,88,3,SPB,RU,141,0,KAPITAN SOROKIN,3,345312,31,43,28,5138,39,1,2016-12-17T01:53:03.000Z,st_petersburg,2016-12-17T00:00:00.000Z,51,Tug,St. Petersburg,1
59.88225,30.19495,0,0,88,3,SPB,RU,141,0,KAPITAN SOROKIN,3,345312,31,43,28,5138,39,1,2016-12-17T01:53:04.000Z,st_petersburg,2016-12-17T00:00:00.000Z,51,Tug,St. Petersburg,1
59.88226,30.19496,0,0,88,2,SPB,RU,141,0,KAPITAN SOROKIN,3,345312,31,43,28,5138,39,1,2016-12-17T01:55:03.000Z,st_petersburg,2016-12-17T00:00:00.000Z,51,Tug,St. Petersburg,1
59.88226,30.19496,0,0,88,2,SPB,RU,141,0,KAPITAN SOROKIN,3,345312,31,43,28,5138,39,1,2016-12-17T01:55:04.000Z,st_petersburg,2016-12-17T00:00:00.000Z,51,Tug,St. Petersburg,1
59.88226,30.19496,0,0,88,4,SPB,RU,141,0,KAPITAN SOROKIN,3,345312,31,43,28,5138,39,1,2016-12-17T01:57:03.000Z,st_petersburg,2016-12-17T00:00:00.000Z,51,Tug,St. Petersburg,1
59.88226,30.19496,0,0,88,4,SPB,RU,141,0,KAPITAN SOROKIN,3,345312,31,43,28,5138,39,1,2016-12-17T01:57:04.000Z,st_petersburg,2016-12-17T00:00:00.000Z,51,Tug,St. Petersburg,1
59.88227,30.19494,0,0,88,3,SPB,RU,141,0,KAPITAN SOROKIN,3,345312,31,43,28,5138,39,1,2016-12-17T01:59:03.000Z,st_petersburg,2016-12-17T00:00:00.000Z,51,Tug,St. Petersburg,1
59.88227,30.19494,0,0,88,3,SPB,RU,141,0,KAPITAN SOROKIN,3,345312,31,43,28,5138,39,1,2016-12-17T01:59:04.000Z,st_petersburg,2016-12-17T00:00:00.000Z,51,Tug,St. Petersburg,1
59.88227,30.19494,0,0,88,5,SPB,RU,141,0,KAPITAN SOROKIN,3,345312,31,43,28,5138,39,1,2016-12-17T02:01:03.000Z,st_petersburg,2016-12-17T00:00:00.000Z,51,Tug,St. Petersburg,1
59.88227,30.19494,0,0,88,5,SPB,RU,141,0,KAPITAN SOROKIN,3,345312,31,43,28,5138,39,1,2016-12-17T02:01:04.000Z,st_petersburg,2016-12-17T00:00:00.000Z,51,Tug,St. Petersburg,1
59.88227,30.19494,0,0,88,7,SPB,RU,141,0,KAPITAN SOROKIN,3,345312,31,43,28,5138,39,1,2016-12-17T02:03:04.000Z,st_petersburg,2016-12-17T00:00:00.000Z,51,Tug,St. Petersburg,1
59.88227,30.19494,0,0,88,7,SPB,RU,141,0,KAPITAN SOROKIN,3,345312,31,43,28,5138,39,1,2016-12-17T02:03:05.000Z,st_petersburg,2016-12-17T00:00:00.000Z,51,Tug,St. Petersburg,1
59.88227,30.19494,0,0,88,9,SPB,RU,141,0,KAPITAN SOROKIN,3,345312,31,43,28,5138,39,1,2016-12-17T02:05:03.000Z,st_petersburg,2016-12-17T00:00:00.000Z,51,Tug,St. Petersburg,1
59.88227,30.19494,0,0,88,9,SPB,RU,141,0,KAPITAN SOROKIN,3,345312,31,43,28,5138,39,1,2016-12-17T02:05:04.000Z,st_petersburg,2016-12-17T00:00:00.000Z,51,Tug,St. Petersburg,1
59.88225,30.19491,0,0,88,3,SPB,RU,141,0,KAPITAN SOROKIN,3,345312,31,43,28,5138,39,1,2016-12-17T02:07:03.000Z,st_petersburg,2016-12-17T00:00:00.000Z,51,Tug,St. Petersburg,1
59.88225,30.19491,0,0,88,3,SPB,RU,141,0,KAPITAN SOROKIN,3,345312,31,43,28,5138,39,1,2016-12-17T02:07:04.000Z,st_petersburg,2016-12-17T00:00:00.000Z,51,Tug,St. Petersburg,1
59.88225,30.19495,0,0,88,2,SPB,RU,141,0,KAPITAN SOROKIN,3,345312,31,43,28,5138,39,1,2016-12-17T02:09:03.000Z,st_petersburg,2016-12-17T00:00:00.000Z,51,Tug,St. Petersburg,1
59.88225,30.19495,0,0,88,2,SPB,RU,141,0,KAPITAN SOROKIN,3,345312,31,43,28,5138,39,1,2016-12-17T02:09:04.000Z,st_petersburg,2016-12-17T00:00:00.000Z,51,Tug,St. Petersburg,1
59.88225,30.19495,0,0,88,4,SPB,RU,141,0,KAPITAN SOROKIN,3,345312,31,43,28,5138,39,1,2016-12-17T02:11:04.000Z,st_petersburg,2016-12-17T00:00:00.000Z,51,Tug,St. Petersburg,1
59.88225,30.19495,0,0,88,4,SPB,RU,141,0,KAPITAN SOROKIN,3,345312,31,43,28,5138,39,1,2016-12-17T02:11:04.000Z,st_petersburg,2016-12-17T00:00:00.000Z,51,Tug,St. Petersburg,1
59.88225,30.19494,0,0,88,5,SPB,RU,141,0,KAPITAN SOROKIN,3,345312,31,43,28,5138,39,1,2016-12-17T02:15:03.000Z,st_petersburg,2016-12-17T00:00:00.000Z,51,Tug,St. Petersburg,1
59.88225,30.19494,0,0,88,3,SPB,RU,141,0,KAPITAN SOROKIN,3,345312,31,43,28,5138,39,1,2016-12-17T02:15:04.000Z,st_petersburg,2016-12-17T00:00:00.000Z,51,Tug,St. Petersburg,1
59.88226,30.19494,0,0,88,3,SPB,RU,141,0,KAPITAN SOROKIN,3,345312,31,43,28,5138,39,1,2016-12-17T02:17:03.000Z,st_petersburg,2016-12-17T00:00:00.000Z,51,Tug,St. Petersburg,1
59.88226,30.19494,0,0,88,3,SPB,RU,141,0,KAPITAN SOROKIN,3,345312,31,43,28,5138,39,1,2016-12-17T02:17:04.000Z,st_petersburg,2016-12-17T00:00:00.000Z,51,Tug,St. Petersburg,1
59.88228,30.19494,0,0,88,2,SPB,RU,141,0,KAPITAN SOROKIN,3,345312,31,43,28,5138,39,1,2016-12-17T02:19:03.000Z,st_petersburg,2016-12-17T00:00:00.000Z,51,Tug,St. Petersburg,1
59.88228,30.19494,0,0,88,2,SPB,RU,141,0,KAPITAN SOROKIN,3,345312,31,43,28,5138,39,1,2016-12-17T02:19:04.000Z,st_petersburg,2016-12-17T00:00:00.000Z,51,Tug,St. Petersburg,1
59.88228,30.19494,0,0,88,4,SPB,RU,141,0,KAPITAN SOROKIN,3,345312,31,43,28,5138,39,1,2016-12-17T02:21:03.000Z,st_petersburg,2016-12-17T00:00:00.000Z,51,Tug,St. Petersburg,1
59.88228,30.19494,0,0,88,4,SPB,RU,141,0,KAPITAN SOROKIN,3,345312,31,43,28,5138,39,1,2016-12-17T02:21:04.000Z,st_petersburg,2016-12-17T00:00:00.000Z,51,Tug,St. Petersburg,1
59.88225,30.19491,0,0,88,2,SPB,RU,141,0,KAPITAN SOROKIN,3,345312,31,43,28,5138,39,1,2016-12-17T02:23:03.000Z,st_petersburg,2016-12-17T00:00:00.000Z,51,Tug,St. Petersburg,1
59.88225,30.19491,0,0,88,2,SPB,RU,141,0,KAPITAN SOROKIN,3,345312,31,43,28,5138,39,1,2016-12-17T02:23:04.000Z,st_petersburg,2016-12-17T00:00:00.000Z,51,Tug,St. Petersburg,1
59.88225,30.19491,0,0,88,4,SPB,RU,141,0,KAPITAN SOROKIN,3,345312,31,43,28,5138,39,1,2016-12-17T02:25:03.000Z,st_petersburg,2016-12-17T00:00:00.000Z,51,Tug,St. Petersburg,1
59.88225,30.19491,0,0,88,2,SPB,RU,141,0,KAPITAN SOROKIN,3,345312,31,43,28,5138,39,1,2016-12-17T02:25:04.000Z,st_petersburg,2016-12-17T00:00:00.000Z,51,Tug,St. Petersburg,1
59.88226,30.19493,0,0,88,3,SPB,RU,141,0,KAPITAN SOROKIN,3,345312,31,43,28,5138,39,1,2016-12-17T02:27:03.000Z,st_petersburg,2016-12-17T00:00:00.000Z,51,Tug,St. Petersburg,1
59.88226,30.19493,0,0,88,3,SPB,RU,141,0,KAPITAN SOROKIN,3,345312,31,43,28,5138,39,1,2016-12-17T02:27:04.000Z,st_petersburg,2016-12-17T00:00:00.000Z,51,Tug,St. Petersburg,1
59.88226,30.19496,0,0,88,2,SPB,RU,141,0,KAPITAN SOROKIN,3,345312,31,43,28,5138,39,1,2016-12-17T02:29:03.000Z,st_petersburg,2016-12-17T00:00:00.000Z,51,Tug,St. Petersburg,1
59.88226,30.19496,0,0,88,2,SPB,RU,141,0,KAPITAN SOROKIN,3,345312,31,43,28,5138,39,1,2016-12-17T02:29:04.000Z,st_petersburg,2016-12-17T00:00:00.000Z,51,Tug,St. Petersburg,1
59.88226,30.19496,0,0,88,4,SPB,RU,141,0,KAPITAN SOROKIN,3,345312,31,43,28,5138,39,1,2016-12-17T02:31:03.000Z,st_petersburg,2016-12-17T00:00:00.000Z,51,Tug,St. Petersburg,1
59.88226,30.19496,0,0,88,4,SPB,RU,141,0,KAPITAN SOROKIN,3,345312,31,43,28,5138,39,1,2016-12-17T02:31:04.000Z,st_petersburg,2016-12-17T00:00:00.000Z,51,Tug,St. Petersburg,1
59.88228,30.19495,0,0,88,3,SPB,RU,141,0,KAPITAN SOROKIN,3,345312,31,43,28,5138,39,1,2016-12-17T02:33:03.000Z,st_petersburg,2016-12-17T00:00:00.000Z,51,Tug,St. Petersburg,1
59.88228,30.19495,0,0,88,3,SPB,RU,141,0,KAPITAN SOROKIN,3,345312,31,43,28,5138,39,1,2016-12-17T02:33:04.000Z,st_petersburg,2016-12-17T00:00:00.000Z,51,Tug,St. Petersburg,1
59.88226,30.19495,0,0,88,2,SPB,RU,141,0,KAPITAN SOROKIN,3,345312,31,43,28,5138,39,1,2016-12-17T02:35:03.000Z,st_petersburg,2016-12-17T00:00:00.000Z,51,Tug,St. Petersburg,1
59.88226,30.19495,0,0,88,2,SPB,RU,141,0,KAPITAN SOROKIN,3,345312,31,43,28,5138,39,1,2016-12-17T02:35:04.000Z,st_petersburg,2016-12-17T00:00:00.000Z,51,Tug,St. Petersburg,1
59.88226,30.19495,0,0,88,4,SPB,RU,141,0,KAPITAN SOROKIN,3,345312,31,43,28,5138,39,1,2016-12-17T02:37:03.000Z,st_petersburg,2016-12-17T00:00:00.000Z,51,Tug,St. Petersburg,1
59.88226,30.19495,0,0,88,4,SPB,RU,141,0,KAPITAN SOROKIN,3,345312,31,43,28,5138,39,1,2016-12-17T02:37:04.000Z,st_petersburg,2016-12-17T00:00:00.000Z,51,Tug,St. Petersburg,1
59.88229,30.19491,0,0,88,2,SPB,RU,141,0,KAPITAN SOROKIN,3,345312,31,43,28,5138,39,1,2016-12-17T02:39:03.000Z,st_petersburg,2016-12-17T00:00:00.000Z,51,Tug,St. Petersburg,1
59.88226,30.19495,0,0,88,4,SPB,RU,141,0,KAPITAN SOROKIN,3,345312,31,43,28,5138,39,1,2016-12-17T02:39:03.000Z,st_petersburg,2016-12-17T00:00:00.000Z,51,Tug,St. Petersburg,1
59.88229,30.19491,0,0,88,4,SPB,RU,141,0,KAPITAN SOROKIN,3,345312,31,43,28,5138,39,1,2016-12-17T02:41:04.000Z,st_petersburg,2016-12-17T00:00:00.000Z,51,Tug,St. Petersburg,1
59.88229,30.19491,0,0,88,4,SPB,RU,141,0,KAPITAN SOROKIN,3,345312,31,43,28,5138,39,1,2016-12-17T02:41:04.000Z,st_petersburg,2016-12-17T00:00:00.000Z,51,Tug,St. Petersburg,1
59.88229,30.19491,0,0,88,6,SPB,RU,141,0,KAPITAN SOROKIN,3,345312,31,43,28,5138,39,1,2016-12-17T02:43:03.000Z,st_petersburg,2016-12-17T00:00:00.000Z,51,Tug,St. Petersburg,1
59.88229,30.19491,0,0,88,6,SPB,RU,141,0,KAPITAN SOROKIN,3,345312,31,43,28,5138,39,1,2016-12-17T02:43:04.000Z,st_petersburg,2016-12-17T00:00:00.000Z,51,Tug,St. Petersburg,1
59.88229,30.19491,0,0,88,8,SPB,RU,141,0,KAPITAN SOROKIN,3,345312,31,43,28,5138,39,1,2016-12-17T02:45:03.000Z,st_petersburg,2016-12-17T00:00:00.000Z,51,Tug,St. Petersburg,1
59.88229,30.19491,0,0,88,6,SPB,RU,141,0,KAPITAN SOROKIN,3,345312,31,43,28,5138,39,1,2016-12-17T02:45:03.000Z,st_petersburg,2016-12-17T00:00:00.000Z,51,Tug,St. Petersburg,1
59.88225,30.19495,0,0,88,2,SPB,RU,141,0,KAPITAN SOROKIN,3,345312,31,43,28,5138,39,1,2016-12-17T02:47:04.000Z,st_petersburg,2016-12-17T00:00:00.000Z,51,Tug,St. Petersburg,1
59.88225,30.19495,0,0,88,2,SPB,RU,141,0,KAPITAN SOROKIN,3,345312,31,43,28,5138,39,1,2016-12-17T02:47:05.000Z,st_petersburg,2016-12-17T00:00:00.000Z,51,Tug,St. Petersburg,1
59.88225,30.19495,0,0,88,4,SPB,RU,141,0,KAPITAN SOROKIN,3,345312,31,43,28,5138,39,1,2016-12-17T02:49:04.000Z,st_petersburg,2016-12-17T00:00:00.000Z,51,Tug,St. Petersburg,1
59.88225,30.19495,0,0,88,4,SPB,RU,141,0,KAPITAN SOROKIN,3,345312,31,43,28,5138,39,1,2016-12-17T02:49:04.000Z,st_petersburg,2016-12-17T00:00:00.000Z,51,Tug,St. Petersburg,1
59.88235,30.19493,0,0,88,3,SPB,RU,141,0,KAPITAN SOROKIN,3,345312,31,43,28,5138,39,1,2016-12-17T02:51:03.000Z,st_petersburg,2016-12-17T00:00:00.000Z,51,Tug,St. Petersburg,1
59.88235,30.19493,0,0,88,3,SPB,RU,141,0,KAPITAN SOROKIN,3,345312,31,43,28,5138,39,1,2016-12-17T02:51:04.000Z,st_petersburg,2016-12-17T00:00:00.000Z,51,Tug,St. Petersburg,1
59.88221,30.19491,0,0,88,2,SPB,RU,141,0,KAPITAN SOROKIN,3,345312,31,43,28,5138,39,1,2016-12-17T02:53:03.000Z,st_petersburg,2016-12-17T00:00:00.000Z,51,Tug,St. Petersburg,1
59.88221,30.19491,0,0,88,2,SPB,RU,141,0,KAPITAN SOROKIN,3,345312,31,43,28,5138,39,1,2016-12-17T02:53:04.000Z,st_petersburg,2016-12-17T00:00:00.000Z,51,Tug,St. Petersburg,1
59.88221,30.19491,0,0,88,4,SPB,RU,141,0,KAPITAN SOROKIN,3,345312,31,43,28,5138,39,1,2016-12-17T02:55:04.000Z,st_petersburg,2016-12-17T00:00:00.000Z,51,Tug,St. Petersburg,1
59.88221,30.19491,0,0,88,4,SPB,RU,141,0,KAPITAN SOROKIN,3,345312,31,43,28,5138,39,1,2016-12-17T02:55:05.000Z,st_petersburg,2016-12-17T00:00:00.000Z,51,Tug,St. Petersburg,1
59.88225,30.19492,0,0,88,3,SPB,RU,141,0,KAPITAN SOROKIN,3,345312,31,43,28,5138,39,1,2016-12-17T02:57:03.000Z,st_petersburg,2016-12-17T00:00:00.000Z,51,Tug,St. Petersburg,1
59.88225,30.19492,0,0,88,3,SPB,RU,141,0,KAPITAN SOROKIN,3,345312,31,43,28,5138,39,1,2016-12-17T02:57:04.000Z,st_petersburg,2016-12-17T00:00:00.000Z,51,Tug,St. Petersburg,1
59.88229,30.19496,0,0,88,2,SPB,RU,141,0,KAPITAN SOROKIN,3,345312,31,43,28,5138,39,1,2016-12-17T02:59:03.000Z,st_petersburg,2016-12-17T00:00:00.000Z,51,Tug,St. Petersburg,1
59.88229,30.19496,0,0,88,2,SPB,RU,141,0,KAPITAN SOROKIN,3,345312,31,43,28,5138,39,1,2016-12-17T02:59:04.000Z,st_petersburg,2016-12-17T00:00:00.000Z,51,Tug,St. Petersburg,1
59.88229,30.19496,0,0,88,4,SPB,RU,141,0,KAPITAN SOROKIN,3,345312,31,43,28,5138,39,1,2016-12-17T03:01:03.000Z,st_petersburg,2016-12-17T00:00:00.000Z,51,Tug,St. Petersburg,1
59.88229,30.19496,0,0,88,4,SPB,RU,141,0,KAPITAN SOROKIN,3,345312,31,43,28,5138,39,1,2016-12-17T03:01:04.000Z,st_petersburg,2016-12-17T00:00:00.000Z,51,Tug,St. Petersburg,1
59.88229,30.19498,0,0,88,3,SPB,RU,141,0,KAPITAN SOROKIN,3,345312,31,43,28,5138,39,1,2016-12-17T03:03:03.000Z,st_petersburg,2016-12-17T00:00:00.000Z,51,Tug,St. Petersburg,1
59.88229,30.19498,0,0,88,3,SPB,RU,141,0,KAPITAN SOROKIN,3,345312,31,43,28,5138,39,1,2016-12-17T03:03:04.000Z,st_petersburg,2016-12-17T00:00:00.000Z,51,Tug,St. Petersburg,1
59.88221,30.19495,0,0,88,2,SPB,RU,141,0,KAPITAN SOROKIN,3,345312,31,43,28,5138,39,1,2016-12-17T03:05:03.000Z,st_petersburg,2016-12-17T00:00:00.000Z,51,Tug,St. Petersburg,1
59.88221,30.19495,0,0,88,2,SPB,RU,141,0,KAPITAN SOROKIN,3,345312,31,43,28,5138,39,1,2016-12-17T03:05:04.000Z,st_petersburg,2016-12-17T00:00:00.000Z,51,Tug,St. Petersburg,1
59.88221,30.19495,0,0,88,4,SPB,RU,141,0,KAPITAN SOROKIN,3,345312,31,43,28,5138,39,1,2016-12-17T03:07:04.000Z,st_petersburg,2016-12-17T00:00:00.000Z,51,Tug,St. Petersburg,1
59.88221,30.19495,0,0,88,4,SPB,RU,141,0,KAPITAN SOROKIN,3,345312,31,43,28,5138,39,1,2016-12-17T03:07:05.000Z,st_petersburg,2016-12-17T00:00:00.000Z,51,Tug,St. Petersburg,1
59.88229,30.19491,0,0,88,3,SPB,RU,141,0,KAPITAN SOROKIN,3,345312,31,43,28,5138,39,1,2016-12-17T03:09:03.000Z,st_petersburg,2016-12-17T00:00:00.000Z,51,Tug,St. Petersburg,1
59.88229,30.19491,0,0,88,3,SPB,RU,141,0,KAPITAN SOROKIN,3,345312,31,43,28,5138,39,1,2016-12-17T03:09:04.000Z,st_petersburg,2016-12-17T00:00:00.000Z,51,Tug,St. Petersburg,1
59.88227,30.19495,0,0,88,2,SPB,RU,141,0,KAPITAN SOROKIN,3,345312,31,43,28,5138,39,1,2016-12-17T03:11:04.000Z,st_petersburg,2016-12-17T00:00:00.000Z,51,Tug,St. Petersburg,1
59.88227,30.19495,0,0,88,2,SPB,RU,141,0,KAPITAN SOROKIN,3,345312,31,43,28,5138,39,1,2016-12-17T03:11:05.000Z,st_petersburg,2016-12-17T00:00:00.000Z,51,Tug,St. Petersburg,1
59.88227,30.19495,0,0,88,4,SPB,RU,141,0,KAPITAN SOROKIN,3,345312,31,43,28,5138,39,1,2016-12-17T03:13:03.000Z,st_petersburg,2016-12-17T00:00:00.000Z,51,Tug,St. Petersburg,1
59.88227,30.19495,0,0,88,4,SPB,RU,141,0,KAPITAN SOROKIN,3,345312,31,43,28,5138,39,1,2016-12-17T03:13:04.000Z,st_petersburg,2016-12-17T00:00:00.000Z,51,Tug,St. Petersburg,1
59.88225,30.19495,0,0,88,3,SPB,RU,141,0,KAPITAN SOROKIN,3,345312,31,43,28,5138,39,1,2016-12-17T03:15:03.000Z,st_petersburg,2016-12-17T00:00:00.000Z,51,Tug,St. Petersburg,1
59.88225,30.19495,0,0,88,1,SPB,RU,141,0,KAPITAN SOROKIN,3,345312,31,43,28,5138,39,1,2016-12-17T03:15:04.000Z,st_petersburg,2016-12-17T00:00:00.000Z,51,Tug,St. Petersburg,1
59.88225,30.19495,0,0,88,5,SPB,RU,141,0,KAPITAN SOROKIN,3,345312,31,43,28,5138,39,1,2016-12-17T03:17:04.000Z,st_petersburg,2016-12-17T00:00:00.000Z,51,Tug,St. Petersburg,1
59.88225,30.19495,0,0,88,5,SPB,RU,141,0,KAPITAN SOROKIN,3,345312,31,43,28,5138,39,1,2016-12-17T03:17:05.000Z,st_petersburg,2016-12-17T00:00:00.000Z,51,Tug,St. Petersburg,1
59.88226,30.19493,0,0,88,3,SPB,RU,141,0,KAPITAN SOROKIN,3,345312,31,43,28,5138,39,1,2016-12-17T03:19:03.000Z,st_petersburg,2016-12-17T00:00:00.000Z,51,Tug,St. Petersburg,1
59.88226,30.19493,0,0,88,3,SPB,RU,141,0,KAPITAN SOROKIN,3,345312,31,43,28,5138,39,1,2016-12-17T03:19:04.000Z,st_petersburg,2016-12-17T00:00:00.000Z,51,Tug,St. Petersburg,1
59.88225,30.19495,0,0,88,2,SPB,RU,141,0,KAPITAN SOROKIN,3,345312,31,43,28,5138,39,1,2016-12-17T03:21:03.000Z,st_petersburg,2016-12-17T00:00:00.000Z,51,Tug,St. Petersburg,1
59.88225,30.19495,0,0,88,2,SPB,RU,141,0,KAPITAN SOROKIN,3,345312,31,43,28,5138,39,1,2016-12-17T03:21:04.000Z,st_petersburg,2016-12-17T00:00:00.000Z,51,Tug,St. Petersburg,1
59.88225,30.19495,0,0,88,4,SPB,RU,141,0,KAPITAN SOROKIN,3,345312,31,43,28,5138,39,1,2016-12-17T03:23:03.000Z,st_petersburg,2016-12-17T00:00:00.000Z,51,Tug,St. Petersburg,1
59.88225,30.19495,0,0,88,4,SPB,RU,141,0,KAPITAN SOROKIN,3,345312,31,43,28,5138,39,1,2016-12-17T03:23:04.000Z,st_petersburg,2016-12-17T00:00:00.000Z,51,Tug,St. Petersburg,1
59.88223,30.19495,0,0,88,3,SPB,RU,141,0,KAPITAN SOROKIN,3,345312,31,43,28,5138,39,1,2016-12-17T03:25:03.000Z,st_petersburg,2016-12-17T00:00:00.000Z,51,Tug,St. Petersburg,1
59.88223,30.19495,0,0,88,3,SPB,RU,141,0,KAPITAN SOROKIN,3,345312,31,43,28,5138,39,1,2016-12-17T03:25:04.000Z,st_petersburg,2016-12-17T00:00:00.000Z,51,Tug,St. Petersburg,1
59.88223,30.19495,0,0,88,5,SPB,RU,141,0,KAPITAN SOROKIN,3,345312,31,43,28,5138,39,1,2016-12-17T03:27:04.000Z,st_petersburg,2016-12-17T00:00:00.000Z,51,Tug,St. Petersburg,1
59.88223,30.19495,0,0,88,5,SPB,RU,141,0,KAPITAN SOROKIN,3,345312,31,43,28,5138,39,1,2016-12-17T03:27:05.000Z,st_petersburg,2016-12-17T00:00:00.000Z,51,Tug,St. Petersburg,1
59.88227,30.19496,0,0,88,3,SPB,RU,141,0,KAPITAN SOROKIN,3,345312,31,43,28,5138,39,1,2016-12-17T03:29:04.000Z,st_petersburg,2016-12-17T00:00:00.000Z,51,Tug,St. Petersburg,1
59.88227,30.19496,0,0,88,3,SPB,RU,141,0,KAPITAN SOROKIN,3,345312,31,43,28,5138,39,1,2016-12-17T03:29:04.000Z,st_petersburg,2016-12-17T00:00:00.000Z,51,Tug,St. Petersburg,1
59.88227,30.19496,0,0,88,3,SPB,RU,141,0,KAPITAN SOROKIN,3,345312,31,43,28,5138,39,1,2016-12-17T03:31:03.000Z,st_petersburg,2016-12-17T00:00:00.000Z,51,Tug,St. Petersburg,1
59.88227,30.19496,0,0,88,4,SPB,RU,141,0,KAPITAN SOROKIN,3,345312,31,43,28,5138,39,1,2016-12-17T03:31:04.000Z,st_petersburg,2016-12-17T00:00:00.000Z,51,Tug,St. Petersburg,1
59.88227,30.19496,0,0,88,7,SPB,RU,141,0,KAPITAN SOROKIN,3,345312,31,43,28,5138,39,1,2016-12-17T03:33:03.000Z,st_petersburg,2016-12-17T00:00:00.000Z,51,Tug,St. Petersburg,1
59.88227,30.19496,0,0,88,7,SPB,RU,141,0,KAPITAN SOROKIN,3,345312,31,43,28,5138,39,1,2016-12-17T03:33:04.000Z,st_petersburg,2016-12-17T00:00:00.000Z,51,Tug,St. Petersburg,1
59.88227,30.19496,0,0,88,9,SPB,RU,141,0,KAPITAN SOROKIN,3,345312,31,43,28,5138,39,1,2016-12-17T03:35:03.000Z,st_petersburg,2016-12-17T00:00:00.000Z,51,Tug,St. Petersburg,1
59.88227,30.19496,0,0,88,9,SPB,RU,141,0,KAPITAN SOROKIN,3,345312,31,43,28,5138,39,1,2016-12-17T03:35:04.000Z,st_petersburg,2016-12-17T00:00:00.000Z,51,Tug,St. Petersburg,1
59.88227,30.19495,0,0,88,3,SPB,RU,141,0,KAPITAN SOROKIN,3,345312,31,43,28,5138,39,1,2016-12-17T03:37:04.000Z,st_petersburg,2016-12-17T00:00:00.000Z,51,Tug,St. Petersburg,1
59.88227,30.19495,0,0,88,3,SPB,RU,141,0,KAPITAN SOROKIN,3,345312,31,43,28,5138,39,1,2016-12-17T03:37:05.000Z,st_petersburg,2016-12-17T00:00:00.000Z,51,Tug,St. Petersburg,1
59.88228,30.19496,0,0,88,2,SPB,RU,141,0,KAPITAN SOROKIN,3,345312,31,43,28,5138,39,1,2016-12-17T03:39:03.000Z,st_petersburg,2016-12-17T00:00:00.000Z,51,Tug,St. Petersburg,1
59.88228,30.19496,0,0,88,2,SPB,RU,141,0,KAPITAN SOROKIN,3,345312,31,43,28,5138,39,1,2016-12-17T03:39:04.000Z,st_petersburg,2016-12-17T00:00:00.000Z,51,Tug,St. Petersburg,1
59.88228,30.19496,0,0,88,4,SPB,RU,141,0,KAPITAN SOROKIN,3,345312,31,43,28,5138,39,1,2016-12-17T03:41:03.000Z,st_petersburg,2016-12-17T00:00:00.000Z,51,Tug,St. Petersburg,1
59.88228,30.19496,0,0,88,4,SPB,RU,141,0,KAPITAN SOROKIN,3,345312,31,43,28,5138,39,1,2016-12-17T03:41:04.000Z,st_petersburg,2016-12-17T00:00:00.000Z,51,Tug,St. Petersburg,1
59.88227,30.19495,0,0,88,2,SPB,RU,141,0,KAPITAN SOROKIN,3,345312,31,43,28,5138,39,1,2016-12-17T03:43:03.000Z,st_petersburg,2016-12-17T00:00:00.000Z,51,Tug,St. Petersburg,1
59.88227,30.19495,0,0,88,2,SPB,RU,141,0,KAPITAN SOROKIN,3,345312,31,43,28,5138,39,1,2016-12-17T03:43:04.000Z,st_petersburg,2016-12-17T00:00:00.000Z,51,Tug,St. Petersburg,1
59.88227,30.19495,0,0,88,4,SPB,RU,141,0,KAPITAN SOROKIN,3,345312,31,43,28,5138,39,1,2016-12-17T03:45:03.000Z,st_petersburg,2016-12-17T00:00:00.000Z,51,Tug,St. Petersburg,1
59.88227,30.19495,0,0,88,4,SPB,RU,141,0,KAPITAN SOROKIN,3,345312,31,43,28,5138,39,1,2016-12-17T03:45:04.000Z,st_petersburg,2016-12-17T00:00:00.000Z,51,Tug,St. Petersburg,1
59.88227,30.19493,0,0,88,3,SPB,RU,141,0,KAPITAN SOROKIN,3,345312,31,43,28,5138,39,1,2016-12-17T03:47:04.000Z,st_petersburg,2016-12-17T00:00:00.000Z,51,Tug,St. Petersburg,1
59.88227,30.19493,0,0,88,3,SPB,RU,141,0,KAPITAN SOROKIN,3,345312,31,43,28,5138,39,1,2016-12-17T03:47:05.000Z,st_petersburg,2016-12-17T00:00:00.000Z,51,Tug,St. Petersburg,1
59.88225,30.19495,0,0,88,2,SPB,RU,141,0,KAPITAN SOROKIN,3,345312,31,43,28,5138,39,1,2016-12-17T03:49:03.000Z,st_petersburg,2016-12-17T00:00:00.000Z,51,Tug,St. Petersburg,1
59.88227,30.19493,0,0,88,3,SPB,RU,141,0,KAPITAN SOROKIN,3,345312,31,43,28,5138,39,1,2016-12-17T03:49:04.000Z,st_petersburg,2016-12-17T00:00:00.000Z,51,Tug,St. Petersburg,1
59.88225,30.19495,0,0,88,4,SPB,RU,141,0,KAPITAN SOROKIN,3,345312,31,43,28,5138,39,1,2016-12-17T03:51:03.000Z,st_petersburg,2016-12-17T00:00:00.000Z,51,Tug,St. Petersburg,1
59.88225,30.19495,0,0,88,4,SPB,RU,141,0,KAPITAN SOROKIN,3,345312,31,43,28,5138,39,1,2016-12-17T03:51:04.000Z,st_petersburg,2016-12-17T00:00:00.000Z,51,Tug,St. Petersburg,1
59.88227,30.19498,0,0,88,3,SPB,RU,141,0,KAPITAN SOROKIN,3,345312,31,43,28,5138,39,1,2016-12-17T03:53:04.000Z,st_petersburg,2016-12-17T00:00:00.000Z,51,Tug,St. Petersburg,1
59.88227,30.19498,0,0,88,2,SPB,RU,141,0,KAPITAN SOROKIN,3,345312,31,43,28,5138,39,1,2016-12-17T03:53:04.000Z,st_petersburg,2016-12-17T00:00:00.000Z,51,Tug,St. Petersburg,1
59.88227,30.19498,0,0,88,5,SPB,RU,141,0,KAPITAN SOROKIN,3,345312,31,43,28,5138,39,1,2016-12-17T03:55:03.000Z,st_petersburg,2016-12-17T00:00:00.000Z,51,Tug,St. Petersburg,1
59.88227,30.19498,0,0,88,4,SPB,RU,141,0,KAPITAN SOROKIN,3,345312,31,43,28,5138,39,1,2016-12-17T03:55:04.000Z,st_petersburg,2016-12-17T00:00:00.000Z,51,Tug,St. Petersburg,1
59.88227,30.19498,0,0,88,7,SPB,RU,141,0,KAPITAN SOROKIN,3,345312,31,43,28,5138,39,1,2016-12-17T03:57:04.000Z,st_petersburg,2016-12-17T00:00:00.000Z,51,Tug,St. Petersburg,1
59.88227,30.19498,0,0,88,7,SPB,RU,141,0,KAPITAN SOROKIN,3,345312,31,43,28,5138,39,1,2016-12-17T03:57:05.000Z,st_petersburg,2016-12-17T00:00:00.000Z,51,Tug,St. Petersburg,1
59.88227,30.19498,0,0,88,9,SPB,RU,141,0,KAPITAN SOROKIN,3,345312,31,43,28,5138,39,1,2016-12-17T03:59:04.000Z,st_petersburg,2016-12-17T00:00:00.000Z,51,Tug,St. Petersburg,1
59.88227,30.19498,0,0,88,7,SPB,RU,141,0,KAPITAN SOROKIN,3,345312,31,43,28,5138,39,1,2016-12-17T03:59:04.000Z,st_petersburg,2016-12-17T00:00:00.000Z,51,Tug,St. Petersburg,1
59.88226,30.19493,0,0,88,3,SPB,RU,141,0,KAPITAN SOROKIN,3,345312,31,43,28,5138,39,1,2016-12-17T04:01:03.000Z,st_petersburg,2016-12-17T00:00:00.000Z,51,Tug,St. Petersburg,1
59.88226,30.19493,0,0,88,3,SPB,RU,141,0,KAPITAN SOROKIN,3,345312,31,43,28,5138,39,1,2016-12-17T04:01:04.000Z,st_petersburg,2016-12-17T00:00:00.000Z,51,Tug,St. Petersburg,1
59.88225,30.19495,0,0,88,2,SPB,RU,141,0,KAPITAN SOROKIN,3,345312,31,43,28,5138,39,1,2016-12-17T04:03:03.000Z,st_petersburg,2016-12-17T00:00:00.000Z,51,Tug,St. Petersburg,1
59.88225,30.19495,0,0,88,2,SPB,RU,141,0,KAPITAN SOROKIN,3,345312,31,43,28,5138,39,1,2016-12-17T04:03:04.000Z,st_petersburg,2016-12-17T00:00:00.000Z,51,Tug,St. Petersburg,1
59.88225,30.19495,0,0,88,4,SPB,RU,141,0,KAPITAN SOROKIN,3,345312,31,43,28,5138,39,1,2016-12-17T04:05:03.000Z,st_petersburg,2016-12-17T00:00:00.000Z,51,Tug,St. Petersburg,1
59.88225,30.19495,0,0,88,4,SPB,RU,141,0,KAPITAN SOROKIN,3,345312,31,43,28,5138,39,1,2016-12-17T04:05:04.000Z,st_petersburg,2016-12-17T00:00:00.000Z,51,Tug,St. Petersburg,1
59.88227,30.19493,0,0,88,3,SPB,RU,141,0,KAPITAN SOROKIN,3,345312,31,43,28,5138,39,1,2016-12-17T04:07:03.000Z,st_petersburg,2016-12-17T00:00:00.000Z,51,Tug,St. Petersburg,1
59.88227,30.19493,0,0,88,1,SPB,RU,141,0,KAPITAN SOROKIN,3,345312,31,43,28,5138,39,1,2016-12-17T04:07:04.000Z,st_petersburg,2016-12-17T00:00:00.000Z,51,Tug,St. Petersburg,1
59.88225,30.19495,0,0,88,2,SPB,RU,141,0,KAPITAN SOROKIN,3,345312,31,43,28,5138,39,1,2016-12-17T04:09:03.000Z,st_petersburg,2016-12-17T00:00:00.000Z,51,Tug,St. Petersburg,1
59.88225,30.19495,0,0,88,2,SPB,RU,141,0,KAPITAN SOROKIN,3,345312,31,43,28,5138,39,1,2016-12-17T04:09:04.000Z,st_petersburg,2016-12-17T00:00:00.000Z,51,Tug,St. Petersburg,1
59.88225,30.19495,0,0,88,4,SPB,RU,141,0,KAPITAN SOROKIN,3,345312,31,43,28,5138,39,1,2016-12-17T04:11:03.000Z,st_petersburg,2016-12-17T00:00:00.000Z,51,Tug,St. Petersburg,1
59.88225,30.19495,0,0,88,4,SPB,RU,141,0,KAPITAN SOROKIN,3,345312,31,43,28,5138,39,1,2016-12-17T04:11:04.000Z,st_petersburg,2016-12-17T00:00:00.000Z,51,Tug,St. Petersburg,1
59.88226,30.19493,0,0,88,3,SPB,RU,141,0,KAPITAN SOROKIN,3,345312,31,43,28,5138,39,1,2016-12-17T04:13:04.000Z,st_petersburg,2016-12-17T00:00:00.000Z,51,Tug,St. Petersburg,1
59.88226,30.19493,0,0,88,3,SPB,RU,141,0,KAPITAN SOROKIN,3,345312,31,43,28,5138,39,1,2016-12-17T04:13:04.000Z,st_petersburg,2016-12-17T00:00:00.000Z,51,Tug,St. Petersburg,1
59.88226,30.19493,0,0,88,5,SPB,RU,141,0,KAPITAN SOROKIN,3,345312,31,43,28,5138,39,1,2016-12-17T04:15:04.000Z,st_petersburg,2016-12-17T00:00:00.000Z,51,Tug,St. Petersburg,1
59.88226,30.19493,0,0,88,5,SPB,RU,141,0,KAPITAN SOROKIN,3,345312,31,43,28,5138,39,1,2016-12-17T04:15:05.000Z,st_petersburg,2016-12-17T00:00:00.000Z,51,Tug,St. Petersburg,1
59.88226,30.19491,0,0,88,3,SPB,RU,141,0,KAPITAN SOROKIN,3,345312,31,43,28,5138,39,1,2016-12-17T04:17:03.000Z,st_petersburg,2016-12-17T00:00:00.000Z,51,Tug,St. Petersburg,1
59.88226,30.19491,0,0,88,3,SPB,RU,141,0,KAPITAN SOROKIN,3,345312,31,43,28,5138,39,1,2016-12-17T04:17:04.000Z,st_petersburg,2016-12-17T00:00:00.000Z,51,Tug,St. Petersburg,1
59.88226,30.19491,0,0,88,5,SPB,RU,141,0,KAPITAN SOROKIN,3,345312,31,43,28,5138,39,1,2016-12-17T04:19:03.000Z,st_petersburg,2016-12-17T00:00:00.000Z,51,Tug,St. Petersburg,1
59.88226,30.19491,0,0,88,5,SPB,RU,141,0,KAPITAN SOROKIN,3,345312,31,43,28,5138,39,1,2016-12-17T04:19:04.000Z,st_petersburg,2016-12-17T00:00:00.000Z,51,Tug,St. Petersburg,1
59.88226,30.19491,0,0,88,7,SPB,RU,141,0,KAPITAN SOROKIN,3,345312,31,43,28,5138,39,1,2016-12-17T04:21:04.000Z,st_petersburg,2016-12-17T00:00:00.000Z,51,Tug,St. Petersburg,1
59.88226,30.19491,0,0,88,5,SPB,RU,141,0,KAPITAN SOROKIN,3,345312,31,43,28,5138,39,1,2016-12-17T04:21:05.000Z,st_petersburg,2016-12-17T00:00:00.000Z,51,Tug,St. Petersburg,1
59.88226,30.19491,0,0,88,9,SPB,RU,141,0,KAPITAN SOROKIN,3,345312,31,43,28,5138,39,1,2016-12-17T04:23:04.000Z,st_petersburg,2016-12-17T00:00:00.000Z,51,Tug,St. Petersburg,1
59.88226,30.19491,0,0,88,9,SPB,RU,141,0,KAPITAN SOROKIN,3,345312,31,43,28,5138,39,1,2016-12-17T04:23:05.000Z,st_petersburg,2016-12-17T00:00:00.000Z,51,Tug,St. Petersburg,1
59.88225,30.19494,0,0,88,3,SPB,RU,141,0,KAPITAN SOROKIN,3,345312,31,43,28,5138,39,1,2016-12-17T04:25:03.000Z,st_petersburg,2016-12-17T00:00:00.000Z,51,Tug,St. Petersburg,1
59.88225,30.19494,0,0,88,3,SPB,RU,141,0,KAPITAN SOROKIN,3,345312,31,43,28,5138,39,1,2016-12-17T04:25:04.000Z,st_petersburg,2016-12-17T00:00:00.000Z,51,Tug,St. Petersburg,1
59.88227,30.19492,0,0,88,2,SPB,RU,141,0,KAPITAN SOROKIN,3,345312,31,43,28,5138,39,1,2016-12-17T04:27:03.000Z,st_petersburg,2016-12-17T00:00:00.000Z,51,Tug,St. Petersburg,1
59.88225,30.19494,0,0,88,3,SPB,RU,141,0,KAPITAN SOROKIN,3,345312,31,43,28,5138,39,1,2016-12-17T04:27:04.000Z,st_petersburg,2016-12-17T00:00:00.000Z,51,Tug,St. Petersburg,1
59.88227,30.19492,0,0,88,4,SPB,RU,141,0,KAPITAN SOROKIN,3,345312,31,43,28,5138,39,1,2016-12-17T04:29:04.000Z,st_petersburg,2016-12-17T00:00:00.000Z,51,Tug,St. Petersburg,1
59.88227,30.19492,0,0,88,4,SPB,RU,141,0,KAPITAN SOROKIN,3,345312,31,43,28,5138,39,1,2016-12-17T04:29:05.000Z,st_petersburg,2016-12-17T00:00:00.000Z,51,Tug,St. Petersburg,1
59.88225,30.19492,0,0,88,2,SPB,RU,141,0,KAPITAN SOROKIN,3,345312,31,43,28,5138,39,1,2016-12-17T04:31:03.000Z,st_petersburg,2016-12-17T00:00:00.000Z,51,Tug,St. Petersburg,1
59.88225,30.19492,0,0,88,1,SPB,RU,141,0,KAPITAN SOROKIN,3,345312,31,43,28,5138,39,1,2016-12-17T04:31:04.000Z,st_petersburg,2016-12-17T00:00:00.000Z,51,Tug,St. Petersburg,1
59.88225,30.19492,0,0,88,4,SPB,RU,141,0,KAPITAN SOROKIN,3,345312,31,43,28,5138,39,1,2016-12-17T04:33:03.000Z,st_petersburg,2016-12-17T00:00:00.000Z,51,Tug,St. Petersburg,1
59.88225,30.19492,0,0,88,4,SPB,RU,141,0,KAPITAN SOROKIN,3,345312,31,43,28,5138,39,1,2016-12-17T04:33:04.000Z,st_petersburg,2016-12-17T00:00:00.000Z,51,Tug,St. Petersburg,1
59.88227,30.19496,0,0,88,3,SPB,RU,141,0,KAPITAN SOROKIN,3,345312,31,43,28,5138,39,1,2016-12-17T04:35:03.000Z,st_petersburg,2016-12-17T00:00:00.000Z,51,Tug,St. Petersburg,1
59.88227,30.19496,0,0,88,3,SPB,RU,141,0,KAPITAN SOROKIN,3,345312,31,43,28,5138,39,1,2016-12-17T04:35:04.000Z,st_petersburg,2016-12-17T00:00:00.000Z,51,Tug,St. Petersburg,1
59.88227,30.19494,0,0,88,2,SPB,RU,141,0,KAPITAN SOROKIN,3,345312,31,43,28,5138,39,1,2016-12-17T04:37:03.000Z,st_petersburg,2016-12-17T00:00:00.000Z,51,Tug,St. Petersburg,1
59.88227,30.19494,0,0,88,2,SPB,RU,141,0,KAPITAN SOROKIN,3,345312,31,43,28,5138,39,1,2016-12-17T04:37:04.000Z,st_petersburg,2016-12-17T00:00:00.000Z,51,Tug,St. Petersburg,1
59.88227,30.19494,0,0,88,4,SPB,RU,141,0,KAPITAN SOROKIN,3,345312,31,43,28,5138,39,1,2016-12-17T04:39:03.000Z,st_petersburg,2016-12-17T00:00:00.000Z,51,Tug,St. Petersburg,1
59.88227,30.19494,0,0,88,4,SPB,RU,141,0,KAPITAN SOROKIN,3,345312,31,43,28,5138,39,1,2016-12-17T04:39:04.000Z,st_petersburg,2016-12-17T00:00:00.000Z,51,Tug,St. Petersburg,1
59.88225,30.19493,0,0,88,2,SPB,RU,141,0,KAPITAN SOROKIN,3,345312,31,43,28,5138,39,1,2016-12-17T04:41:03.000Z,st_petersburg,2016-12-17T00:00:00.000Z,51,Tug,St. Petersburg,1
59.88227,30.19494,0,0,88,4,SPB,RU,141,0,KAPITAN SOROKIN,3,345312,31,43,28,5138,39,1,2016-12-17T04:41:04.000Z,st_petersburg,2016-12-17T00:00:00.000Z,51,Tug,St. Petersburg,1
59.88225,30.19493,0,0,88,4,SPB,RU,141,0,KAPITAN SOROKIN,3,345312,31,43,28,5138,39,1,2016-12-17T04:43:03.000Z,st_petersburg,2016-12-17T00:00:00.000Z,51,Tug,St. Petersburg,1
59.88225,30.19493,0,0,88,4,SPB,RU,141,0,KAPITAN SOROKIN,3,345312,31,43,28,5138,39,1,2016-12-17T04:43:04.000Z,st_petersburg,2016-12-17T00:00:00.000Z,51,Tug,St. Petersburg,1
59.88226,30.19494,0,0,88,3,SPB,RU,141,0,KAPITAN SOROKIN,3,345312,31,43,28,5138,39,1,2016-12-17T04:45:03.000Z,st_petersburg,2016-12-17T00:00:00.000Z,51,Tug,St. Petersburg,1
59.88226,30.19494,0,0,88,3,SPB,RU,141,0,KAPITAN SOROKIN,3,345312,31,43,28,5138,39,1,2016-12-17T04:45:04.000Z,st_petersburg,2016-12-17T00:00:00.000Z,51,Tug,St. Petersburg,1
59.88226,30.19494,0,0,88,2,SPB,RU,141,0,KAPITAN SOROKIN,3,345312,31,43,28,5138,39,1,2016-12-17T04:47:03.000Z,st_petersburg,2016-12-17T00:00:00.000Z,51,Tug,St. Petersburg,1
59.88226,30.19494,0,0,88,2,SPB,RU,141,0,KAPITAN SOROKIN,3,345312,31,43,28,5138,39,1,2016-12-17T04:47:04.000Z,st_petersburg,2016-12-17T00:00:00.000Z,51,Tug,St. Petersburg,1
59.88226,30.19494,0,0,88,4,SPB,RU,141,0,KAPITAN SOROKIN,3,345312,31,43,28,5138,39,1,2016-12-17T04:49:03.000Z,st_petersburg,2016-12-17T00:00:00.000Z,51,Tug,St. Petersburg,1
59.88226,30.19494,0,0,88,4,SPB,RU,141,0,KAPITAN SOROKIN,3,345312,31,43,28,5138,39,1,2016-12-17T04:49:04.000Z,st_petersburg,2016-12-17T00:00:00.000Z,51,Tug,St. Petersburg,1
59.88226,30.19496,0,0,88,3,SPB,RU,141,0,KAPITAN SOROKIN,3,345312,31,43,28,5138,39,1,2016-12-17T04:51:03.000Z,st_petersburg,2016-12-17T00:00:00.000Z,51,Tug,St. Petersburg,1
59.88226,30.19496,0,0,88,3,SPB,RU,141,0,KAPITAN SOROKIN,3,345312,31,43,28,5138,39,1,2016-12-17T04:51:04.000Z,st_petersburg,2016-12-17T00:00:00.000Z,51,Tug,St. Petersburg,1
59.88226,30.19496,0,0,88,5,SPB,RU,141,0,KAPITAN SOROKIN,3,345312,31,43,28,5138,39,1,2016-12-17T04:53:04.000Z,st_petersburg,2016-12-17T00:00:00.000Z,51,Tug,St. Petersburg,1
59.88226,30.19496,0,0,88,5,SPB,RU,141,0,KAPITAN SOROKIN,3,345312,31,43,28,5138,39,1,2016-12-17T04:53:04.000Z,st_petersburg,2016-12-17T00:00:00.000Z,51,Tug,St. Petersburg,1
59.88226,30.19497,0,0,88,3,SPB,RU,141,0,KAPITAN SOROKIN,3,345312,31,43,28,5138,39,1,2016-12-17T04:55:04.000Z,st_petersburg,2016-12-17T00:00:00.000Z,51,Tug,St. Petersburg,1
59.88226,30.19497,0,0,88,2,SPB,RU,141,0,KAPITAN SOROKIN,3,345312,31,43,28,5138,39,1,2016-12-17T04:55:04.000Z,st_petersburg,2016-12-17T00:00:00.000Z,51,Tug,St. Petersburg,1
59.88226,30.19497,0,0,88,5,SPB,RU,141,0,KAPITAN SOROKIN,3,345312,31,43,28,5138,39,1,2016-12-17T04:57:03.000Z,st_petersburg,2016-12-17T00:00:00.000Z,51,Tug,St. Petersburg,1
59.88226,30.19497,0,0,88,5,SPB,RU,141,0,KAPITAN SOROKIN,3,345312,31,43,28,5138,39,1,2016-12-17T04:57:04.000Z,st_petersburg,2016-12-17T00:00:00.000Z,51,Tug,St. Petersburg,1
59.88226,30.19497,0,0,88,7,SPB,RU,141,0,KAPITAN SOROKIN,3,345312,31,43,28,5138,39,1,2016-12-17T04:59:04.000Z,st_petersburg,2016-12-17T00:00:00.000Z,51,Tug,St. Petersburg,1
59.88226,30.19497,0,0,88,7,SPB,RU,141,0,KAPITAN SOROKIN,3,345312,31,43,28,5138,39,1,2016-12-17T04:59:05.000Z,st_petersburg,2016-12-17T00:00:00.000Z,51,Tug,St. Petersburg,1
59.88226,30.19497,0,0,88,8,SPB,RU,141,0,KAPITAN SOROKIN,3,345312,31,43,28,5138,39,1,2016-12-17T05:01:03.000Z,st_petersburg,2016-12-17T00:00:00.000Z,51,Tug,St. Petersburg,1
59.88226,30.19497,0,0,88,9,SPB,RU,141,0,KAPITAN SOROKIN,3,345312,31,43,28,5138,39,1,2016-12-17T05:01:04.000Z,st_petersburg,2016-12-17T00:00:00.000Z,51,Tug,St. Petersburg,1
59.88226,30.19495,0,0,88,3,SPB,RU,141,0,KAPITAN SOROKIN,3,345312,31,43,28,5138,39,1,2016-12-17T05:03:04.000Z,st_petersburg,2016-12-17T00:00:00.000Z,51,Tug,St. Petersburg,1
59.88226,30.19495,0,0,88,2,SPB,RU,141,0,KAPITAN SOROKIN,3,345312,31,43,28,5138,39,1,2016-12-17T05:03:05.000Z,st_petersburg,2016-12-17T00:00:00.000Z,51,Tug,St. Petersburg,1
59.88226,30.19495,0,0,88,2,SPB,RU,141,0,KAPITAN SOROKIN,3,345312,31,43,28,5138,39,1,2016-12-17T05:05:03.000Z,st_petersburg,2016-12-17T00:00:00.000Z,51,Tug,St. Petersburg,1
59.88226,30.19495,0,0,88,3,SPB,RU,141,0,KAPITAN SOROKIN,3,345312,31,43,28,5138,39,1,2016-12-17T05:05:04.000Z,st_petersburg,2016-12-17T00:00:00.000Z,51,Tug,St. Petersburg,1
59.88226,30.19495,0,0,88,4,SPB,RU,141,0,KAPITAN SOROKIN,3,345312,31,43,28,5138,39,1,2016-12-17T05:07:03.000Z,st_petersburg,2016-12-17T00:00:00.000Z,51,Tug,St. Petersburg,1
59.88226,30.19495,0,0,88,4,SPB,RU,141,0,KAPITAN SOROKIN,3,345312,31,43,28,5138,39,1,2016-12-17T05:07:04.000Z,st_petersburg,2016-12-17T00:00:00.000Z,51,Tug,St. Petersburg,1
59.88226,30.19495,0,0,88,6,SPB,RU,141,0,KAPITAN SOROKIN,3,345312,31,43,28,5138,39,1,2016-12-17T05:09:04.000Z,st_petersburg,2016-12-17T00:00:00.000Z,51,Tug,St. Petersburg,1
59.88226,30.19495,0,0,88,6,SPB,RU,141,0,KAPITAN SOROKIN,3,345312,31,43,28,5138,39,1,2016-12-17T05:09:05.000Z,st_petersburg,2016-12-17T00:00:00.000Z,51,Tug,St. Petersburg,1
59.88226,30.19495,0,0,88,8,SPB,RU,141,0,KAPITAN SOROKIN,3,345312,31,43,28,5138,39,1,2016-12-17T05:11:03.000Z,st_petersburg,2016-12-17T00:00:00.000Z,51,Tug,St. Petersburg,1
59.88226,30.19495,0,0,88,7,SPB,RU,141,0,KAPITAN SOROKIN,3,345312,31,43,28,5138,39,1,2016-12-17T05:11:04.000Z,st_petersburg,2016-12-17T00:00:00.000Z,51,Tug,St. Petersburg,1
59.88223,30.19493,0,0,88,2,SPB,RU,141,0,KAPITAN SOROKIN,3,345312,31,43,28,5138,39,1,2016-12-17T05:13:03.000Z,st_petersburg,2016-12-17T00:00:00.000Z,51,Tug,St. Petersburg,1
59.88223,30.19493,0,0,88,2,SPB,RU,141,0,KAPITAN SOROKIN,3,345312,31,43,28,5138,39,1,2016-12-17T05:13:04.000Z,st_petersburg,2016-12-17T00:00:00.000Z,51,Tug,St. Petersburg,1
59.88223,30.19493,0,0,88,4,SPB,RU,141,0,KAPITAN SOROKIN,3,345312,31,43,28,5138,39,1,2016-12-17T05:15:03.000Z,st_petersburg,2016-12-17T00:00:00.000Z,51,Tug,St. Petersburg,1
59.88223,30.19493,0,0,88,4,SPB,RU,141,0,KAPITAN SOROKIN,3,345312,31,43,28,5138,39,1,2016-12-17T05:15:04.000Z,st_petersburg,2016-12-17T00:00:00.000Z,51,Tug,St. Petersburg,1
59.88223,30.19493,0,0,88,6,SPB,RU,141,0,KAPITAN SOROKIN,3,345312,31,43,28,5138,39,1,2016-12-17T05:17:03.000Z,st_petersburg,2016-12-17T00:00:00.000Z,51,Tug,St. Petersburg,1
59.88223,30.19493,0,0,88,6,SPB,RU,141,0,KAPITAN SOROKIN,3,345312,31,43,28,5138,39,1,2016-12-17T05:17:04.000Z,st_petersburg,2016-12-17T00:00:00.000Z,51,Tug,St. Petersburg,1
59.88223,30.19493,0,0,88,8,SPB,RU,141,0,KAPITAN SOROKIN,3,345312,31,43,28,5138,39,1,2016-12-17T05:19:03.000Z,st_petersburg,2016-12-17T00:00:00.000Z,51,Tug,St. Petersburg,1
59.88223,30.19493,0,0,88,8,SPB,RU,141,0,KAPITAN SOROKIN,3,345312,31,43,28,5138,39,1,2016-12-17T05:19:04.000Z,st_petersburg,2016-12-17T00:00:00.000Z,51,Tug,St. Petersburg,1
59.88227,30.19495,0,0,88,2,SPB,RU,141,0,KAPITAN SOROKIN,3,345312,31,43,28,5138,39,1,2016-12-17T05:21:03.000Z,st_petersburg,2016-12-17T00:00:00.000Z,51,Tug,St. Petersburg,1
59.88227,30.19495,0,0,88,2,SPB,RU,141,0,KAPITAN SOROKIN,3,345312,31,43,28,5138,39,1,2016-12-17T05:21:04.000Z,st_petersburg,2016-12-17T00:00:00.000Z,51,Tug,St. Petersburg,1
59.88227,30.19495,0,0,88,4,SPB,RU,141,0,KAPITAN SOROKIN,3,345312,31,43,28,5138,39,1,2016-12-17T05:23:03.000Z,st_petersburg,2016-12-17T00:00:00.000Z,51,Tug,St. Petersburg,1
59.88227,30.19495,0,0,88,4,SPB,RU,141,0,KAPITAN SOROKIN,3,345312,31,43,28,5138,39,1,2016-12-17T05:23:04.000Z,st_petersburg,2016-12-17T00:00:00.000Z,51,Tug,St. Petersburg,1
59.88226,30.19494,0,0,88,3,SPB,RU,141,0,KAPITAN SOROKIN,3,345312,31,43,28,5138,39,1,2016-12-17T05:25:03.000Z,st_petersburg,2016-12-17T00:00:00.000Z,51,Tug,St. Petersburg,1
59.88226,30.19494,0,0,88,2,SPB,RU,141,0,KAPITAN SOROKIN,3,345312,31,43,28,5138,39,1,2016-12-17T05:25:04.000Z,st_petersburg,2016-12-17T00:00:00.000Z,51,Tug,St. Petersburg,1
59.88225,30.19497,0,0,88,2,SPB,RU,141,0,KAPITAN SOROKIN,3,345312,31,43,28,5138,39,1,2016-12-17T05:27:04.000Z,st_petersburg,2016-12-17T00:00:00.000Z,51,Tug,St. Petersburg,1
59.88225,30.19497,0,0,88,2,SPB,RU,141,0,KAPITAN SOROKIN,3,345312,31,43,28,5138,39,1,2016-12-17T05:27:04.000Z,st_petersburg,2016-12-17T00:00:00.000Z,51,Tug,St. Petersburg,1
59.88225,30.19497,0,0,88,2,SPB,RU,141,0,KAPITAN SOROKIN,3,345312,31,43,28,5138,39,1,2016-12-17T05:29:03.000Z,st_petersburg,2016-12-17T00:00:00.000Z,51,Tug,St. Petersburg,1
59.88225,30.19497,0,0,88,4,SPB,RU,141,0,KAPITAN SOROKIN,3,345312,31,43,28,5138,39,1,2016-12-17T05:29:04.000Z,st_petersburg,2016-12-17T00:00:00.000Z,51,Tug,St. Petersburg,1
59.88227,30.19496,0,0,88,3,SPB,RU,141,0,KAPITAN SOROKIN,3,345312,31,43,28,5138,39,1,2016-12-17T05:31:03.000Z,st_petersburg,2016-12-17T00:00:00.000Z,51,Tug,St. Petersburg,1
59.88227,30.19496,0,0,88,3,SPB,RU,141,0,KAPITAN SOROKIN,3,345312,31,43,28,5138,39,1,2016-12-17T05:31:05.000Z,st_petersburg,2016-12-17T00:00:00.000Z,51,Tug,St. Petersburg,1
59.88227,30.19494,0,0,88,2,SPB,RU,141,0,KAPITAN SOROKIN,3,345312,31,43,28,5138,39,1,2016-12-17T05:33:03.000Z,st_petersburg,2016-12-17T00:00:00.000Z,51,Tug,St. Petersburg,1
59.88227,30.19494,0,0,88,2,SPB,RU,141,0,KAPITAN SOROKIN,3,345312,31,43,28,5138,39,1,2016-12-17T05:33:04.000Z,st_petersburg,2016-12-17T00:00:00.000Z,51,Tug,St. Petersburg,1
59.88227,30.19494,0,0,88,4,SPB,RU,141,0,KAPITAN SOROKIN,3,345312,31,43,28,5138,39,1,2016-12-17T05:35:03.000Z,st_petersburg,2016-12-17T00:00:00.000Z,51,Tug,St. Petersburg,1
59.88227,30.19494,0,0,88,4,SPB,RU,141,0,KAPITAN SOROKIN,3,345312,31,43,28,5138,39,1,2016-12-17T05:35:04.000Z,st_petersburg,2016-12-17T00:00:00.000Z,51,Tug,St. Petersburg,1
59.88225,30.19496,0,0,88,2,SPB,RU,141,0,KAPITAN SOROKIN,3,345312,31,43,28,5138,39,1,2016-12-17T05:37:03.000Z,st_petersburg,2016-12-17T00:00:00.000Z,51,Tug,St. Petersburg,1
59.88227,30.19494,0,0,88,5,SPB,RU,141,0,KAPITAN SOROKIN,3,345312,31,43,28,5138,39,1,2016-12-17T05:37:04.000Z,st_petersburg,2016-12-17T00:00:00.000Z,51,Tug,St. Petersburg,1
59.88225,30.19496,0,0,88,4,SPB,RU,141,0,KAPITAN SOROKIN,3,345312,31,43,28,5138,39,1,2016-12-17T05:39:04.000Z,st_petersburg,2016-12-17T00:00:00.000Z,51,Tug,St. Petersburg,1
59.88225,30.19496,0,0,88,4,SPB,RU,141,0,KAPITAN SOROKIN,3,345312,31,43,28,5138,39,1,2016-12-17T05:39:05.000Z,st_petersburg,2016-12-17T00:00:00.000Z,51,Tug,St. Petersburg,1
59.88225,30.19496,0,0,88,6,SPB,RU,141,0,KAPITAN SOROKIN,3,345312,31,43,28,5138,39,1,2016-12-17T05:41:04.000Z,st_petersburg,2016-12-17T00:00:00.000Z,51,Tug,St. Petersburg,1
59.88225,30.19496,0,0,88,6,SPB,RU,141,0,KAPITAN SOROKIN,3,345312,31,43,28,5138,39,1,2016-12-17T05:41:04.000Z,st_petersburg,2016-12-17T00:00:00.000Z,51,Tug,St. Petersburg,1
59.88225,30.19496,0,0,88,8,SPB,RU,141,0,KAPITAN SOROKIN,3,345312,31,43,28,5138,39,1,2016-12-17T05:43:04.000Z,st_petersburg,2016-12-17T00:00:00.000Z,51,Tug,St. Petersburg,1
59.88225,30.19496,0,0,88,8,SPB,RU,141,0,KAPITAN SOROKIN,3,345312,31,43,28,5138,39,1,2016-12-17T05:43:05.000Z,st_petersburg,2016-12-17T00:00:00.000Z,51,Tug,St. Petersburg,1
59.88224,30.19495,0,0,88,2,SPB,RU,141,0,KAPITAN SOROKIN,3,345312,31,43,28,5138,39,1,2016-12-17T05:45:04.000Z,st_petersburg,2016-12-17T00:00:00.000Z,51,Tug,St. Petersburg,1
59.88224,30.19495,0,0,88,2,SPB,RU,141,0,KAPITAN SOROKIN,3,345312,31,43,28,5138,39,1,2016-12-17T05:45:05.000Z,st_petersburg,2016-12-17T00:00:00.000Z,51,Tug,St. Petersburg,1
59.88224,30.19495,0,0,88,4,SPB,RU,141,0,KAPITAN SOROKIN,3,345312,31,43,28,5138,39,1,2016-12-17T05:47:03.000Z,st_petersburg,2016-12-17T00:00:00.000Z,51,Tug,St. Petersburg,1
59.88224,30.19495,0,0,88,4,SPB,RU,141,0,KAPITAN SOROKIN,3,345312,31,43,28,5138,39,1,2016-12-17T05:47:04.000Z,st_petersburg,2016-12-17T00:00:00.000Z,51,Tug,St. Petersburg,1
59.88227,30.19493,0,0,88,3,SPB,RU,141,0,KAPITAN SOROKIN,3,345312,31,43,28,5138,39,1,2016-12-17T05:49:03.000Z,st_petersburg,2016-12-17T00:00:00.000Z,51,Tug,St. Petersburg,1
59.88227,30.19493,0,0,88,3,SPB,RU,141,0,KAPITAN SOROKIN,3,345312,31,43,28,5138,39,1,2016-12-17T05:49:04.000Z,st_petersburg,2016-12-17T00:00:00.000Z,51,Tug,St. Petersburg,1
59.88227,30.19493,0,0,88,5,SPB,RU,141,0,KAPITAN SOROKIN,3,345312,31,43,28,5138,39,1,2016-12-17T05:51:03.000Z,st_petersburg,2016-12-17T00:00:00.000Z,51,Tug,St. Petersburg,1
59.88227,30.19493,0,0,88,5,SPB,RU,141,0,KAPITAN SOROKIN,3,345312,31,43,28,5138,39,1,2016-12-17T05:51:04.000Z,st_petersburg,2016-12-17T00:00:00.000Z,51,Tug,St. Petersburg,1
59.88225,30.19494,0,0,88,3,SPB,RU,141,0,KAPITAN SOROKIN,3,345312,31,43,28,5138,39,1,2016-12-17T05:53:04.000Z,st_petersburg,2016-12-17T00:00:00.000Z,51,Tug,St. Petersburg,1
59.88225,30.19494,0,0,88,3,SPB,RU,141,0,KAPITAN SOROKIN,3,345312,31,43,28,5138,39,1,2016-12-17T05:53:05.000Z,st_petersburg,2016-12-17T00:00:00.000Z,51,Tug,St. Petersburg,1
59.88223,30.19495,0,0,88,2,SPB,RU,141,0,KAPITAN SOROKIN,3,345312,31,43,28,5138,39,1,2016-12-17T05:55:04.000Z,st_petersburg,2016-12-17T00:00:00.000Z,51,Tug,St. Petersburg,1
59.88223,30.19495,0,0,88,2,SPB,RU,141,0,KAPITAN SOROKIN,3,345312,31,43,28,5138,39,1,2016-12-17T05:55:04.000Z,st_petersburg,2016-12-17T00:00:00.000Z,51,Tug,St. Petersburg,1
59.88223,30.19495,0,0,88,4,SPB,RU,141,0,KAPITAN SOROKIN,3,345312,31,43,28,5138,39,1,2016-12-17T05:57:03.000Z,st_petersburg,2016-12-17T00:00:00.000Z,51,Tug,St. Petersburg,1
59.88223,30.19495,0,0,88,4,SPB,RU,141,0,KAPITAN SOROKIN,3,345312,31,43,28,5138,39,1,2016-12-17T05:57:04.000Z,st_petersburg,2016-12-17T00:00:00.000Z,51,Tug,St. Petersburg,1
59.88224,30.19494,0,0,88,3,SPB,RU,141,0,KAPITAN SOROKIN,3,345312,31,43,28,5138,39,1,2016-12-17T05:59:03.000Z,st_petersburg,2016-12-17T00:00:00.000Z,51,Tug,St. Petersburg,1
59.88224,30.19494,0,0,88,3,SPB,RU,141,0,KAPITAN SOROKIN,3,345312,31,43,28,5138,39,1,2016-12-17T05:59:04.000Z,st_petersburg,2016-12-17T00:00:00.000Z,51,Tug,St. Petersburg,1
59.88224,30.19494,0,0,88,5,SPB,RU,141,0,KAPITAN SOROKIN,3,345312,31,43,28,5138,39,1,2016-12-17T06:01:04.000Z,st_petersburg,2016-12-17T00:00:00.000Z,51,Tug,St. Petersburg,1
59.88224,30.19494,0,0,88,5,SPB,RU,141,0,KAPITAN SOROKIN,3,345312,31,43,28,5138,39,1,2016-12-17T06:01:05.000Z,st_petersburg,2016-12-17T00:00:00.000Z,51,Tug,St. Petersburg,1
59.88224,30.19494,0,0,88,7,SPB,RU,141,0,KAPITAN SOROKIN,3,345312,31,43,28,5138,39,1,2016-12-17T06:03:04.000Z,st_petersburg,2016-12-17T00:00:00.000Z,51,Tug,St. Petersburg,1
59.88224,30.19494,0,0,88,7,SPB,RU,141,0,KAPITAN SOROKIN,3,345312,31,43,28,5138,39,1,2016-12-17T06:03:05.000Z,st_petersburg,2016-12-17T00:00:00.000Z,51,Tug,St. Petersburg,1
59.88224,30.19494,0,0,88,9,SPB,RU,141,0,KAPITAN SOROKIN,3,345312,31,43,28,5138,39,1,2016-12-17T06:05:04.000Z,st_petersburg,2016-12-17T00:00:00.000Z,51,Tug,St. Petersburg,1
59.88224,30.19494,0,0,88,9,SPB,RU,141,0,KAPITAN SOROKIN,3,345312,31,43,28,5138,39,1,2016-12-17T06:05:05.000Z,st_petersburg,2016-12-17T00:00:00.000Z,51,Tug,St. Petersburg,1
59.88224,30.19494,0,0,88,11,SPB,RU,141,0,KAPITAN SOROKIN,3,345312,31,43,28,5138,39,1,2016-12-17T06:07:04.000Z,st_petersburg,2016-12-17T00:00:00.000Z,51,Tug,St. Petersburg,1
59.88224,30.19494,0,0,88,11,SPB,RU,141,0,KAPITAN SOROKIN,3,345312,31,43,28,5138,39,1,2016-12-17T06:07:05.000Z,st_petersburg,2016-12-17T00:00:00.000Z,51,Tug,St. Petersburg,1
59.88228,30.19493,0,0,88,2,SPB,RU,141,0,KAPITAN SOROKIN,3,345312,31,43,28,5138,39,1,2016-12-17T06:09:03.000Z,st_petersburg,2016-12-17T00:00:00.000Z,51,Tug,St. Petersburg,1
59.88228,30.19493,0,0,88,2,SPB,RU,141,0,KAPITAN SOROKIN,3,345312,31,43,28,5138,39,1,2016-12-17T06:09:04.000Z,st_petersburg,2016-12-17T00:00:00.000Z,51,Tug,St. Petersburg,1
59.88228,30.19493,0,0,88,4,SPB,RU,141,0,KAPITAN SOROKIN,3,345312,31,43,28,5138,39,1,2016-12-17T06:11:04.000Z,st_petersburg,2016-12-17T00:00:00.000Z,51,Tug,St. Petersburg,1
59.88228,30.19493,0,0,88,4,SPB,RU,141,0,KAPITAN SOROKIN,3,345312,31,43,28,5138,39,1,2016-12-17T06:11:05.000Z,st_petersburg,2016-12-17T00:00:00.000Z,51,Tug,St. Petersburg,1
59.88228,30.19493,0,0,88,6,SPB,RU,141,0,KAPITAN SOROKIN,3,345312,31,43,28,5138,39,1,2016-12-17T06:13:04.000Z,st_petersburg,2016-12-17T00:00:00.000Z,51,Tug,St. Petersburg,1
59.88228,30.19493,0,0,88,6,SPB,RU,141,0,KAPITAN SOROKIN,3,345312,31,43,28,5138,39,1,2016-12-17T06:13:05.000Z,st_petersburg,2016-12-17T00:00:00.000Z,51,Tug,St. Petersburg,1
59.88228,30.19493,0,0,88,8,SPB,RU,141,0,KAPITAN SOROKIN,3,345312,31,43,28,5138,39,1,2016-12-17T06:15:04.000Z,st_petersburg,2016-12-17T00:00:00.000Z,51,Tug,St. Petersburg,1
59.88228,30.19493,0,0,88,6,SPB,RU,141,0,KAPITAN SOROKIN,3,345312,31,43,28,5138,39,1,2016-12-17T06:15:05.000Z,st_petersburg,2016-12-17T00:00:00.000Z,51,Tug,St. Petersburg,1
59.88225,30.19493,0,0,88,2,SPB,RU,141,0,KAPITAN SOROKIN,3,345312,31,43,28,5138,39,1,2016-12-17T06:17:04.000Z,st_petersburg,2016-12-17T00:00:00.000Z,51,Tug,St. Petersburg,1
59.88225,30.19493,0,0,88,2,SPB,RU,141,0,KAPITAN SOROKIN,3,345312,31,43,28,5138,39,1,2016-12-17T06:17:05.000Z,st_petersburg,2016-12-17T00:00:00.000Z,51,Tug,St. Petersburg,1
59.88225,30.19493,0,0,88,2,SPB,RU,141,0,KAPITAN SOROKIN,3,345312,31,43,28,5138,39,1,2016-12-17T06:19:03.000Z,st_petersburg,2016-12-17T00:00:00.000Z,51,Tug,St. Petersburg,1
59.88225,30.19493,0,0,88,4,SPB,RU,141,0,KAPITAN SOROKIN,3,345312,31,43,28,5138,39,1,2016-12-17T06:19:04.000Z,st_petersburg,2016-12-17T00:00:00.000Z,51,Tug,St. Petersburg,1
59.88227,30.19493,0,0,88,3,SPB,RU,141,0,KAPITAN SOROKIN,3,345312,31,43,28,5138,39,1,2016-12-17T06:21:03.000Z,st_petersburg,2016-12-17T00:00:00.000Z,51,Tug,St. Petersburg,1
59.88227,30.19493,0,0,88,3,SPB,RU,141,0,KAPITAN SOROKIN,3,345312,31,43,28,5138,39,1,2016-12-17T06:21:04.000Z,st_petersburg,2016-12-17T00:00:00.000Z,51,Tug,St. Petersburg,1
59.88223,30.1949,0,0,88,2,SPB,RU,141,0,KAPITAN SOROKIN,3,345312,31,43,28,5138,39,1,2016-12-17T06:23:03.000Z,st_petersburg,2016-12-17T00:00:00.000Z,51,Tug,St. Petersburg,1
59.88223,30.1949,0,0,88,2,SPB,RU,141,0,KAPITAN SOROKIN,3,345312,31,43,28,5138,39,1,2016-12-17T06:23:04.000Z,st_petersburg,2016-12-17T00:00:00.000Z,51,Tug,St. Petersburg,1
59.88223,30.1949,0,0,88,4,SPB,RU,141,0,KAPITAN SOROKIN,3,345312,31,43,28,5138,39,1,2016-12-17T06:25:05.000Z,st_petersburg,2016-12-17T00:00:00.000Z,51,Tug,St. Petersburg,1
59.88223,30.1949,0,0,88,4,SPB,RU,141,0,KAPITAN SOROKIN,3,345312,31,43,28,5138,39,1,2016-12-17T06:25:05.000Z,st_petersburg,2016-12-17T00:00:00.000Z,51,Tug,St. Petersburg,1
59.88223,30.1949,0,0,88,6,SPB,RU,141,0,KAPITAN SOROKIN,3,345312,31,43,28,5138,39,1,2016-12-17T06:27:04.000Z,st_petersburg,2016-12-17T00:00:00.000Z,51,Tug,St. Petersburg,1
59.88223,30.1949,0,0,88,6,SPB,RU,141,0,KAPITAN SOROKIN,3,345312,31,43,28,5138,39,1,2016-12-17T06:27:05.000Z,st_petersburg,2016-12-17T00:00:00.000Z,51,Tug,St. Petersburg,1
59.88223,30.1949,0,0,88,8,SPB,RU,141,0,KAPITAN SOROKIN,3,345312,31,43,28,5138,39,1,2016-12-17T06:29:03.000Z,st_petersburg,2016-12-17T00:00:00.000Z,51,Tug,St. Petersburg,1
59.88223,30.1949,0,0,88,7,SPB,RU,141,0,KAPITAN SOROKIN,3,345312,31,43,28,5138,39,1,2016-12-17T06:29:04.000Z,st_petersburg,2016-12-17T00:00:00.000Z,51,Tug,St. Petersburg,1
59.88225,30.19494,0,0,88,2,SPB,RU,141,0,KAPITAN SOROKIN,3,345312,31,43,28,5138,39,1,2016-12-17T06:31:04.000Z,st_petersburg,2016-12-17T00:00:00.000Z,51,Tug,St. Petersburg,1
59.88225,30.19494,0,0,88,1,SPB,RU,141,0,KAPITAN SOROKIN,3,345312,31,43,28,5138,39,1,2016-12-17T06:31:05.000Z,st_petersburg,2016-12-17T00:00:00.000Z,51,Tug,St. Petersburg,1
59.88225,30.19494,0,0,88,4,SPB,RU,141,0,KAPITAN SOROKIN,3,345312,31,43,28,5138,39,1,2016-12-17T06:33:04.000Z,st_petersburg,2016-12-17T00:00:00.000Z,51,Tug,St. Petersburg,1
59.88225,30.19494,0,0,88,4,SPB,RU,141,0,KAPITAN SOROKIN,3,345312,31,43,28,5138,39,1,2016-12-17T06:33:05.000Z,st_petersburg,2016-12-17T00:00:00.000Z,51,Tug,St. Petersburg,1
59.88226,30.19495,0,0,88,3,SPB,RU,141,0,KAPITAN SOROKIN,3,345312,31,43,28,5138,39,1,2016-12-17T06:35:04.000Z,st_petersburg,2016-12-17T00:00:00.000Z,51,Tug,St. Petersburg,1
59.88226,30.19495,0,0,88,3,SPB,RU,141,0,KAPITAN SOROKIN,3,345312,31,43,28,5138,39,1,2016-12-17T06:35:05.000Z,st_petersburg,2016-12-17T00:00:00.000Z,51,Tug,St. Petersburg,1
59.88224,30.19494,0,0,88,2,SPB,RU,141,0,KAPITAN SOROKIN,3,345312,31,43,28,5138,39,1,2016-12-17T06:37:03.000Z,st_petersburg,2016-12-17T00:00:00.000Z,51,Tug,St. Petersburg,1
59.88226,30.19495,0,0,88,3,SPB,RU,141,0,KAPITAN SOROKIN,3,345312,31,43,28,5138,39,1,2016-12-17T06:37:04.000Z,st_petersburg,2016-12-17T00:00:00.000Z,51,Tug,St. Petersburg,1
59.88224,30.19494,0,0,88,4,SPB,RU,141,0,KAPITAN SOROKIN,3,345312,31,43,28,5138,39,1,2016-12-17T06:39:05.000Z,st_petersburg,2016-12-17T00:00:00.000Z,51,Tug,St. Petersburg,1
59.88224,30.19494,0,0,88,4,SPB,RU,141,0,KAPITAN SOROKIN,3,345312,31,43,28,5138,39,1,2016-12-17T06:39:05.000Z,st_petersburg,2016-12-17T00:00:00.000Z,51,Tug,St. Petersburg,1
59.88225,30.19493,0,0,88,2,SPB,RU,141,0,KAPITAN SOROKIN,3,345312,31,43,28,5138,39,1,2016-12-17T06:41:03.000Z,st_petersburg,2016-12-17T00:00:00.000Z,51,Tug,St. Petersburg,1
59.88225,30.19493,0,0,88,2,SPB,RU,141,0,KAPITAN SOROKIN,3,345312,31,43,28,5138,39,1,2016-12-17T06:41:04.000Z,st_petersburg,2016-12-17T00:00:00.000Z,51,Tug,St. Petersburg,1
59.88225,30.19493,0,0,88,4,SPB,RU,141,0,KAPITAN SOROKIN,3,345312,31,43,28,5138,39,1,2016-12-17T06:43:03.000Z,st_petersburg,2016-12-17T00:00:00.000Z,51,Tug,St. Petersburg,1
59.88225,30.19493,0,0,88,4,SPB,RU,141,0,KAPITAN SOROKIN,3,345312,31,43,28,5138,39,1,2016-12-17T06:43:04.000Z,st_petersburg,2016-12-17T00:00:00.000Z,51,Tug,St. Petersburg,1
59.88225,30.19493,0,0,88,5,SPB,RU,141,0,KAPITAN SOROKIN,3,345312,31,43,28,5138,39,1,2016-12-17T06:45:03.000Z,st_petersburg,2016-12-17T00:00:00.000Z,51,Tug,St. Petersburg,1
59.88225,30.19493,0,0,88,6,SPB,RU,141,0,KAPITAN SOROKIN,3,345312,31,43,28,5138,39,1,2016-12-17T06:45:04.000Z,st_petersburg,2016-12-17T00:00:00.000Z,51,Tug,St. Petersburg,1
59.88225,30.19493,0,0,88,7,SPB,RU,141,0,KAPITAN SOROKIN,3,345312,31,43,28,5138,39,1,2016-12-17T06:47:03.000Z,st_petersburg,2016-12-17T00:00:00.000Z,51,Tug,St. Petersburg,1
59.88225,30.19493,0,0,88,8,SPB,RU,141,0,KAPITAN SOROKIN,3,345312,31,43,28,5138,39,1,2016-12-17T06:47:04.000Z,st_petersburg,2016-12-17T00:00:00.000Z,51,Tug,St. Petersburg,1
59.88225,30.19496,0,0,88,2,SPB,RU,141,0,KAPITAN SOROKIN,3,345312,31,43,28,5138,39,1,2016-12-17T06:49:03.000Z,st_petersburg,2016-12-17T00:00:00.000Z,51,Tug,St. Petersburg,1
59.88225,30.19496,0,0,88,2,SPB,RU,141,0,KAPITAN SOROKIN,3,345312,31,43,28,5138,39,1,2016-12-17T06:49:04.000Z,st_petersburg,2016-12-17T00:00:00.000Z,51,Tug,St. Petersburg,1
59.88225,30.19496,0,0,88,4,SPB,RU,141,0,KAPITAN SOROKIN,3,345312,31,43,28,5138,39,1,2016-12-17T06:51:03.000Z,st_petersburg,2016-12-17T00:00:00.000Z,51,Tug,St. Petersburg,1
59.88225,30.19496,0,0,88,4,SPB,RU,141,0,KAPITAN SOROKIN,3,345312,31,43,28,5138,39,1,2016-12-17T06:51:04.000Z,st_petersburg,2016-12-17T00:00:00.000Z,51,Tug,St. Petersburg,1
59.88227,30.19493,0,0,88,3,SPB,RU,141,0,KAPITAN SOROKIN,3,345312,31,43,28,5138,39,1,2016-12-17T06:53:04.000Z,st_petersburg,2016-12-17T00:00:00.000Z,51,Tug,St. Petersburg,1
59.88227,30.19493,0,0,88,3,SPB,RU,141,0,KAPITAN SOROKIN,3,345312,31,43,28,5138,39,1,2016-12-17T06:53:05.000Z,st_petersburg,2016-12-17T00:00:00.000Z,51,Tug,St. Petersburg,1
59.88228,30.19494,0,0,88,2,SPB,RU,141,0,KAPITAN SOROKIN,3,345312,31,43,28,5138,39,1,2016-12-17T06:55:05.000Z,st_petersburg,2016-12-17T00:00:00.000Z,51,Tug,St. Petersburg,1
59.88228,30.19494,0,0,88,2,SPB,RU,141,0,KAPITAN SOROKIN,3,345312,31,43,28,5138,39,1,2016-12-17T06:55:06.000Z,st_petersburg,2016-12-17T00:00:00.000Z,51,Tug,St. Petersburg,1
59.88228,30.19494,0,0,88,4,SPB,RU,141,0,KAPITAN SOROKIN,3,345312,31,43,28,5138,39,1,2016-12-17T06:57:03.000Z,st_petersburg,2016-12-17T00:00:00.000Z,51,Tug,St. Petersburg,1
59.88228,30.19494,0,0,88,4,SPB,RU,141,0,KAPITAN SOROKIN,3,345312,31,43,28,5138,39,1,2016-12-17T06:57:04.000Z,st_petersburg,2016-12-17T00:00:00.000Z,51,Tug,St. Petersburg,1
59.88224,30.19494,0,0,88,3,SPB,RU,141,0,KAPITAN SOROKIN,3,345312,31,43,28,5138,39,1,2016-12-17T06:59:03.000Z,st_petersburg,2016-12-17T00:00:00.000Z,51,Tug,St. Petersburg,1
59.88224,30.19494,0,0,88,1,SPB,RU,141,0,KAPITAN SOROKIN,3,345312,31,43,28,5138,39,1,2016-12-17T06:59:04.000Z,st_petersburg,2016-12-17T00:00:00.000Z,51,Tug,St. Petersburg,1
59.88225,30.19496,0,0,88,2,SPB,RU,141,0,KAPITAN SOROKIN,3,345312,31,43,28,5138,39,1,2016-12-17T07:01:04.000Z,st_petersburg,2016-12-17T00:00:00.000Z,51,Tug,St. Petersburg,1
59.88225,30.19496,0,0,88,2,SPB,RU,141,0,KAPITAN SOROKIN,3,345312,31,43,28,5138,39,1,2016-12-17T07:01:05.000Z,st_petersburg,2016-12-17T00:00:00.000Z,51,Tug,St. Petersburg,1
59.88225,30.19496,0,0,88,2,SPB,RU,141,0,KAPITAN SOROKIN,3,345312,31,43,28,5138,39,1,2016-12-17T07:03:03.000Z,st_petersburg,2016-12-17T00:00:00.000Z,51,Tug,St. Petersburg,1
59.88225,30.19496,0,0,88,4,SPB,RU,141,0,KAPITAN SOROKIN,3,345312,31,43,28,5138,39,1,2016-12-17T07:03:04.000Z,st_petersburg,2016-12-17T00:00:00.000Z,51,Tug,St. Petersburg,1
59.88226,30.19493,0,0,88,2,SPB,RU,141,0,KAPITAN SOROKIN,3,345312,31,43,28,5138,39,1,2016-12-17T07:05:03.000Z,st_petersburg,2016-12-17T00:00:00.000Z,51,Tug,St. Petersburg,1
59.88226,30.19493,0,0,88,2,SPB,RU,141,0,KAPITAN SOROKIN,3,345312,31,43,28,5138,39,1,2016-12-17T07:05:04.000Z,st_petersburg,2016-12-17T00:00:00.000Z,51,Tug,St. Petersburg,1
59.88226,30.19493,0,0,88,4,SPB,RU,141,0,KAPITAN SOROKIN,3,345312,31,43,28,5138,39,1,2016-12-17T07:07:03.000Z,st_petersburg,2016-12-17T00:00:00.000Z,51,Tug,St. Petersburg,1
59.88226,30.19493,0,0,88,4,SPB,RU,141,0,KAPITAN SOROKIN,3,345312,31,43,28,5138,39,1,2016-12-17T07:07:04.000Z,st_petersburg,2016-12-17T00:00:00.000Z,51,Tug,St. Petersburg,1
59.88225,30.19491,0,0,88,3,SPB,RU,141,0,KAPITAN SOROKIN,3,345312,31,43,28,5138,39,1,2016-12-17T07:09:04.000Z,st_petersburg,2016-12-17T00:00:00.000Z,51,Tug,St. Petersburg,1
59.88225,30.19491,0,0,88,3,SPB,RU,141,0,KAPITAN SOROKIN,3,345312,31,43,28,5138,39,1,2016-12-17T07:09:05.000Z,st_petersburg,2016-12-17T00:00:00.000Z,51,Tug,St. Petersburg,1
59.88224,30.19493,0,0,88,2,SPB,RU,141,0,KAPITAN SOROKIN,3,345312,31,43,28,5138,39,1,2016-12-17T07:11:04.000Z,st_petersburg,2016-12-17T00:00:00.000Z,51,Tug,St. Petersburg,1
59.88224,30.19493,0,0,88,2,SPB,RU,141,0,KAPITAN SOROKIN,3,345312,31,43,28,5138,39,1,2016-12-17T07:11:04.000Z,st_petersburg,2016-12-17T00:00:00.000Z,51,Tug,St. Petersburg,1
59.88224,30.19493,0,0,88,4,SPB,RU,141,0,KAPITAN SOROKIN,3,345312,31,43,28,5138,39,1,2016-12-17T07:13:03.000Z,st_petersburg,2016-12-17T00:00:00.000Z,51,Tug,St. Petersburg,1
59.88224,30.19493,0,0,88,4,SPB,RU,141,0,KAPITAN SOROKIN,3,345312,31,43,28,5138,39,1,2016-12-17T07:13:04.000Z,st_petersburg,2016-12-17T00:00:00.000Z,51,Tug,St. Petersburg,1
59.88225,30.19495,0,0,88,3,SPB,RU,141,0,KAPITAN SOROKIN,3,345312,31,43,28,5138,39,1,2016-12-17T07:15:03.000Z,st_petersburg,2016-12-17T00:00:00.000Z,51,Tug,St. Petersburg,1
59.88225,30.19495,0,0,88,3,SPB,RU,141,0,KAPITAN SOROKIN,3,345312,31,43,28,5138,39,1,2016-12-17T07:15:04.000Z,st_petersburg,2016-12-17T00:00:00.000Z,51,Tug,St. Petersburg,1
59.88224,30.19494,0,0,88,2,SPB,RU,141,0,KAPITAN SOROKIN,3,345312,31,43,28,5138,39,1,2016-12-17T07:17:04.000Z,st_petersburg,2016-12-17T00:00:00.000Z,51,Tug,St. Petersburg,1
59.88224,30.19494,0,0,88,2,SPB,RU,141,0,KAPITAN SOROKIN,3,345312,31,43,28,5138,39,1,2016-12-17T07:17:04.000Z,st_petersburg,2016-12-17T00:00:00.000Z,51,Tug,St. Petersburg,1
59.88224,30.19494,0,0,88,4,SPB,RU,141,0,KAPITAN SOROKIN,3,345312,31,43,28,5138,39,1,2016-12-17T07:19:03.000Z,st_petersburg,2016-12-17T00:00:00.000Z,51,Tug,St. Petersburg,1
59.88224,30.19494,0,0,88,4,SPB,RU,141,0,KAPITAN SOROKIN,3,345312,31,43,28,5138,39,1,2016-12-17T07:19:04.000Z,st_petersburg,2016-12-17T00:00:00.000Z,51,Tug,St. Petersburg,1
59.88228,30.19493,0,0,88,2,SPB,RU,141,0,KAPITAN SOROKIN,3,345312,31,43,28,5138,39,1,2016-12-17T07:21:04.000Z,st_petersburg,2016-12-17T00:00:00.000Z,51,Tug,St. Petersburg,1
59.88228,30.19493,0,0,88,2,SPB,RU,141,0,KAPITAN SOROKIN,3,345312,31,43,28,5138,39,1,2016-12-17T07:21:05.000Z,st_petersburg,2016-12-17T00:00:00.000Z,51,Tug,St. Petersburg,1
59.88228,30.19493,0,0,88,4,SPB,RU,141,0,KAPITAN SOROKIN,3,345312,31,43,28,5138,39,1,2016-12-17T07:23:03.000Z,st_petersburg,2016-12-17T00:00:00.000Z,51,Tug,St. Petersburg,1
59.88228,30.19493,0,0,88,2,SPB,RU,141,0,KAPITAN SOROKIN,3,345312,31,43,28,5138,39,1,2016-12-17T07:23:04.000Z,st_petersburg,2016-12-17T00:00:00.000Z,51,Tug,St. Petersburg,1
59.88222,30.19496,0,0,88,3,SPB,RU,141,0,KAPITAN SOROKIN,3,345312,31,43,28,5138,39,1,2016-12-17T07:25:03.000Z,st_petersburg,2016-12-17T00:00:00.000Z,51,Tug,St. Petersburg,1
59.88222,30.19496,0,0,88,3,SPB,RU,141,0,KAPITAN SOROKIN,3,345312,31,43,28,5138,39,1,2016-12-17T07:25:04.000Z,st_petersburg,2016-12-17T00:00:00.000Z,51,Tug,St. Petersburg,1
59.88228,30.19495,0,0,88,2,SPB,RU,141,0,KAPITAN SOROKIN,3,345312,31,43,28,5138,39,1,2016-12-17T07:27:03.000Z,st_petersburg,2016-12-17T00:00:00.000Z,51,Tug,St. Petersburg,1
59.88228,30.19495,0,0,88,1,SPB,RU,141,0,KAPITAN SOROKIN,3,345312,31,43,28,5138,39,1,2016-12-17T07:27:04.000Z,st_petersburg,2016-12-17T00:00:00.000Z,51,Tug,St. Petersburg,1
59.88228,30.19495,0,0,88,4,SPB,RU,141,0,KAPITAN SOROKIN,3,345312,31,43,28,5138,39,1,2016-12-17T07:29:04.000Z,st_petersburg,2016-12-17T00:00:00.000Z,51,Tug,St. Petersburg,1
59.88228,30.19495,0,0,88,4,SPB,RU,141,0,KAPITAN SOROKIN,3,345312,31,43,28,5138,39,1,2016-12-17T07:29:04.000Z,st_petersburg,2016-12-17T00:00:00.000Z,51,Tug,St. Petersburg,1
59.88228,30.19494,0,0,88,3,SPB,RU,141,0,KAPITAN SOROKIN,3,345312,31,43,28,5138,39,1,2016-12-17T07:31:03.000Z,st_petersburg,2016-12-17T00:00:00.000Z,51,Tug,St. Petersburg,1
59.88228,30.19494,0,0,88,3,SPB,RU,141,0,KAPITAN SOROKIN,3,345312,31,43,28,5138,39,1,2016-12-17T07:31:04.000Z,st_petersburg,2016-12-17T00:00:00.000Z,51,Tug,St. Petersburg,1
59.88228,30.19494,0,0,88,2,SPB,RU,141,0,KAPITAN SOROKIN,3,345312,31,43,28,5138,39,1,2016-12-17T07:33:03.000Z,st_petersburg,2016-12-17T00:00:00.000Z,51,Tug,St. Petersburg,1
59.88228,30.19494,0,0,88,2,SPB,RU,141,0,KAPITAN SOROKIN,3,345312,31,43,28,5138,39,1,2016-12-17T07:33:04.000Z,st_petersburg,2016-12-17T00:00:00.000Z,51,Tug,St. Petersburg,1
59.88228,30.19494,0,0,88,4,SPB,RU,141,0,KAPITAN SOROKIN,3,345312,31,43,28,5138,39,1,2016-12-17T07:35:03.000Z,st_petersburg,2016-12-17T00:00:00.000Z,51,Tug,St. Petersburg,1
59.88228,30.19494,0,0,88,4,SPB,RU,141,0,KAPITAN SOROKIN,3,345312,31,43,28,5138,39,1,2016-12-17T07:35:04.000Z,st_petersburg,2016-12-17T00:00:00.000Z,51,Tug,St. Petersburg,1
59.88228,30.19494,0,0,88,4,SPB,RU,141,0,KAPITAN SOROKIN,3,345312,31,43,28,5138,39,1,2016-12-17T07:37:03.000Z,st_petersburg,2016-12-17T00:00:00.000Z,51,Tug,St. Petersburg,1
59.88228,30.19494,0,0,88,2,SPB,RU,141,0,KAPITAN SOROKIN,3,345312,31,43,28,5138,39,1,2016-12-17T07:37:04.000Z,st_petersburg,2016-12-17T00:00:00.000Z,51,Tug,St. Petersburg,1
59.88228,30.19494,0,0,88,4,SPB,RU,141,0,KAPITAN SOROKIN,3,345312,31,43,28,5138,39,1,2016-12-17T07:39:03.000Z,st_petersburg,2016-12-17T00:00:00.000Z,51,Tug,St. Petersburg,1
59.88228,30.19494,0,0,88,2,SPB,RU,141,0,KAPITAN SOROKIN,3,345312,31,43,28,5138,39,1,2016-12-17T07:39:04.000Z,st_petersburg,2016-12-17T00:00:00.000Z,51,Tug,St. Petersburg,1
59.88227,30.19495,0,0,88,3,SPB,RU,141,0,KAPITAN SOROKIN,3,345312,31,43,28,5138,39,1,2016-12-17T07:41:03.000Z,st_petersburg,2016-12-17T00:00:00.000Z,51,Tug,St. Petersburg,1
59.88227,30.19495,0,0,88,3,SPB,RU,141,0,KAPITAN SOROKIN,3,345312,31,43,28,5138,39,1,2016-12-17T07:41:04.000Z,st_petersburg,2016-12-17T00:00:00.000Z,51,Tug,St. Petersburg,1
59.88228,30.19495,0,0,88,2,SPB,RU,141,0,KAPITAN SOROKIN,3,345312,31,43,28,5138,39,1,2016-12-17T07:43:03.000Z,st_petersburg,2016-12-17T00:00:00.000Z,51,Tug,St. Petersburg,1
59.88228,30.19495,0,0,88,2,SPB,RU,141,0,KAPITAN SOROKIN,3,345312,31,43,28,5138,39,1,2016-12-17T07:43:04.000Z,st_petersburg,2016-12-17T00:00:00.000Z,51,Tug,St. Petersburg,1
59.88228,30.19495,0,0,88,4,SPB,RU,141,0,KAPITAN SOROKIN,3,345312,31,43,28,5138,39,1,2016-12-17T07:45:03.000Z,st_petersburg,2016-12-17T00:00:00.000Z,51,Tug,St. Petersburg,1
59.88228,30.19495,0,0,88,4,SPB,RU,141,0,KAPITAN SOROKIN,3,345312,31,43,28,5138,39,1,2016-12-17T07:45:04.000Z,st_petersburg,2016-12-17T00:00:00.000Z,51,Tug,St. Petersburg,1
59.88229,30.19493,0,0,88,3,SPB,RU,141,0,KAPITAN SOROKIN,3,345312,31,43,28,5138,39,1,2016-12-17T07:47:03.000Z,st_petersburg,2016-12-17T00:00:00.000Z,51,Tug,St. Petersburg,1
59.88229,30.19493,0,0,88,3,SPB,RU,141,0,KAPITAN SOROKIN,3,345312,31,43,28,5138,39,1,2016-12-17T07:47:04.000Z,st_petersburg,2016-12-17T00:00:00.000Z,51,Tug,St. Petersburg,1
59.88229,30.19493,0,0,88,5,SPB,RU,141,0,KAPITAN SOROKIN,3,345312,31,43,28,5138,39,1,2016-12-17T07:49:04.000Z,st_petersburg,2016-12-17T00:00:00.000Z,51,Tug,St. Petersburg,1
59.88229,30.19493,0,0,88,5,SPB,RU,141,0,KAPITAN SOROKIN,3,345312,31,43,28,5138,39,1,2016-12-17T07:49:04.000Z,st_petersburg,2016-12-17T00:00:00.000Z,51,Tug,St. Petersburg,1
59.88227,30.19491,0,0,88,3,SPB,RU,141,0,KAPITAN SOROKIN,3,345312,31,43,28,5138,39,1,2016-12-17T07:51:03.000Z,st_petersburg,2016-12-17T00:00:00.000Z,51,Tug,St. Petersburg,1
59.88227,30.19491,0,0,88,3,SPB,RU,141,0,KAPITAN SOROKIN,3,345312,31,43,28,5138,39,1,2016-12-17T07:51:04.000Z,st_petersburg,2016-12-17T00:00:00.000Z,51,Tug,St. Petersburg,1
59.88227,30.19491,0,0,88,5,SPB,RU,141,0,KAPITAN SOROKIN,3,345312,31,43,28,5138,39,1,2016-12-17T07:53:03.000Z,st_petersburg,2016-12-17T00:00:00.000Z,51,Tug,St. Petersburg,1
59.88227,30.19491,0,0,88,5,SPB,RU,141,0,KAPITAN SOROKIN,3,345312,31,43,28,5138,39,1,2016-12-17T07:53:04.000Z,st_petersburg,2016-12-17T00:00:00.000Z,51,Tug,St. Petersburg,1
59.88227,30.19491,0,0,88,7,SPB,RU,141,0,KAPITAN SOROKIN,3,345312,31,43,28,5138,39,1,2016-12-17T07:55:03.000Z,st_petersburg,2016-12-17T00:00:00.000Z,51,Tug,St. Petersburg,1
59.88227,30.19491,0,0,88,7,SPB,RU,141,0,KAPITAN SOROKIN,3,345312,31,43,28,5138,39,1,2016-12-17T07:55:04.000Z,st_petersburg,2016-12-17T00:00:00.000Z,51,Tug,St. Petersburg,1
59.88227,30.19491,0,0,88,9,SPB,RU,141,0,KAPITAN SOROKIN,3,345312,31,43,28,5138,39,1,2016-12-17T07:57:03.000Z,st_petersburg,2016-12-17T00:00:00.000Z,51,Tug,St. Petersburg,1
59.88227,30.19491,0,0,88,9,SPB,RU,141,0,KAPITAN SOROKIN,3,345312,31,43,28,5138,39,1,2016-12-17T07:57:04.000Z,st_petersburg,2016-12-17T00:00:00.000Z,51,Tug,St. Petersburg,1
59.88227,30.19491,0,0,88,11,SPB,RU,141,0,KAPITAN SOROKIN,3,345312,31,43,28,5138,39,1,2016-12-17T07:59:03.000Z,st_petersburg,2016-12-17T00:00:00.000Z,51,Tug,St. Petersburg,1
59.88227,30.19491,0,0,88,11,SPB,RU,141,0,KAPITAN SOROKIN,3,345312,31,43,28,5138,39,1,2016-12-17T07:59:04.000Z,st_petersburg,2016-12-17T00:00:00.000Z,51,Tug,St. Petersburg,1
59.88227,30.19491,0,0,88,2,SPB,RU,141,0,KAPITAN SOROKIN,3,345312,31,43,28,5138,39,1,2016-12-17T08:01:04.000Z,st_petersburg,2016-12-17T00:00:00.000Z,51,Tug,St. Petersburg,1
59.88227,30.19491,0,0,88,1,SPB,RU,141,0,KAPITAN SOROKIN,3,345312,31,43,28,5138,39,1,2016-12-17T08:01:05.000Z,st_petersburg,2016-12-17T00:00:00.000Z,51,Tug,St. Petersburg,1
59.88227,30.19491,0,0,88,4,SPB,RU,141,0,KAPITAN SOROKIN,3,345312,31,43,28,5138,39,1,2016-12-17T08:03:03.000Z,st_petersburg,2016-12-17T00:00:00.000Z,51,Tug,St. Petersburg,1
59.88227,30.19491,0,0,88,4,SPB,RU,141,0,KAPITAN SOROKIN,3,345312,31,43,28,5138,39,1,2016-12-17T08:03:04.000Z,st_petersburg,2016-12-17T00:00:00.000Z,51,Tug,St. Petersburg,1
59.88227,30.19491,0,0,88,6,SPB,RU,141,0,KAPITAN SOROKIN,3,345312,31,43,28,5138,39,1,2016-12-17T08:05:03.000Z,st_petersburg,2016-12-17T00:00:00.000Z,51,Tug,St. Petersburg,1
59.88227,30.19491,0,0,88,6,SPB,RU,141,0,KAPITAN SOROKIN,3,345312,31,43,28,5138,39,1,2016-12-17T08:05:04.000Z,st_petersburg,2016-12-17T00:00:00.000Z,51,Tug,St. Petersburg,1
59.88227,30.19491,0,0,88,8,SPB,RU,141,0,KAPITAN SOROKIN,3,345312,31,43,28,5138,39,1,2016-12-17T08:07:03.000Z,st_petersburg,2016-12-17T00:00:00.000Z,51,Tug,St. Petersburg,1
59.88227,30.19491,0,0,88,8,SPB,RU,141,0,KAPITAN SOROKIN,3,345312,31,43,28,5138,39,1,2016-12-17T08:07:04.000Z,st_petersburg,2016-12-17T00:00:00.000Z,51,Tug,St. Petersburg,1
59.88223,30.19493,0,0,88,2,SPB,RU,141,0,KAPITAN SOROKIN,3,345312,31,43,28,5138,39,1,2016-12-17T08:09:03.000Z,st_petersburg,2016-12-17T00:00:00.000Z,51,Tug,St. Petersburg,1
59.88223,30.19493,0,0,88,2,SPB,RU,141,0,KAPITAN SOROKIN,3,345312,31,43,28,5138,39,1,2016-12-17T08:09:04.000Z,st_petersburg,2016-12-17T00:00:00.000Z,51,Tug,St. Petersburg,1
59.88223,30.19493,0,0,88,4,SPB,RU,141,0,KAPITAN SOROKIN,3,345312,31,43,28,5138,39,1,2016-12-17T08:11:03.000Z,st_petersburg,2016-12-17T00:00:00.000Z,51,Tug,St. Petersburg,1
59.88223,30.19493,0,0,88,4,SPB,RU,141,0,KAPITAN SOROKIN,3,345312,31,43,28,5138,39,1,2016-12-17T08:11:04.000Z,st_petersburg,2016-12-17T00:00:00.000Z,51,Tug,St. Petersburg,1
59.88223,30.19494,0,0,88,3,SPB,RU,141,0,KAPITAN SOROKIN,3,345312,31,43,28,5138,39,1,2016-12-17T08:13:03.000Z,st_petersburg,2016-12-17T00:00:00.000Z,51,Tug,St. Petersburg,1
59.88223,30.19494,0,0,88,3,SPB,RU,141,0,KAPITAN SOROKIN,3,345312,31,43,28,5138,39,1,2016-12-17T08:13:04.000Z,st_petersburg,2016-12-17T00:00:00.000Z,51,Tug,St. Petersburg,1
59.88223,30.19494,0,0,88,5,SPB,RU,141,0,KAPITAN SOROKIN,3,345312,31,43,28,5138,39,1,2016-12-17T08:15:04.000Z,st_petersburg,2016-12-17T00:00:00.000Z,51,Tug,St. Petersburg,1
59.88223,30.19494,0,0,88,5,SPB,RU,141,0,KAPITAN SOROKIN,3,345312,31,43,28,5138,39,1,2016-12-17T08:15:05.000Z,st_petersburg,2016-12-17T00:00:00.000Z,51,Tug,St. Petersburg,1
59.88225,30.19492,0,0,88,3,SPB,RU,141,0,KAPITAN SOROKIN,3,345312,31,43,28,5138,39,1,2016-12-17T08:17:04.000Z,st_petersburg,2016-12-17T00:00:00.000Z,51,Tug,St. Petersburg,1
59.88225,30.19492,0,0,88,3,SPB,RU,141,0,KAPITAN SOROKIN,3,345312,31,43,28,5138,39,1,2016-12-17T08:17:05.000Z,st_petersburg,2016-12-17T00:00:00.000Z,51,Tug,St. Petersburg,1
59.88225,30.19493,0,0,88,2,SPB,RU,141,0,KAPITAN SOROKIN,3,345312,31,43,28,5138,39,1,2016-12-17T08:19:03.000Z,st_petersburg,2016-12-17T00:00:00.000Z,51,Tug,St. Petersburg,1
59.88225,30.19492,0,0,88,3,SPB,RU,141,0,KAPITAN SOROKIN,3,345312,31,43,28,5138,39,1,2016-12-17T08:19:04.000Z,st_petersburg,2016-12-17T00:00:00.000Z,51,Tug,St. Petersburg,1
59.88225,30.19493,0,0,88,4,SPB,RU,141,0,KAPITAN SOROKIN,3,345312,31,43,28,5138,39,1,2016-12-17T08:21:03.000Z,st_petersburg,2016-12-17T00:00:00.000Z,51,Tug,St. Petersburg,1
59.88225,30.19493,0,0,88,4,SPB,RU,141,0,KAPITAN SOROKIN,3,345312,31,43,28,5138,39,1,2016-12-17T08:21:04.000Z,st_petersburg,2016-12-17T00:00:00.000Z,51,Tug,St. Petersburg,1
59.88225,30.19495,0,0,88,3,SPB,RU,141,0,KAPITAN SOROKIN,3,345312,31,43,28,5138,39,1,2016-12-17T08:23:03.000Z,st_petersburg,2016-12-17T00:00:00.000Z,51,Tug,St. Petersburg,1
59.88225,30.19495,0,0,88,3,SPB,RU,141,0,KAPITAN SOROKIN,3,345312,31,43,28,5138,39,1,2016-12-17T08:23:04.000Z,st_petersburg,2016-12-17T00:00:00.000Z,51,Tug,St. Petersburg,1
59.88226,30.19494,0,0,88,2,SPB,RU,141,0,KAPITAN SOROKIN,3,345312,31,43,28,5138,39,1,2016-12-17T08:25:04.000Z,st_petersburg,2016-12-17T00:00:00.000Z,51,Tug,St. Petersburg,1
59.88226,30.19494,0,0,88,2,SPB,RU,141,0,KAPITAN SOROKIN,3,345312,31,43,28,5138,39,1,2016-12-17T08:25:05.000Z,st_petersburg,2016-12-17T00:00:00.000Z,51,Tug,St. Petersburg,1
59.88226,30.19494,0,0,88,4,SPB,RU,141,0,KAPITAN SOROKIN,3,345312,31,43,28,5138,39,1,2016-12-17T08:27:03.000Z,st_petersburg,2016-12-17T00:00:00.000Z,51,Tug,St. Petersburg,1
59.88226,30.19494,0,0,88,4,SPB,RU,141,0,KAPITAN SOROKIN,3,345312,31,43,28,5138,39,1,2016-12-17T08:27:04.000Z,st_petersburg,2016-12-17T00:00:00.000Z,51,Tug,St. Petersburg,1
59.88223,30.19494,0,0,88,3,SPB,RU,141,0,KAPITAN SOROKIN,3,345312,31,43,28,5138,39,1,2016-12-17T08:29:03.000Z,st_petersburg,2016-12-17T00:00:00.000Z,51,Tug,St. Petersburg,1
59.88223,30.19494,0,0,88,2,SPB,RU,141,0,KAPITAN SOROKIN,3,345312,31,43,28,5138,39,1,2016-12-17T08:29:04.000Z,st_petersburg,2016-12-17T00:00:00.000Z,51,Tug,St. Petersburg,1
59.88227,30.19493,0,0,88,2,SPB,RU,141,0,KAPITAN SOROKIN,3,345312,31,43,28,5138,39,1,2016-12-17T08:31:04.000Z,st_petersburg,2016-12-17T00:00:00.000Z,51,Tug,St. Petersburg,1
59.88227,30.19493,0,0,88,2,SPB,RU,141,0,KAPITAN SOROKIN,3,345312,31,43,28,5138,39,1,2016-12-17T08:31:05.000Z,st_petersburg,2016-12-17T00:00:00.000Z,51,Tug,St. Petersburg,1
59.88227,30.19493,0,0,88,4,SPB,RU,141,0,KAPITAN SOROKIN,3,345312,31,43,28,5138,39,1,2016-12-17T08:33:03.000Z,st_petersburg,2016-12-17T00:00:00.000Z,51,Tug,St. Petersburg,1
59.88227,30.19493,0,0,88,4,SPB,RU,141,0,KAPITAN SOROKIN,3,345312,31,43,28,5138,39,1,2016-12-17T08:33:04.000Z,st_petersburg,2016-12-17T00:00:00.000Z,51,Tug,St. Petersburg,1
59.88228,30.19495,0,0,88,3,SPB,RU,141,0,KAPITAN SOROKIN,3,345312,31,43,28,5138,39,1,2016-12-17T08:35:03.000Z,st_petersburg,2016-12-17T00:00:00.000Z,51,Tug,St. Petersburg,1
59.88228,30.19495,0,0,88,3,SPB,RU,141,0,KAPITAN SOROKIN,3,345312,31,43,28,5138,39,1,2016-12-17T08:35:04.000Z,st_petersburg,2016-12-17T00:00:00.000Z,51,Tug,St. Petersburg,1
59.88228,30.19495,0,0,88,5,SPB,RU,141,0,KAPITAN SOROKIN,3,345312,31,43,28,5138,39,1,2016-12-17T08:37:03.000Z,st_petersburg,2016-12-17T00:00:00.000Z,51,Tug,St. Petersburg,1
59.88228,30.19495,0,0,88,5,SPB,RU,141,0,KAPITAN SOROKIN,3,345312,31,43,28,5138,39,1,2016-12-17T08:37:04.000Z,st_petersburg,2016-12-17T00:00:00.000Z,51,Tug,St. Petersburg,1
59.88225,30.19495,0,0,88,3,SPB,RU,141,0,KAPITAN SOROKIN,3,345312,31,43,28,5138,39,1,2016-12-17T08:39:04.000Z,st_petersburg,2016-12-17T00:00:00.000Z,51,Tug,St. Petersburg,1
59.88225,30.19495,0,0,88,2,SPB,RU,141,0,KAPITAN SOROKIN,3,345312,31,43,28,5138,39,1,2016-12-17T08:39:04.000Z,st_petersburg,2016-12-17T00:00:00.000Z,51,Tug,St. Petersburg,1
59.88226,30.19496,0,0,88,2,SPB,RU,141,0,KAPITAN SOROKIN,3,345312,31,43,28,5138,39,1,2016-12-17T08:41:03.000Z,st_petersburg,2016-12-17T00:00:00.000Z,51,Tug,St. Petersburg,1
59.88225,30.19495,0,0,88,3,SPB,RU,141,0,KAPITAN SOROKIN,3,345312,31,43,28,5138,39,1,2016-12-17T08:41:04.000Z,st_petersburg,2016-12-17T00:00:00.000Z,51,Tug,St. Petersburg,1
59.88226,30.19496,0,0,88,4,SPB,RU,141,0,KAPITAN SOROKIN,3,345312,31,43,28,5138,39,1,2016-12-17T08:43:03.000Z,st_petersburg,2016-12-17T00:00:00.000Z,51,Tug,St. Petersburg,1
59.88226,30.19496,0,0,88,4,SPB,RU,141,0,KAPITAN SOROKIN,3,345312,31,43,28,5138,39,1,2016-12-17T08:43:04.000Z,st_petersburg,2016-12-17T00:00:00.000Z,51,Tug,St. Petersburg,1
59.88227,30.19494,0,0,88,3,SPB,RU,141,0,KAPITAN SOROKIN,3,345312,31,43,28,5138,39,1,2016-12-17T08:45:04.000Z,st_petersburg,2016-12-17T00:00:00.000Z,51,Tug,St. Petersburg,1
59.88227,30.19494,0,0,88,3,SPB,RU,141,0,KAPITAN SOROKIN,3,345312,31,43,28,5138,39,1,2016-12-17T08:45:05.000Z,st_petersburg,2016-12-17T00:00:00.000Z,51,Tug,St. Petersburg,1
59.88227,30.19493,0,0,88,2,SPB,RU,141,0,KAPITAN SOROKIN,3,345312,31,43,28,5138,39,1,2016-12-17T08:47:04.000Z,st_petersburg,2016-12-17T00:00:00.000Z,51,Tug,St. Petersburg,1
59.88227,30.19494,0,0,88,3,SPB,RU,141,0,KAPITAN SOROKIN,3,345312,31,43,28,5138,39,1,2016-12-17T08:47:04.000Z,st_petersburg,2016-12-17T00:00:00.000Z,51,Tug,St. Petersburg,1
59.88227,30.19493,0,0,88,2,SPB,RU,141,0,KAPITAN SOROKIN,3,345312,31,43,28,5138,39,1,2016-12-17T08:49:03.000Z,st_petersburg,2016-12-17T00:00:00.000Z,51,Tug,St. Petersburg,1
59.88227,30.19493,0,0,88,2,SPB,RU,141,0,KAPITAN SOROKIN,3,345312,31,43,28,5138,39,1,2016-12-17T08:49:04.000Z,st_petersburg,2016-12-17T00:00:00.000Z,51,Tug,St. Petersburg,1
59.88225,30.19487,0,0,88,3,SPB,RU,141,0,KAPITAN SOROKIN,3,345312,31,43,28,5138,39,1,2016-12-17T08:51:03.000Z,st_petersburg,2016-12-17T00:00:00.000Z,51,Tug,St. Petersburg,1
59.88225,30.19487,0,0,88,3,SPB,RU,141,0,KAPITAN SOROKIN,3,345312,31,43,28,5138,39,1,2016-12-17T08:51:04.000Z,st_petersburg,2016-12-17T00:00:00.000Z,51,Tug,St. Petersburg,1
59.88225,30.19487,0,0,88,5,SPB,RU,141,0,KAPITAN SOROKIN,3,345312,31,43,28,5138,39,1,2016-12-17T08:53:03.000Z,st_petersburg,2016-12-17T00:00:00.000Z,51,Tug,St. Petersburg,1
59.88225,30.19487,0,0,88,4,SPB,RU,141,0,KAPITAN SOROKIN,3,345312,31,43,28,5138,39,1,2016-12-17T08:53:04.000Z,st_petersburg,2016-12-17T00:00:00.000Z,51,Tug,St. Petersburg,1
59.88225,30.19491,0,0,88,3,SPB,RU,141,0,KAPITAN SOROKIN,3,345312,31,43,28,5138,39,1,2016-12-17T08:55:03.000Z,st_petersburg,2016-12-17T00:00:00.000Z,51,Tug,St. Petersburg,1
59.88225,30.19491,0,0,88,3,SPB,RU,141,0,KAPITAN SOROKIN,3,345312,31,43,28,5138,39,1,2016-12-17T08:55:04.000Z,st_petersburg,2016-12-17T00:00:00.000Z,51,Tug,St. Petersburg,1
59.88226,30.19493,0,0,88,2,SPB,RU,141,0,KAPITAN SOROKIN,3,345312,31,43,28,5138,39,1,2016-12-17T08:57:03.000Z,st_petersburg,2016-12-17T00:00:00.000Z,51,Tug,St. Petersburg,1
59.88226,30.19493,0,0,88,2,SPB,RU,141,0,KAPITAN SOROKIN,3,345312,31,43,28,5138,39,1,2016-12-17T08:57:04.000Z,st_petersburg,2016-12-17T00:00:00.000Z,51,Tug,St. Petersburg,1
59.88226,30.19493,0,0,88,4,SPB,RU,141,0,KAPITAN SOROKIN,3,345312,31,43,28,5138,39,1,2016-12-17T08:59:03.000Z,st_petersburg,2016-12-17T00:00:00.000Z,51,Tug,St. Petersburg,1
59.88226,30.19493,0,0,88,4,SPB,RU,141,0,KAPITAN SOROKIN,3,345312,31,43,28,5138,39,1,2016-12-17T08:59:04.000Z,st_petersburg,2016-12-17T00:00:00.000Z,51,Tug,St. Petersburg,1
59.88225,30.19493,0,0,88,3,SPB,RU,141,0,KAPITAN SOROKIN,3,345312,31,43,28,5138,39,1,2016-12-17T09:01:03.000Z,st_petersburg,2016-12-17T00:00:00.000Z,51,Tug,St. Petersburg,1
59.88225,30.19493,0,0,88,3,SPB,RU,141,0,KAPITAN SOROKIN,3,345312,31,43,28,5138,39,1,2016-12-17T09:01:04.000Z,st_petersburg,2016-12-17T00:00:00.000Z,51,Tug,St. Petersburg,1
59.88227,30.19491,0,0,88,2,SPB,RU,141,0,KAPITAN SOROKIN,3,345312,31,43,28,5138,39,1,2016-12-17T09:03:03.000Z,st_petersburg,2016-12-17T00:00:00.000Z,51,Tug,St. Petersburg,1
59.88227,30.19491,0,0,88,2,SPB,RU,141,0,KAPITAN SOROKIN,3,345312,31,43,28,5138,39,1,2016-12-17T09:03:04.000Z,st_petersburg,2016-12-17T00:00:00.000Z,51,Tug,St. Petersburg,1
59.88227,30.19491,0,0,88,4,SPB,RU,141,0,KAPITAN SOROKIN,3,345312,31,43,28,5138,39,1,2016-12-17T09:05:03.000Z,st_petersburg,2016-12-17T00:00:00.000Z,51,Tug,St. Petersburg,1
59.88227,30.19491,0,0,88,4,SPB,RU,141,0,KAPITAN SOROKIN,3,345312,31,43,28,5138,39,1,2016-12-17T09:05:04.000Z,st_petersburg,2016-12-17T00:00:00.000Z,51,Tug,St. Petersburg,1
59.88228,30.19493,0,0,88,3,SPB,RU,141,0,KAPITAN SOROKIN,3,345312,31,43,28,5138,39,1,2016-12-17T09:07:03.000Z,st_petersburg,2016-12-17T00:00:00.000Z,51,Tug,St. Petersburg,1
59.88228,30.19493,0,0,88,1,SPB,RU,141,0,KAPITAN SOROKIN,3,345312,31,43,28,5138,39,1,2016-12-17T09:07:04.000Z,st_petersburg,2016-12-17T00:00:00.000Z,51,Tug,St. Petersburg,1
59.88227,30.19494,0,0,88,2,SPB,RU,141,0,KAPITAN SOROKIN,3,345312,31,43,28,5138,39,1,2016-12-17T09:09:04.000Z,st_petersburg,2016-12-17T00:00:00.000Z,51,Tug,St. Petersburg,1
59.88228,30.19493,0,0,88,3,SPB,RU,141,0,KAPITAN SOROKIN,3,345312,31,43,28,5138,39,1,2016-12-17T09:09:04.000Z,st_petersburg,2016-12-17T00:00:00.000Z,51,Tug,St. Petersburg,1
59.88227,30.19494,0,0,88,4,SPB,RU,141,0,KAPITAN SOROKIN,3,345312,31,43,28,5138,39,1,2016-12-17T09:11:03.000Z,st_petersburg,2016-12-17T00:00:00.000Z,51,Tug,St. Petersburg,1
59.88227,30.19494,0,0,88,3,SPB,RU,141,0,KAPITAN SOROKIN,3,345312,31,43,28,5138,39,1,2016-12-17T09:11:04.000Z,st_petersburg,2016-12-17T00:00:00.000Z,51,Tug,St. Petersburg,1
59.88227,30.19492,0,0,88,3,SPB,RU,141,0,KAPITAN SOROKIN,3,345312,31,43,28,5138,39,1,2016-12-17T09:13:04.000Z,st_petersburg,2016-12-17T00:00:00.000Z,51,Tug,St. Petersburg,1
59.88227,30.19492,0,0,88,3,SPB,RU,141,0,KAPITAN SOROKIN,3,345312,31,43,28,5138,39,1,2016-12-17T09:13:05.000Z,st_petersburg,2016-12-17T00:00:00.000Z,51,Tug,St. Petersburg,1
59.88227,30.19492,0,0,88,5,SPB,RU,141,0,KAPITAN SOROKIN,3,345312,31,43,28,5138,39,1,2016-12-17T09:15:04.000Z,st_petersburg,2016-12-17T00:00:00.000Z,51,Tug,St. Petersburg,1
59.88227,30.19492,0,0,88,5,SPB,RU,141,0,KAPITAN SOROKIN,3,345312,31,43,28,5138,39,1,2016-12-17T09:15:04.000Z,st_petersburg,2016-12-17T00:00:00.000Z,51,Tug,St. Petersburg,1
59.88227,30.19492,0,0,88,7,SPB,RU,141,0,KAPITAN SOROKIN,3,345312,31,43,28,5138,39,1,2016-12-17T09:17:03.000Z,st_petersburg,2016-12-17T00:00:00.000Z,51,Tug,St. Petersburg,1
59.88227,30.19492,0,0,88,7,SPB,RU,141,0,KAPITAN SOROKIN,3,345312,31,43,28,5138,39,1,2016-12-17T09:17:04.000Z,st_petersburg,2016-12-17T00:00:00.000Z,51,Tug,St. Petersburg,1
59.88227,30.19492,0,0,88,9,SPB,RU,141,0,KAPITAN SOROKIN,3,345312,31,43,28,5138,39,1,2016-12-17T09:19:03.000Z,st_petersburg,2016-12-17T00:00:00.000Z,51,Tug,St. Petersburg,1
59.88227,30.19492,0,0,88,8,SPB,RU,141,0,KAPITAN SOROKIN,3,345312,31,43,28,5138,39,1,2016-12-17T09:19:04.000Z,st_petersburg,2016-12-17T00:00:00.000Z,51,Tug,St. Petersburg,1
59.88227,30.19495,0,0,88,3,SPB,RU,141,0,KAPITAN SOROKIN,3,345312,31,43,28,5138,39,1,2016-12-17T09:21:04.000Z,st_petersburg,2016-12-17T00:00:00.000Z,51,Tug,St. Petersburg,1
59.88227,30.19495,0,0,88,2,SPB,RU,141,0,KAPITAN SOROKIN,3,345312,31,43,28,5138,39,1,2016-12-17T09:21:04.000Z,st_petersburg,2016-12-17T00:00:00.000Z,51,Tug,St. Petersburg,1
59.88227,30.19495,0,0,88,5,SPB,RU,141,0,KAPITAN SOROKIN,3,345312,31,43,28,5138,39,1,2016-12-17T09:23:03.000Z,st_petersburg,2016-12-17T00:00:00.000Z,51,Tug,St. Petersburg,1
59.88227,30.19495,0,0,88,4,SPB,RU,141,0,KAPITAN SOROKIN,3,345312,31,43,28,5138,39,1,2016-12-17T09:23:04.000Z,st_petersburg,2016-12-17T00:00:00.000Z,51,Tug,St. Petersburg,1
59.88227,30.19495,0,0,88,7,SPB,RU,141,0,KAPITAN SOROKIN,3,345312,31,43,28,5138,39,1,2016-12-17T09:25:03.000Z,st_petersburg,2016-12-17T00:00:00.000Z,51,Tug,St. Petersburg,1
59.88227,30.19495,0,0,88,6,SPB,RU,141,0,KAPITAN SOROKIN,3,345312,31,43,28,5138,39,1,2016-12-17T09:25:03.000Z,st_petersburg,2016-12-17T00:00:00.000Z,51,Tug,St. Petersburg,1
59.88227,30.19495,0,0,88,9,SPB,RU,141,0,KAPITAN SOROKIN,3,345312,31,43,28,5138,39,1,2016-12-17T09:27:03.000Z,st_petersburg,2016-12-17T00:00:00.000Z,51,Tug,St. Petersburg,1
59.88227,30.19495,0,0,88,9,SPB,RU,141,0,KAPITAN SOROKIN,3,345312,31,43,28,5138,39,1,2016-12-17T09:27:04.000Z,st_petersburg,2016-12-17T00:00:00.000Z,51,Tug,St. Petersburg,1
59.88225,30.19496,0,0,88,3,SPB,RU,141,0,KAPITAN SOROKIN,3,345312,31,43,28,5138,39,1,2016-12-17T09:29:04.000Z,st_petersburg,2016-12-17T00:00:00.000Z,51,Tug,St. Petersburg,1
59.88225,30.19496,0,0,88,3,SPB,RU,141,0,KAPITAN SOROKIN,3,345312,31,43,28,5138,39,1,2016-12-17T09:29:05.000Z,st_petersburg,2016-12-17T00:00:00.000Z,51,Tug,St. Petersburg,1
59.88225,30.19496,0,0,88,5,SPB,RU,141,0,KAPITAN SOROKIN,3,345312,31,43,28,5138,39,1,2016-12-17T09:31:03.000Z,st_petersburg,2016-12-17T00:00:00.000Z,51,Tug,St. Petersburg,1
59.88225,30.19496,0,0,88,4,SPB,RU,141,0,KAPITAN SOROKIN,3,345312,31,43,28,5138,39,1,2016-12-17T09:31:03.000Z,st_petersburg,2016-12-17T00:00:00.000Z,51,Tug,St. Petersburg,1
59.88225,30.19496,0,0,88,7,SPB,RU,141,0,KAPITAN SOROKIN,3,345312,31,43,28,5138,39,1,2016-12-17T09:33:03.000Z,st_petersburg,2016-12-17T00:00:00.000Z,51,Tug,St. Petersburg,1
59.88225,30.19496,0,0,88,7,SPB,RU,141,0,KAPITAN SOROKIN,3,345312,31,43,28,5138,39,1,2016-12-17T09:33:04.000Z,st_petersburg,2016-12-17T00:00:00.000Z,51,Tug,St. Petersburg,1
59.88225,30.19496,0,0,88,9,SPB,RU,141,0,KAPITAN SOROKIN,3,345312,31,43,28,5138,39,1,2016-12-17T09:35:03.000Z,st_petersburg,2016-12-17T00:00:00.000Z,51,Tug,St. Petersburg,1
59.88225,30.19496,0,0,88,9,SPB,RU,141,0,KAPITAN SOROKIN,3,345312,31,43,28,5138,39,1,2016-12-17T09:35:04.000Z,st_petersburg,2016-12-17T00:00:00.000Z,51,Tug,St. Petersburg,1
59.88227,30.19494,0,0,88,3,SPB,RU,141,0,KAPITAN SOROKIN,3,345312,31,43,28,5138,39,1,2016-12-17T09:37:04.000Z,st_petersburg,2016-12-17T00:00:00.000Z,51,Tug,St. Petersburg,1
59.88227,30.19494,0,0,88,1,SPB,RU,141,0,KAPITAN SOROKIN,3,345312,31,43,28,5138,39,1,2016-12-17T09:37:05.000Z,st_petersburg,2016-12-17T00:00:00.000Z,51,Tug,St. Petersburg,1
59.88226,30.19496,0,0,88,2,SPB,RU,141,0,KAPITAN SOROKIN,3,345312,31,43,28,5138,39,1,2016-12-17T09:39:03.000Z,st_petersburg,2016-12-17T00:00:00.000Z,51,Tug,St. Petersburg,1
59.88226,30.19496,0,0,88,2,SPB,RU,141,0,KAPITAN SOROKIN,3,345312,31,43,28,5138,39,1,2016-12-17T09:39:04.000Z,st_petersburg,2016-12-17T00:00:00.000Z,51,Tug,St. Petersburg,1
59.88226,30.19496,0,0,88,4,SPB,RU,141,0,KAPITAN SOROKIN,3,345312,31,43,28,5138,39,1,2016-12-17T09:41:03.000Z,st_petersburg,2016-12-17T00:00:00.000Z,51,Tug,St. Petersburg,1
59.88226,30.19496,0,0,88,4,SPB,RU,141,0,KAPITAN SOROKIN,3,345312,31,43,28,5138,39,1,2016-12-17T09:41:04.000Z,st_petersburg,2016-12-17T00:00:00.000Z,51,Tug,St. Petersburg,1
59.88227,30.19494,0,0,88,3,SPB,RU,141,0,KAPITAN SOROKIN,3,345312,31,43,28,5138,39,1,2016-12-17T09:43:03.000Z,st_petersburg,2016-12-17T00:00:00.000Z,51,Tug,St. Petersburg,1
59.88227,30.19494,0,0,88,3,SPB,RU,141,0,KAPITAN SOROKIN,3,345312,31,43,28,5138,39,1,2016-12-17T09:43:04.000Z,st_petersburg,2016-12-17T00:00:00.000Z,51,Tug,St. Petersburg,1
59.88225,30.19494,0,0,88,2,SPB,RU,141,0,KAPITAN SOROKIN,3,345312,31,43,28,5138,39,1,2016-12-17T09:45:04.000Z,st_petersburg,2016-12-17T00:00:00.000Z,51,Tug,St. Petersburg,1
59.88225,30.19494,0,0,88,2,SPB,RU,141,0,KAPITAN SOROKIN,3,345312,31,43,28,5138,39,1,2016-12-17T09:45:05.000Z,st_petersburg,2016-12-17T00:00:00.000Z,51,Tug,St. Petersburg,1
59.88225,30.19494,0,0,88,4,SPB,RU,141,0,KAPITAN SOROKIN,3,345312,31,43,28,5138,39,1,2016-12-17T09:47:04.000Z,st_petersburg,2016-12-17T00:00:00.000Z,51,Tug,St. Petersburg,1
59.88225,30.19494,0,0,88,2,SPB,RU,141,0,KAPITAN SOROKIN,3,345312,31,43,28,5138,39,1,2016-12-17T09:47:05.000Z,st_petersburg,2016-12-17T00:00:00.000Z,51,Tug,St. Petersburg,1
59.88225,30.19494,0,0,88,4,SPB,RU,141,0,KAPITAN SOROKIN,3,345312,31,43,28,5138,39,1,2016-12-17T09:49:03.000Z,st_petersburg,2016-12-17T00:00:00.000Z,51,Tug,St. Petersburg,1
59.88227,30.19493,0,0,88,1,SPB,RU,141,0,KAPITAN SOROKIN,3,345312,31,43,28,5138,39,1,2016-12-17T09:49:03.000Z,st_petersburg,2016-12-17T00:00:00.000Z,51,Tug,St. Petersburg,1
59.88227,30.19495,0,0,88,2,SPB,RU,141,0,KAPITAN SOROKIN,3,345312,31,43,28,5138,39,1,2016-12-17T09:51:03.000Z,st_petersburg,2016-12-17T00:00:00.000Z,51,Tug,St. Petersburg,1
59.88227,30.19495,0,0,88,2,SPB,RU,141,0,KAPITAN SOROKIN,3,345312,31,43,28,5138,39,1,2016-12-17T09:51:04.000Z,st_petersburg,2016-12-17T00:00:00.000Z,51,Tug,St. Petersburg,1
59.88227,30.19495,0,0,88,4,SPB,RU,141,0,KAPITAN SOROKIN,3,345312,31,43,28,5138,39,1,2016-12-17T09:53:03.000Z,st_petersburg,2016-12-17T00:00:00.000Z,51,Tug,St. Petersburg,1
59.88227,30.19495,0,0,88,4,SPB,RU,141,0,KAPITAN SOROKIN,3,345312,31,43,28,5138,39,1,2016-12-17T09:53:04.000Z,st_petersburg,2016-12-17T00:00:00.000Z,51,Tug,St. Petersburg,1
59.88226,30.19495,0,0,88,3,SPB,RU,141,0,KAPITAN SOROKIN,3,345312,31,43,28,5138,39,1,2016-12-17T09:55:04.000Z,st_petersburg,2016-12-17T00:00:00.000Z,51,Tug,St. Petersburg,1
59.88226,30.19495,0,0,88,3,SPB,RU,141,0,KAPITAN SOROKIN,3,345312,31,43,28,5138,39,1,2016-12-17T09:55:04.000Z,st_petersburg,2016-12-17T00:00:00.000Z,51,Tug,St. Petersburg,1
59.88228,30.19497,0,0,88,2,SPB,RU,141,0,KAPITAN SOROKIN,3,345312,31,43,28,5138,39,1,2016-12-17T09:57:03.000Z,st_petersburg,2016-12-17T00:00:00.000Z,51,Tug,St. Petersburg,1
59.88228,30.19497,0,0,88,2,SPB,RU,141,0,KAPITAN SOROKIN,3,345312,31,43,28,5138,39,1,2016-12-17T09:57:04.000Z,st_petersburg,2016-12-17T00:00:00.000Z,51,Tug,St. Petersburg,1
59.88228,30.19497,0,0,88,4,SPB,RU,141,0,KAPITAN SOROKIN,3,345312,31,43,28,5138,39,1,2016-12-17T09:59:03.000Z,st_petersburg,2016-12-17T00:00:00.000Z,51,Tug,St. Petersburg,1
59.88228,30.19497,0,0,88,4,SPB,RU,141,0,KAPITAN SOROKIN,3,345312,31,43,28,5138,39,1,2016-12-17T09:59:04.000Z,st_petersburg,2016-12-17T00:00:00.000Z,51,Tug,St. Petersburg,1
59.88225,30.19493,0,0,88,2,SPB,RU,141,0,KAPITAN SOROKIN,3,345312,31,43,28,5138,39,1,2016-12-17T10:01:03.000Z,st_petersburg,2016-12-17T00:00:00.000Z,51,Tug,St. Petersburg,1
59.88225,30.19493,0,0,88,2,SPB,RU,141,0,KAPITAN SOROKIN,3,345312,31,43,28,5138,39,1,2016-12-17T10:01:04.000Z,st_petersburg,2016-12-17T00:00:00.000Z,51,Tug,St. Petersburg,1
59.88225,30.19493,0,0,88,4,SPB,RU,141,0,KAPITAN SOROKIN,3,345312,31,43,28,5138,39,1,2016-12-17T10:03:04.000Z,st_petersburg,2016-12-17T00:00:00.000Z,51,Tug,St. Petersburg,1
59.88225,30.19493,0,0,88,4,SPB,RU,141,0,KAPITAN SOROKIN,3,345312,31,43,28,5138,39,1,2016-12-17T10:03:05.000Z,st_petersburg,2016-12-17T00:00:00.000Z,51,Tug,St. Petersburg,1
59.88225,30.19497,0,0,88,3,SPB,RU,141,0,KAPITAN SOROKIN,3,345312,31,43,28,5138,39,1,2016-12-17T10:05:04.000Z,st_petersburg,2016-12-17T00:00:00.000Z,51,Tug,St. Petersburg,1
59.88225,30.19497,0,0,88,3,SPB,RU,141,0,KAPITAN SOROKIN,3,345312,31,43,28,5138,39,1,2016-12-17T10:05:04.000Z,st_petersburg,2016-12-17T00:00:00.000Z,51,Tug,St. Petersburg,1
59.88225,30.19497,0,0,88,3,SPB,RU,141,0,KAPITAN SOROKIN,3,345312,31,43,28,5138,39,1,2016-12-17T10:07:03.000Z,st_petersburg,2016-12-17T00:00:00.000Z,51,Tug,St. Petersburg,1
59.88225,30.19497,0,0,88,5,SPB,RU,141,0,KAPITAN SOROKIN,3,345312,31,43,28,5138,39,1,2016-12-17T10:07:04.000Z,st_petersburg,2016-12-17T00:00:00.000Z,51,Tug,St. Petersburg,1
59.88227,30.19493,0,0,88,3,SPB,RU,141,0,KAPITAN SOROKIN,3,345312,31,43,28,5138,39,1,2016-12-17T10:09:04.000Z,st_petersburg,2016-12-17T00:00:00.000Z,51,Tug,St. Petersburg,1
59.88227,30.19493,0,0,88,3,SPB,RU,141,0,KAPITAN SOROKIN,3,345312,31,43,28,5138,39,1,2016-12-17T10:09:05.000Z,st_petersburg,2016-12-17T00:00:00.000Z,51,Tug,St. Petersburg,1
59.88227,30.19493,0,0,88,2,SPB,RU,141,0,KAPITAN SOROKIN,3,345312,31,43,28,5138,39,1,2016-12-17T10:11:04.000Z,st_petersburg,2016-12-17T00:00:00.000Z,51,Tug,St. Petersburg,1
59.88227,30.19493,0,0,88,2,SPB,RU,141,0,KAPITAN SOROKIN,3,345312,31,43,28,5138,39,1,2016-12-17T10:11:04.000Z,st_petersburg,2016-12-17T00:00:00.000Z,51,Tug,St. Petersburg,1
59.88227,30.19493,0,0,88,4,SPB,RU,141,0,KAPITAN SOROKIN,3,345312,31,43,28,5138,39,1,2016-12-17T10:13:04.000Z,st_petersburg,2016-12-17T00:00:00.000Z,51,Tug,St. Petersburg,1
59.88227,30.19493,0,0,88,4,SPB,RU,141,0,KAPITAN SOROKIN,3,345312,31,43,28,5138,39,1,2016-12-17T10:13:05.000Z,st_petersburg,2016-12-17T00:00:00.000Z,51,Tug,St. Petersburg,1
59.88227,30.19493,0,0,88,4,SPB,RU,141,0,KAPITAN SOROKIN,3,345312,31,43,28,5138,39,1,2016-12-17T10:15:03.000Z,st_petersburg,2016-12-17T00:00:00.000Z,51,Tug,St. Petersburg,1
59.88228,30.19495,0,0,88,3,SPB,RU,141,0,KAPITAN SOROKIN,3,345312,31,43,28,5138,39,1,2016-12-17T10:15:04.000Z,st_petersburg,2016-12-17T00:00:00.000Z,51,Tug,St. Petersburg,1
59.88228,30.19493,0,0,88,2,SPB,RU,141,0,KAPITAN SOROKIN,3,345312,31,43,28,5138,39,1,2016-12-17T10:17:03.000Z,st_petersburg,2016-12-17T00:00:00.000Z,51,Tug,St. Petersburg,1
59.88228,30.19493,0,0,88,2,SPB,RU,141,0,KAPITAN SOROKIN,3,345312,31,43,28,5138,39,1,2016-12-17T10:17:04.000Z,st_petersburg,2016-12-17T00:00:00.000Z,51,Tug,St. Petersburg,1
59.88228,30.19493,0,0,88,4,SPB,RU,141,0,KAPITAN SOROKIN,3,345312,31,43,28,5138,39,1,2016-12-17T10:19:04.000Z,st_petersburg,2016-12-17T00:00:00.000Z,51,Tug,St. Petersburg,1
59.88228,30.19493,0,0,88,4,SPB,RU,141,0,KAPITAN SOROKIN,3,345312,31,43,28,5138,39,1,2016-12-17T10:19:05.000Z,st_petersburg,2016-12-17T00:00:00.000Z,51,Tug,St. Petersburg,1
59.88224,30.19498,0,0,88,3,SPB,RU,141,0,KAPITAN SOROKIN,3,345312,31,43,28,5138,39,1,2016-12-17T10:21:03.000Z,st_petersburg,2016-12-17T00:00:00.000Z,51,Tug,St. Petersburg,1
59.88224,30.19498,0,0,88,3,SPB,RU,141,0,KAPITAN SOROKIN,3,345312,31,43,28,5138,39,1,2016-12-17T10:21:04.000Z,st_petersburg,2016-12-17T00:00:00.000Z,51,Tug,St. Petersburg,1
59.88229,30.19491,0,0,88,2,SPB,RU,141,0,KAPITAN SOROKIN,3,345312,31,43,28,5138,39,1,2016-12-17T10:23:03.000Z,st_petersburg,2016-12-17T00:00:00.000Z,51,Tug,St. Petersburg,1
59.88224,30.19498,0,0,88,4,SPB,RU,141,0,KAPITAN SOROKIN,3,345312,31,43,28,5138,39,1,2016-12-17T10:23:04.000Z,st_petersburg,2016-12-17T00:00:00.000Z,51,Tug,St. Petersburg,1
59.88229,30.19491,0,0,88,4,SPB,RU,141,0,KAPITAN SOROKIN,3,345312,31,43,28,5138,39,1,2016-12-17T10:25:04.000Z,st_petersburg,2016-12-17T00:00:00.000Z,51,Tug,St. Petersburg,1
59.88229,30.19491,0,0,88,4,SPB,RU,141,0,KAPITAN SOROKIN,3,345312,31,43,28,5138,39,1,2016-12-17T10:25:05.000Z,st_petersburg,2016-12-17T00:00:00.000Z,51,Tug,St. Petersburg,1
59.88229,30.19491,0,0,88,6,SPB,RU,141,0,KAPITAN SOROKIN,3,345312,31,43,28,5138,39,1,2016-12-17T10:27:04.000Z,st_petersburg,2016-12-17T00:00:00.000Z,51,Tug,St. Petersburg,1
59.88229,30.19491,0,0,88,6,SPB,RU,141,0,KAPITAN SOROKIN,3,345312,31,43,28,5138,39,1,2016-12-17T10:27:04.000Z,st_petersburg,2016-12-17T00:00:00.000Z,51,Tug,St. Petersburg,1
59.88229,30.19491,0,0,88,8,SPB,RU,141,0,KAPITAN SOROKIN,3,345312,31,43,28,5138,39,1,2016-12-17T10:29:03.000Z,st_petersburg,2016-12-17T00:00:00.000Z,51,Tug,St. Petersburg,1
59.88229,30.19491,0,0,88,8,SPB,RU,141,0,KAPITAN SOROKIN,3,345312,31,43,28,5138,39,1,2016-12-17T10:29:04.000Z,st_petersburg,2016-12-17T00:00:00.000Z,51,Tug,St. Petersburg,1
59.88227,30.19494,0,0,88,2,SPB,RU,141,0,KAPITAN SOROKIN,3,345312,31,43,28,5138,39,1,2016-12-17T10:31:03.000Z,st_petersburg,2016-12-17T00:00:00.000Z,51,Tug,St. Petersburg,1
59.88229,30.19491,0,0,88,8,SPB,RU,141,0,KAPITAN SOROKIN,3,345312,31,43,28,5138,39,1,2016-12-17T10:31:04.000Z,st_petersburg,2016-12-17T00:00:00.000Z,51,Tug,St. Petersburg,1
59.88227,30.19494,0,0,88,4,SPB,RU,141,0,KAPITAN SOROKIN,3,345312,31,43,28,5138,39,1,2016-12-17T10:33:03.000Z,st_petersburg,2016-12-17T00:00:00.000Z,51,Tug,St. Petersburg,1
59.88227,30.19494,0,0,88,4,SPB,RU,141,0,KAPITAN SOROKIN,3,345312,31,43,28,5138,39,1,2016-12-17T10:33:04.000Z,st_petersburg,2016-12-17T00:00:00.000Z,51,Tug,St. Petersburg,1
59.88227,30.19492,0,0,88,3,SPB,RU,141,0,KAPITAN SOROKIN,3,345312,31,43,28,5138,39,1,2016-12-17T10:35:03.000Z,st_petersburg,2016-12-17T00:00:00.000Z,51,Tug,St. Petersburg,1
59.88227,30.19492,0,0,88,3,SPB,RU,141,0,KAPITAN SOROKIN,3,345312,31,43,28,5138,39,1,2016-12-17T10:35:04.000Z,st_petersburg,2016-12-17T00:00:00.000Z,51,Tug,St. Petersburg,1
59.88227,30.19492,0,0,88,5,SPB,RU,141,0,KAPITAN SOROKIN,3,345312,31,43,28,5138,39,1,2016-12-17T10:37:03.000Z,st_petersburg,2016-12-17T00:00:00.000Z,51,Tug,St. Petersburg,1
59.88227,30.19492,0,0,88,5,SPB,RU,141,0,KAPITAN SOROKIN,3,345312,31,43,28,5138,39,1,2016-12-17T10:37:04.000Z,st_petersburg,2016-12-17T00:00:00.000Z,51,Tug,St. Petersburg,1
59.88223,30.19493,0,0,88,3,SPB,RU,141,0,KAPITAN SOROKIN,3,345312,31,43,28,5138,39,1,2016-12-17T10:39:03.000Z,st_petersburg,2016-12-17T00:00:00.000Z,51,Tug,St. Petersburg,1
59.88223,30.19493,0,0,88,3,SPB,RU,141,0,KAPITAN SOROKIN,3,345312,31,43,28,5138,39,1,2016-12-17T10:39:04.000Z,st_petersburg,2016-12-17T00:00:00.000Z,51,Tug,St. Petersburg,1
59.88223,30.19493,0,0,88,5,SPB,RU,141,0,KAPITAN SOROKIN,3,345312,31,43,28,5138,39,1,2016-12-17T10:41:04.000Z,st_petersburg,2016-12-17T00:00:00.000Z,51,Tug,St. Petersburg,1
59.88223,30.19493,0,0,88,4,SPB,RU,141,0,KAPITAN SOROKIN,3,345312,31,43,28,5138,39,1,2016-12-17T10:41:05.000Z,st_petersburg,2016-12-17T00:00:00.000Z,51,Tug,St. Petersburg,1
59.88223,30.19493,0,0,88,7,SPB,RU,141,0,KAPITAN SOROKIN,3,345312,31,43,28,5138,39,1,2016-12-17T10:43:03.000Z,st_petersburg,2016-12-17T00:00:00.000Z,51,Tug,St. Petersburg,1
59.88223,30.19493,0,0,88,7,SPB,RU,141,0,KAPITAN SOROKIN,3,345312,31,43,28,5138,39,1,2016-12-17T10:43:04.000Z,st_petersburg,2016-12-17T00:00:00.000Z,51,Tug,St. Petersburg,1
59.88223,30.19493,0,0,88,9,SPB,RU,141,0,KAPITAN SOROKIN,3,345312,31,43,28,5138,39,1,2016-12-17T10:45:03.000Z,st_petersburg,2016-12-17T00:00:00.000Z,51,Tug,St. Petersburg,1
59.88223,30.19493,0,0,88,9,SPB,RU,141,0,KAPITAN SOROKIN,3,345312,31,43,28,5138,39,1,2016-12-17T10:45:04.000Z,st_petersburg,2016-12-17T00:00:00.000Z,51,Tug,St. Petersburg,1
59.88228,30.19492,0,0,88,3,SPB,RU,141,0,KAPITAN SOROKIN,3,345312,31,43,28,5138,39,1,2016-12-17T10:47:03.000Z,st_petersburg,2016-12-17T00:00:00.000Z,51,Tug,St. Petersburg,1
59.88228,30.19492,0,0,88,3,SPB,RU,141,0,KAPITAN SOROKIN,3,345312,31,43,28,5138,39,1,2016-12-17T10:47:04.000Z,st_petersburg,2016-12-17T00:00:00.000Z,51,Tug,St. Petersburg,1
59.88227,30.19493,0,0,88,2,SPB,RU,141,0,KAPITAN SOROKIN,3,345312,31,43,28,5138,39,1,2016-12-17T10:49:03.000Z,st_petersburg,2016-12-17T00:00:00.000Z,51,Tug,St. Petersburg,1
59.88227,30.19493,0,0,88,2,SPB,RU,141,0,KAPITAN SOROKIN,3,345312,31,43,28,5138,39,1,2016-12-17T10:49:04.000Z,st_petersburg,2016-12-17T00:00:00.000Z,51,Tug,St. Petersburg,1
59.88227,30.19493,0,0,88,4,SPB,RU,141,0,KAPITAN SOROKIN,3,345312,31,43,28,5138,39,1,2016-12-17T10:51:03.000Z,st_petersburg,2016-12-17T00:00:00.000Z,51,Tug,St. Petersburg,1
59.88227,30.19493,0,0,88,4,SPB,RU,141,0,KAPITAN SOROKIN,3,345312,31,43,28,5138,39,1,2016-12-17T10:51:04.000Z,st_petersburg,2016-12-17T00:00:00.000Z,51,Tug,St. Petersburg,1
59.88227,30.19493,0,0,88,6,SPB,RU,141,0,KAPITAN SOROKIN,3,345312,31,43,28,5138,39,1,2016-12-17T10:53:03.000Z,st_petersburg,2016-12-17T00:00:00.000Z,51,Tug,St. Petersburg,1
59.88227,30.19493,0,0,88,5,SPB,RU,141,0,KAPITAN SOROKIN,3,345312,31,43,28,5138,39,1,2016-12-17T10:53:04.000Z,st_petersburg,2016-12-17T00:00:00.000Z,51,Tug,St. Petersburg,1
59.88227,30.19493,0,0,88,8,SPB,RU,141,0,KAPITAN SOROKIN,3,345312,31,43,28,5138,39,1,2016-12-17T10:55:03.000Z,st_petersburg,2016-12-17T00:00:00.000Z,51,Tug,St. Petersburg,1
59.88227,30.19493,0,0,88,8,SPB,RU,141,0,KAPITAN SOROKIN,3,345312,31,43,28,5138,39,1,2016-12-17T10:55:04.000Z,st_petersburg,2016-12-17T00:00:00.000Z,51,Tug,St. Petersburg,1
59.88227,30.19495,0,0,88,2,SPB,RU,141,0,KAPITAN SOROKIN,3,345312,31,43,28,5138,39,1,2016-12-17T10:57:04.000Z,st_petersburg,2016-12-17T00:00:00.000Z,51,Tug,St. Petersburg,1
59.88227,30.19495,0,0,88,2,SPB,RU,141,0,KAPITAN SOROKIN,3,345312,31,43,28,5138,39,1,2016-12-17T10:57:05.000Z,st_petersburg,2016-12-17T00:00:00.000Z,51,Tug,St. Petersburg,1
59.88227,30.19495,0,0,88,4,SPB,RU,141,0,KAPITAN SOROKIN,3,345312,31,43,28,5138,39,1,2016-12-17T10:59:04.000Z,st_petersburg,2016-12-17T00:00:00.000Z,51,Tug,St. Petersburg,1
59.88227,30.19495,0,0,88,3,SPB,RU,141,0,KAPITAN SOROKIN,3,345312,31,43,28,5138,39,1,2016-12-17T10:59:04.000Z,st_petersburg,2016-12-17T00:00:00.000Z,51,Tug,St. Petersburg,1
59.88226,30.19495,0,0,88,3,SPB,RU,141,0,KAPITAN SOROKIN,3,345312,31,43,28,5138,39,1,2016-12-17T11:01:04.000Z,st_petersburg,2016-12-17T00:00:00.000Z,51,Tug,St. Petersburg,1
59.88226,30.19495,0,0,88,1,SPB,RU,141,0,KAPITAN SOROKIN,3,345312,31,43,28,5138,39,1,2016-12-17T11:01:04.000Z,st_petersburg,2016-12-17T00:00:00.000Z,51,Tug,St. Petersburg,1
59.88226,30.19491,0,0,88,2,SPB,RU,141,0,KAPITAN SOROKIN,3,345312,31,43,28,5138,39,1,2016-12-17T11:03:03.000Z,st_petersburg,2016-12-17T00:00:00.000Z,51,Tug,St. Petersburg,1
59.88226,30.19495,0,0,88,3,SPB,RU,141,0,KAPITAN SOROKIN,3,345312,31,43,28,5138,39,1,2016-12-17T11:03:04.000Z,st_petersburg,2016-12-17T00:00:00.000Z,51,Tug,St. Petersburg,1
59.88226,30.19491,0,0,88,4,SPB,RU,141,0,KAPITAN SOROKIN,3,345312,31,43,28,5138,39,1,2016-12-17T11:05:03.000Z,st_petersburg,2016-12-17T00:00:00.000Z,51,Tug,St. Petersburg,1
59.88226,30.19491,0,0,88,4,SPB,RU,141,0,KAPITAN SOROKIN,3,345312,31,43,28,5138,39,1,2016-12-17T11:05:04.000Z,st_petersburg,2016-12-17T00:00:00.000Z,51,Tug,St. Petersburg,1
59.88227,30.19491,0,0,88,3,SPB,RU,141,0,KAPITAN SOROKIN,3,345312,31,43,28,5138,39,1,2016-12-17T11:07:04.000Z,st_petersburg,2016-12-17T00:00:00.000Z,51,Tug,St. Petersburg,1
59.88227,30.19491,0,0,88,3,SPB,RU,141,0,KAPITAN SOROKIN,3,345312,31,43,28,5138,39,1,2016-12-17T11:07:04.000Z,st_petersburg,2016-12-17T00:00:00.000Z,51,Tug,St. Petersburg,1
59.88227,30.19491,0,0,88,5,SPB,RU,141,0,KAPITAN SOROKIN,3,345312,31,43,28,5138,39,1,2016-12-17T11:09:03.000Z,st_petersburg,2016-12-17T00:00:00.000Z,51,Tug,St. Petersburg,1
59.88227,30.19491,0,0,88,3,SPB,RU,141,0,KAPITAN SOROKIN,3,345312,31,43,28,5138,39,1,2016-12-17T11:09:04.000Z,st_petersburg,2016-12-17T00:00:00.000Z,51,Tug,St. Petersburg,1
59.88224,30.19493,0,0,88,3,SPB,RU,141,0,KAPITAN SOROKIN,3,345312,31,43,28,5138,39,1,2016-12-17T11:11:03.000Z,st_petersburg,2016-12-17T00:00:00.000Z,51,Tug,St. Petersburg,1
59.88224,30.19493,0,0,88,3,SPB,RU,141,0,KAPITAN SOROKIN,3,345312,31,43,28,5138,39,1,2016-12-17T11:11:04.000Z,st_petersburg,2016-12-17T00:00:00.000Z,51,Tug,St. Petersburg,1
59.88224,30.19493,0,0,88,5,SPB,RU,141,0,KAPITAN SOROKIN,3,345312,31,43,28,5138,39,1,2016-12-17T11:13:03.000Z,st_petersburg,2016-12-17T00:00:00.000Z,51,Tug,St. Petersburg,1
59.88224,30.19493,0,0,88,4,SPB,RU,141,0,KAPITAN SOROKIN,3,345312,31,43,28,5138,39,1,2016-12-17T11:13:04.000Z,st_petersburg,2016-12-17T00:00:00.000Z,51,Tug,St. Petersburg,1
59.88224,30.19493,0,0,88,7,SPB,RU,141,0,KAPITAN SOROKIN,3,345312,31,43,28,5138,39,1,2016-12-17T11:15:04.000Z,st_petersburg,2016-12-17T00:00:00.000Z,51,Tug,St. Petersburg,1
59.88224,30.19493,0,0,88,7,SPB,RU,141,0,KAPITAN SOROKIN,3,345312,31,43,28,5138,39,1,2016-12-17T11:15:05.000Z,st_petersburg,2016-12-17T00:00:00.000Z,51,Tug,St. Petersburg,1
59.88224,30.19493,0,0,88,9,SPB,RU,141,0,KAPITAN SOROKIN,3,345312,31,43,28,5138,39,1,2016-12-17T11:17:03.000Z,st_petersburg,2016-12-17T00:00:00.000Z,51,Tug,St. Petersburg,1
59.88224,30.19493,0,0,88,7,SPB,RU,141,0,KAPITAN SOROKIN,3,345312,31,43,28,5138,39,1,2016-12-17T11:17:04.000Z,st_petersburg,2016-12-17T00:00:00.000Z,51,Tug,St. Petersburg,1
59.88227,30.19495,0,0,88,3,SPB,RU,141,0,KAPITAN SOROKIN,3,345312,31,43,28,5138,39,1,2016-12-17T11:19:03.000Z,st_petersburg,2016-12-17T00:00:00.000Z,51,Tug,St. Petersburg,1
59.88227,30.19495,0,0,88,2,SPB,RU,141,0,KAPITAN SOROKIN,3,345312,31,43,28,5138,39,1,2016-12-17T11:19:04.000Z,st_petersburg,2016-12-17T00:00:00.000Z,51,Tug,St. Petersburg,1
59.88225,30.19495,0,0,88,2,SPB,RU,141,0,KAPITAN SOROKIN,3,345312,31,43,28,5138,39,1,2016-12-17T11:21:03.000Z,st_petersburg,2016-12-17T00:00:00.000Z,51,Tug,St. Petersburg,1
59.88225,30.19495,0,0,88,2,SPB,RU,141,0,KAPITAN SOROKIN,3,345312,31,43,28,5138,39,1,2016-12-17T11:21:04.000Z,st_petersburg,2016-12-17T00:00:00.000Z,51,Tug,St. Petersburg,1
59.88225,30.19495,0,0,88,4,SPB,RU,141,0,KAPITAN SOROKIN,3,345312,31,43,28,5138,39,1,2016-12-17T11:23:04.000Z,st_petersburg,2016-12-17T00:00:00.000Z,51,Tug,St. Petersburg,1
59.88225,30.19495,0,0,88,4,SPB,RU,141,0,KAPITAN SOROKIN,3,345312,31,43,28,5138,39,1,2016-12-17T11:23:05.000Z,st_petersburg,2016-12-17T00:00:00.000Z,51,Tug,St. Petersburg,1
59.88225,30.19496,0,0,88,3,SPB,RU,141,0,KAPITAN SOROKIN,3,345312,31,43,28,5138,39,1,2016-12-17T11:25:03.000Z,st_petersburg,2016-12-17T00:00:00.000Z,51,Tug,St. Petersburg,1
59.88225,30.19495,0,0,88,4,SPB,RU,141,0,KAPITAN SOROKIN,3,345312,31,43,28,5138,39,1,2016-12-17T11:25:04.000Z,st_petersburg,2016-12-17T00:00:00.000Z,51,Tug,St. Petersburg,1
59.88225,30.19496,0,0,88,5,SPB,RU,141,0,KAPITAN SOROKIN,3,345312,31,43,28,5138,39,1,2016-12-17T11:27:04.000Z,st_petersburg,2016-12-17T00:00:00.000Z,51,Tug,St. Petersburg,1
59.88225,30.19496,0,0,88,5,SPB,RU,141,0,KAPITAN SOROKIN,3,345312,31,43,28,5138,39,1,2016-12-17T11:27:05.000Z,st_petersburg,2016-12-17T00:00:00.000Z,51,Tug,St. Petersburg,1
59.88225,30.19496,0,0,88,5,SPB,RU,141,0,KAPITAN SOROKIN,3,345312,31,43,28,5138,39,1,2016-12-17T11:29:03.000Z,st_petersburg,2016-12-17T00:00:00.000Z,51,Tug,St. Petersburg,1
59.88225,30.19495,0,0,88,3,SPB,RU,141,0,KAPITAN SOROKIN,3,345312,31,43,28,5138,39,1,2016-12-17T11:29:04.000Z,st_petersburg,2016-12-17T00:00:00.000Z,51,Tug,St. Petersburg,1
59.88229,30.19492,0,0,88,2,SPB,RU,141,0,KAPITAN SOROKIN,3,345312,31,43,28,5138,39,1,2016-12-17T11:31:03.000Z,st_petersburg,2016-12-17T00:00:00.000Z,51,Tug,St. Petersburg,1
59.88225,30.19495,0,0,88,4,SPB,RU,141,0,KAPITAN SOROKIN,3,345312,31,43,28,5138,39,1,2016-12-17T11:31:04.000Z,st_petersburg,2016-12-17T00:00:00.000Z,51,Tug,St. Petersburg,1
59.88229,30.19492,0,0,88,4,SPB,RU,141,0,KAPITAN SOROKIN,3,345312,31,43,28,5138,39,1,2016-12-17T11:33:03.000Z,st_petersburg,2016-12-17T00:00:00.000Z,51,Tug,St. Petersburg,1
59.88229,30.19492,0,0,88,4,SPB,RU,141,0,KAPITAN SOROKIN,3,345312,31,43,28,5138,39,1,2016-12-17T11:33:04.000Z,st_petersburg,2016-12-17T00:00:00.000Z,51,Tug,St. Petersburg,1
59.88229,30.19496,0,0,88,3,SPB,RU,141,0,KAPITAN SOROKIN,3,345312,31,43,28,5138,39,1,2016-12-17T11:35:03.000Z,st_petersburg,2016-12-17T00:00:00.000Z,51,Tug,St. Petersburg,1
59.88229,30.19496,0,0,88,3,SPB,RU,141,0,KAPITAN SOROKIN,3,345312,31,43,28,5138,39,1,2016-12-17T11:35:04.000Z,st_petersburg,2016-12-17T00:00:00.000Z,51,Tug,St. Petersburg,1
59.88227,30.19493,0,0,88,2,SPB,RU,141,0,KAPITAN SOROKIN,3,345312,31,43,28,5138,39,1,2016-12-17T11:37:03.000Z,st_petersburg,2016-12-17T00:00:00.000Z,51,Tug,St. Petersburg,1
59.88227,30.19493,0,0,88,2,SPB,RU,141,0,KAPITAN SOROKIN,3,345312,31,43,28,5138,39,1,2016-12-17T11:37:04.000Z,st_petersburg,2016-12-17T00:00:00.000Z,51,Tug,St. Petersburg,1
59.88227,30.19493,0,0,88,4,SPB,RU,141,0,KAPITAN SOROKIN,3,345312,31,43,28,5138,39,1,2016-12-17T11:39:03.000Z,st_petersburg,2016-12-17T00:00:00.000Z,51,Tug,St. Petersburg,1
59.88227,30.19493,0,0,88,3,SPB,RU,141,0,KAPITAN SOROKIN,3,345312,31,43,28,5138,39,1,2016-12-17T11:39:04.000Z,st_petersburg,2016-12-17T00:00:00.000Z,51,Tug,St. Petersburg,1
59.88225,30.19494,0,0,88,3,SPB,RU,141,0,KAPITAN SOROKIN,3,345312,31,43,28,5138,39,1,2016-12-17T11:41:04.000Z,st_petersburg,2016-12-17T00:00:00.000Z,51,Tug,St. Petersburg,1
59.88225,30.19494,0,0,88,3,SPB,RU,141,0,KAPITAN SOROKIN,3,345312,31,43,28,5138,39,1,2016-12-17T11:41:04.000Z,st_petersburg,2016-12-17T00:00:00.000Z,51,Tug,St. Petersburg,1
59.88225,30.19494,0,0,88,5,SPB,RU,141,0,KAPITAN SOROKIN,3,345312,31,43,28,5138,39,1,2016-12-17T11:43:03.000Z,st_petersburg,2016-12-17T00:00:00.000Z,51,Tug,St. Petersburg,1
59.88225,30.19494,0,0,88,4,SPB,RU,141,0,KAPITAN SOROKIN,3,345312,31,43,28,5138,39,1,2016-12-17T11:43:04.000Z,st_petersburg,2016-12-17T00:00:00.000Z,51,Tug,St. Petersburg,1
59.88227,30.19499,0,0,88,3,SPB,RU,141,0,KAPITAN SOROKIN,3,345312,31,43,28,5138,39,1,2016-12-17T11:45:03.000Z,st_petersburg,2016-12-17T00:00:00.000Z,51,Tug,St. Petersburg,1
59.88227,30.19499,0,0,88,3,SPB,RU,141,0,KAPITAN SOROKIN,3,345312,31,43,28,5138,39,1,2016-12-17T11:45:04.000Z,st_petersburg,2016-12-17T00:00:00.000Z,51,Tug,St. Petersburg,1
59.88224,30.19495,0,0,88,2,SPB,RU,141,0,KAPITAN SOROKIN,3,345312,31,43,28,5138,39,1,2016-12-17T11:47:03.000Z,st_petersburg,2016-12-17T00:00:00.000Z,51,Tug,St. Petersburg,1
59.88224,30.19495,0,0,88,2,SPB,RU,141,0,KAPITAN SOROKIN,3,345312,31,43,28,5138,39,1,2016-12-17T11:47:04.000Z,st_petersburg,2016-12-17T00:00:00.000Z,51,Tug,St. Petersburg,1
59.88224,30.19495,0,0,88,4,SPB,RU,141,0,KAPITAN SOROKIN,3,345312,31,43,28,5138,39,1,2016-12-17T11:49:03.000Z,st_petersburg,2016-12-17T00:00:00.000Z,51,Tug,St. Petersburg,1
59.88224,30.19495,0,0,88,2,SPB,RU,141,0,KAPITAN SOROKIN,3,345312,31,43,28,5138,39,1,2016-12-17T11:49:04.000Z,st_petersburg,2016-12-17T00:00:00.000Z,51,Tug,St. Petersburg,1
59.88225,30.19495,0,0,88,2,SPB,RU,141,0,KAPITAN SOROKIN,3,345312,31,43,28,5138,39,1,2016-12-17T11:51:04.000Z,st_petersburg,2016-12-17T00:00:00.000Z,51,Tug,St. Petersburg,1
59.88225,30.19495,0,0,88,2,SPB,RU,141,0,KAPITAN SOROKIN,3,345312,31,43,28,5138,39,1,2016-12-17T11:51:05.000Z,st_petersburg,2016-12-17T00:00:00.000Z,51,Tug,St. Petersburg,1
59.88225,30.19495,0,0,88,4,SPB,RU,141,0,KAPITAN SOROKIN,3,345312,31,43,28,5138,39,1,2016-12-17T11:53:04.000Z,st_petersburg,2016-12-17T00:00:00.000Z,51,Tug,St. Petersburg,1
59.88225,30.19495,0,0,88,3,SPB,RU,141,0,KAPITAN SOROKIN,3,345312,31,43,28,5138,39,1,2016-12-17T11:53:04.000Z,st_petersburg,2016-12-17T00:00:00.000Z,51,Tug,St. Petersburg,1
59.88225,30.1949,0,0,88,3,SPB,RU,141,0,KAPITAN SOROKIN,3,345312,31,43,28,5138,39,1,2016-12-17T11:55:03.000Z,st_petersburg,2016-12-17T00:00:00.000Z,51,Tug,St. Petersburg,1
59.88225,30.1949,0,0,88,3,SPB,RU,141,0,KAPITAN SOROKIN,3,345312,31,43,28,5138,39,1,2016-12-17T11:55:03.000Z,st_petersburg,2016-12-17T00:00:00.000Z,51,Tug,St. Petersburg,1
59.88225,30.19496,0,0,88,2,SPB,RU,141,0,KAPITAN SOROKIN,3,345312,31,43,28,5138,39,1,2016-12-17T11:57:03.000Z,st_petersburg,2016-12-17T00:00:00.000Z,51,Tug,St. Petersburg,1
59.88225,30.19496,0,0,88,2,SPB,RU,141,0,KAPITAN SOROKIN,3,345312,31,43,28,5138,39,1,2016-12-17T11:57:04.000Z,st_petersburg,2016-12-17T00:00:00.000Z,51,Tug,St. Petersburg,1
59.88225,30.19496,0,0,88,4,SPB,RU,141,0,KAPITAN SOROKIN,3,345312,31,43,28,5138,39,1,2016-12-17T11:59:03.000Z,st_petersburg,2016-12-17T00:00:00.000Z,51,Tug,St. Petersburg,1
59.88225,30.19496,0,0,88,3,SPB,RU,141,0,KAPITAN SOROKIN,3,345312,31,43,28,5138,39,1,2016-12-17T11:59:04.000Z,st_petersburg,2016-12-17T00:00:00.000Z,51,Tug,St. Petersburg,1
59.88227,30.19494,0,0,88,3,SPB,RU,141,0,KAPITAN SOROKIN,3,345312,31,43,28,5138,39,1,2016-12-17T12:01:03.000Z,st_petersburg,2016-12-17T00:00:00.000Z,51,Tug,St. Petersburg,1
59.88227,30.19494,0,0,88,2,SPB,RU,141,0,KAPITAN SOROKIN,3,345312,31,43,28,5138,39,1,2016-12-17T12:01:04.000Z,st_petersburg,2016-12-17T00:00:00.000Z,51,Tug,St. Petersburg,1
59.88229,30.19497,0,0,88,2,SPB,RU,141,0,KAPITAN SOROKIN,3,345312,31,43,28,5138,39,1,2016-12-17T12:03:03.000Z,st_petersburg,2016-12-17T00:00:00.000Z,51,Tug,St. Petersburg,1
59.88229,30.19497,0,0,88,1,SPB,RU,141,0,KAPITAN SOROKIN,3,345312,31,43,28,5138,39,1,2016-12-17T12:03:04.000Z,st_petersburg,2016-12-17T00:00:00.000Z,51,Tug,St. Petersburg,1
59.88229,30.19497,0,0,88,4,SPB,RU,141,0,KAPITAN SOROKIN,3,345312,31,43,28,5138,39,1,2016-12-17T12:05:04.000Z,st_petersburg,2016-12-17T00:00:00.000Z,51,Tug,St. Petersburg,1
59.88229,30.19497,0,0,88,4,SPB,RU,141,0,KAPITAN SOROKIN,3,345312,31,43,28,5138,39,1,2016-12-17T12:05:05.000Z,st_petersburg,2016-12-17T00:00:00.000Z,51,Tug,St. Petersburg,1
59.88226,30.19494,0,0,88,3,SPB,RU,141,0,KAPITAN SOROKIN,3,345312,31,43,28,5138,39,1,2016-12-17T12:07:04.000Z,st_petersburg,2016-12-17T00:00:00.000Z,51,Tug,St. Petersburg,1
59.88226,30.19494,0,0,88,3,SPB,RU,141,0,KAPITAN SOROKIN,3,345312,31,43,28,5138,39,1,2016-12-17T12:07:05.000Z,st_petersburg,2016-12-17T00:00:00.000Z,51,Tug,St. Petersburg,1
59.88225,30.19495,0,0,88,2,SPB,RU,141,0,KAPITAN SOROKIN,3,345312,31,43,28,5138,39,1,2016-12-17T12:09:03.000Z,st_petersburg,2016-12-17T00:00:00.000Z,51,Tug,St. Petersburg,1
59.88226,30.19494,0,0,88,3,SPB,RU,141,0,KAPITAN SOROKIN,3,345312,31,43,28,5138,39,1,2016-12-17T12:09:04.000Z,st_petersburg,2016-12-17T00:00:00.000Z,51,Tug,St. Petersburg,1
59.88225,30.19495,0,0,88,4,SPB,RU,141,0,KAPITAN SOROKIN,3,345312,31,43,28,5138,39,1,2016-12-17T12:11:03.000Z,st_petersburg,2016-12-17T00:00:00.000Z,51,Tug,St. Petersburg,1
59.88225,30.19495,0,0,88,4,SPB,RU,141,0,KAPITAN SOROKIN,3,345312,31,43,28,5138,39,1,2016-12-17T12:11:04.000Z,st_petersburg,2016-12-17T00:00:00.000Z,51,Tug,St. Petersburg,1
59.88227,30.19495,0,0,88,3,SPB,RU,141,0,KAPITAN SOROKIN,3,345312,31,43,28,5138,39,1,2016-12-17T12:13:04.000Z,st_petersburg,2016-12-17T00:00:00.000Z,51,Tug,St. Petersburg,1
59.88227,30.19495,0,0,88,3,SPB,RU,141,0,KAPITAN SOROKIN,3,345312,31,43,28,5138,39,1,2016-12-17T12:13:05.000Z,st_petersburg,2016-12-17T00:00:00.000Z,51,Tug,St. Petersburg,1
59.88227,30.19493,0,0,88,2,SPB,RU,141,0,KAPITAN SOROKIN,3,345312,31,43,28,5138,39,1,2016-12-17T12:15:04.000Z,st_petersburg,2016-12-17T00:00:00.000Z,51,Tug,St. Petersburg,1
59.88227,30.19493,0,0,88,2,SPB,RU,141,0,KAPITAN SOROKIN,3,345312,31,43,28,5138,39,1,2016-12-17T12:15:04.000Z,st_petersburg,2016-12-17T00:00:00.000Z,51,Tug,St. Petersburg,1
59.88227,30.19493,0,0,88,2,SPB,RU,141,0,KAPITAN SOROKIN,3,345312,31,43,28,5138,39,1,2016-12-17T12:17:03.000Z,st_petersburg,2016-12-17T00:00:00.000Z,51,Tug,St. Petersburg,1
59.88227,30.19493,0,0,88,4,SPB,RU,141,0,KAPITAN SOROKIN,3,345312,31,43,28,5138,39,1,2016-12-17T12:17:04.000Z,st_petersburg,2016-12-17T00:00:00.000Z,51,Tug,St. Petersburg,1
59.88228,30.19493,0,0,88,3,SPB,RU,141,0,KAPITAN SOROKIN,3,345312,31,43,28,5138,39,1,2016-12-17T12:19:04.000Z,st_petersburg,2016-12-17T00:00:00.000Z,51,Tug,St. Petersburg,1
59.88228,30.19493,0,0,88,3,SPB,RU,141,0,KAPITAN SOROKIN,3,345312,31,43,28,5138,39,1,2016-12-17T12:19:04.000Z,st_petersburg,2016-12-17T00:00:00.000Z,51,Tug,St. Petersburg,1
59.88228,30.195,0,0,88,2,SPB,RU,141,0,KAPITAN SOROKIN,3,345312,31,43,28,5138,39,1,2016-12-17T12:21:04.000Z,st_petersburg,2016-12-17T00:00:00.000Z,51,Tug,St. Petersburg,1
59.88228,30.195,0,0,88,2,SPB,RU,141,0,KAPITAN SOROKIN,3,345312,31,43,28,5138,39,1,2016-12-17T12:21:05.000Z,st_petersburg,2016-12-17T00:00:00.000Z,51,Tug,St. Petersburg,1
59.88228,30.195,0,0,88,4,SPB,RU,141,0,KAPITAN SOROKIN,3,345312,31,43,28,5138,39,1,2016-12-17T12:23:04.000Z,st_petersburg,2016-12-17T00:00:00.000Z,51,Tug,St. Petersburg,1
59.88228,30.195,0,0,88,4,SPB,RU,141,0,KAPITAN SOROKIN,3,345312,31,43,28,5138,39,1,2016-12-17T12:23:05.000Z,st_petersburg,2016-12-17T00:00:00.000Z,51,Tug,St. Petersburg,1
59.88228,30.19496,0,0,88,2,SPB,RU,141,0,KAPITAN SOROKIN,3,345312,31,43,28,5138,39,1,2016-12-17T12:25:03.000Z,st_petersburg,2016-12-17T00:00:00.000Z,51,Tug,St. Petersburg,1
59.88228,30.195,0,0,88,4,SPB,RU,141,0,KAPITAN SOROKIN,3,345312,31,43,28,5138,39,1,2016-12-17T12:25:04.000Z,st_petersburg,2016-12-17T00:00:00.000Z,51,Tug,St. Petersburg,1
59.88228,30.19496,0,0,88,4,SPB,RU,141,0,KAPITAN SOROKIN,3,345312,31,43,28,5138,39,1,2016-12-17T12:27:04.000Z,st_petersburg,2016-12-17T00:00:00.000Z,51,Tug,St. Petersburg,1
59.88228,30.19496,0,0,88,4,SPB,RU,141,0,KAPITAN SOROKIN,3,345312,31,43,28,5138,39,1,2016-12-17T12:27:05.000Z,st_petersburg,2016-12-17T00:00:00.000Z,51,Tug,St. Petersburg,1
59.88226,30.19496,0,0,88,3,SPB,RU,141,0,KAPITAN SOROKIN,3,345312,31,43,28,5138,39,1,2016-12-17T12:29:03.000Z,st_petersburg,2016-12-17T00:00:00.000Z,51,Tug,St. Petersburg,1
59.88228,30.19496,0,0,88,4,SPB,RU,141,0,KAPITAN SOROKIN,3,345312,31,43,28,5138,39,1,2016-12-17T12:29:04.000Z,st_petersburg,2016-12-17T00:00:00.000Z,51,Tug,St. Petersburg,1
59.88227,30.19495,0,0,88,2,SPB,RU,141,0,KAPITAN SOROKIN,3,345312,31,43,28,5138,39,1,2016-12-17T12:31:03.000Z,st_petersburg,2016-12-17T00:00:00.000Z,51,Tug,St. Petersburg,1
59.88227,30.19495,0,0,88,2,SPB,RU,141,0,KAPITAN SOROKIN,3,345312,31,43,28,5138,39,1,2016-12-17T12:31:04.000Z,st_petersburg,2016-12-17T00:00:00.000Z,51,Tug,St. Petersburg,1
59.88227,30.19495,0,0,88,4,SPB,RU,141,0,KAPITAN SOROKIN,3,345312,31,43,28,5138,39,1,2016-12-17T12:33:04.000Z,st_petersburg,2016-12-17T00:00:00.000Z,51,Tug,St. Petersburg,1
59.88227,30.19495,0,0,88,4,SPB,RU,141,0,KAPITAN SOROKIN,3,345312,31,43,28,5138,39,1,2016-12-17T12:33:05.000Z,st_petersburg,2016-12-17T00:00:00.000Z,51,Tug,St. Petersburg,1
59.88225,30.19496,0,0,88,3,SPB,RU,141,0,KAPITAN SOROKIN,3,345312,31,43,28,5138,39,1,2016-12-17T12:35:04.000Z,st_petersburg,2016-12-17T00:00:00.000Z,51,Tug,St. Petersburg,1
59.88225,30.19496,0,0,88,3,SPB,RU,141,0,KAPITAN SOROKIN,3,345312,31,43,28,5138,39,1,2016-12-17T12:35:05.000Z,st_petersburg,2016-12-17T00:00:00.000Z,51,Tug,St. Petersburg,1
59.88225,30.19496,0,0,88,5,SPB,RU,141,0,KAPITAN SOROKIN,3,345312,31,43,28,5138,39,1,2016-12-17T12:37:03.000Z,st_petersburg,2016-12-17T00:00:00.000Z,51,Tug,St. Petersburg,1
59.88225,30.19496,0,0,88,5,SPB,RU,141,0,KAPITAN SOROKIN,3,345312,31,43,28,5138,39,1,2016-12-17T12:37:04.000Z,st_petersburg,2016-12-17T00:00:00.000Z,51,Tug,St. Petersburg,1
59.88227,30.19497,0,0,88,3,SPB,RU,141,0,KAPITAN SOROKIN,3,345312,31,43,28,5138,39,1,2016-12-17T12:39:06.000Z,st_petersburg,2016-12-17T00:00:00.000Z,51,Tug,St. Petersburg,1
59.88227,30.19497,0,0,88,2,SPB,RU,141,0,KAPITAN SOROKIN,3,345312,31,43,28,5138,39,1,2016-12-17T12:39:07.000Z,st_petersburg,2016-12-17T00:00:00.000Z,51,Tug,St. Petersburg,1
59.88226,30.19494,0,0,88,2,SPB,RU,141,0,KAPITAN SOROKIN,3,345312,31,43,28,5138,39,1,2016-12-17T12:41:03.000Z,st_petersburg,2016-12-17T00:00:00.000Z,51,Tug,St. Petersburg,1
59.88226,30.19494,0,0,88,2,SPB,RU,141,0,KAPITAN SOROKIN,3,345312,31,43,28,5138,39,1,2016-12-17T12:41:04.000Z,st_petersburg,2016-12-17T00:00:00.000Z,51,Tug,St. Petersburg,1
59.88226,30.19494,0,0,88,4,SPB,RU,141,0,KAPITAN SOROKIN,3,345312,31,43,28,5138,39,1,2016-12-17T12:43:03.000Z,st_petersburg,2016-12-17T00:00:00.000Z,51,Tug,St. Petersburg,1
59.88226,30.19494,0,0,88,4,SPB,RU,141,0,KAPITAN SOROKIN,3,345312,31,43,28,5138,39,1,2016-12-17T12:43:04.000Z,st_petersburg,2016-12-17T00:00:00.000Z,51,Tug,St. Petersburg,1
59.88225,30.19493,0,0,88,3,SPB,RU,141,0,KAPITAN SOROKIN,3,345312,31,43,28,5138,39,1,2016-12-17T12:45:03.000Z,st_petersburg,2016-12-17T00:00:00.000Z,51,Tug,St. Petersburg,1
59.88225,30.19493,0,0,88,3,SPB,RU,141,0,KAPITAN SOROKIN,3,345312,31,43,28,5138,39,1,2016-12-17T12:45:04.000Z,st_petersburg,2016-12-17T00:00:00.000Z,51,Tug,St. Petersburg,1
59.88226,30.19495,0,0,88,2,SPB,RU,141,0,KAPITAN SOROKIN,3,345312,31,43,28,5138,39,1,2016-12-17T12:47:03.000Z,st_petersburg,2016-12-17T00:00:00.000Z,51,Tug,St. Petersburg,1
59.88226,30.19495,0,0,88,2,SPB,RU,141,0,KAPITAN SOROKIN,3,345312,31,43,28,5138,39,1,2016-12-17T12:47:04.000Z,st_petersburg,2016-12-17T00:00:00.000Z,51,Tug,St. Petersburg,1
59.88226,30.19495,0,0,88,4,SPB,RU,141,0,KAPITAN SOROKIN,3,345312,31,43,28,5138,39,1,2016-12-17T12:49:03.000Z,st_petersburg,2016-12-17T00:00:00.000Z,51,Tug,St. Petersburg,1
59.88226,30.19495,0,0,88,4,SPB,RU,141,0,KAPITAN SOROKIN,3,345312,31,43,28,5138,39,1,2016-12-17T12:49:04.000Z,st_petersburg,2016-12-17T00:00:00.000Z,51,Tug,St. Petersburg,1
59.88223,30.19495,0,0,88,3,SPB,RU,141,0,KAPITAN SOROKIN,3,345312,31,43,28,5138,39,1,2016-12-17T12:51:03.000Z,st_petersburg,2016-12-17T00:00:00.000Z,51,Tug,St. Petersburg,1
59.88223,30.19495,0,0,88,3,SPB,RU,141,0,KAPITAN SOROKIN,3,345312,31,43,28,5138,39,1,2016-12-17T12:51:04.000Z,st_petersburg,2016-12-17T00:00:00.000Z,51,Tug,St. Petersburg,1
59.88223,30.19495,0,0,88,5,SPB,RU,141,0,KAPITAN SOROKIN,3,345312,31,43,28,5138,39,1,2016-12-17T12:53:03.000Z,st_petersburg,2016-12-17T00:00:00.000Z,51,Tug,St. Petersburg,1
59.88223,30.19495,0,0,88,4,SPB,RU,141,0,KAPITAN SOROKIN,3,345312,31,43,28,5138,39,1,2016-12-17T12:53:04.000Z,st_petersburg,2016-12-17T00:00:00.000Z,51,Tug,St. Petersburg,1
59.88224,30.19494,0,0,88,3,SPB,RU,141,0,KAPITAN SOROKIN,3,345312,31,43,28,5138,39,1,2016-12-17T12:55:03.000Z,st_petersburg,2016-12-17T00:00:00.000Z,51,Tug,St. Petersburg,1
59.88224,30.19494,0,0,88,2,SPB,RU,141,0,KAPITAN SOROKIN,3,345312,31,43,28,5138,39,1,2016-12-17T12:55:04.000Z,st_petersburg,2016-12-17T00:00:00.000Z,51,Tug,St. Petersburg,1
59.88224,30.19495,0,0,88,2,SPB,RU,141,0,KAPITAN SOROKIN,3,345312,31,43,28,5138,39,1,2016-12-17T12:57:04.000Z,st_petersburg,2016-12-17T00:00:00.000Z,51,Tug,St. Petersburg,1
59.88224,30.19494,0,0,88,4,SPB,RU,141,0,KAPITAN SOROKIN,3,345312,31,43,28,5138,39,1,2016-12-17T12:57:04.000Z,st_petersburg,2016-12-17T00:00:00.000Z,51,Tug,St. Petersburg,1
59.88224,30.19495,0,0,88,4,SPB,RU,141,0,KAPITAN SOROKIN,3,345312,31,43,28,5138,39,1,2016-12-17T12:59:03.000Z,st_petersburg,2016-12-17T00:00:00.000Z,51,Tug,St. Petersburg,1
59.88224,30.19495,0,0,88,4,SPB,RU,141,0,KAPITAN SOROKIN,3,345312,31,43,28,5138,39,1,2016-12-17T12:59:04.000Z,st_petersburg,2016-12-17T00:00:00.000Z,51,Tug,St. Petersburg,1
59.88223,30.19495,0,0,88,3,SPB,RU,141,0,KAPITAN SOROKIN,3,345312,31,43,28,5138,39,1,2016-12-17T13:01:03.000Z,st_petersburg,2016-12-17T00:00:00.000Z,51,Tug,St. Petersburg,1
59.88223,30.19495,0,0,88,3,SPB,RU,141,0,KAPITAN SOROKIN,3,345312,31,43,28,5138,39,1,2016-12-17T13:01:04.000Z,st_petersburg,2016-12-17T00:00:00.000Z,51,Tug,St. Petersburg,1
59.88223,30.19495,0,0,88,5,SPB,RU,141,0,KAPITAN SOROKIN,3,345312,31,43,28,5138,39,1,2016-12-17T13:03:03.000Z,st_petersburg,2016-12-17T00:00:00.000Z,51,Tug,St. Petersburg,1
59.88223,30.19495,0,0,88,5,SPB,RU,141,0,KAPITAN SOROKIN,3,345312,31,43,28,5138,39,1,2016-12-17T13:03:04.000Z,st_petersburg,2016-12-17T00:00:00.000Z,51,Tug,St. Petersburg,1
59.88225,30.19492,0,0,88,3,SPB,RU,141,0,KAPITAN SOROKIN,3,345312,31,43,28,5138,39,1,2016-12-17T13:05:03.000Z,st_petersburg,2016-12-17T00:00:00.000Z,51,Tug,St. Petersburg,1
59.88225,30.19492,0,0,88,2,SPB,RU,141,0,KAPITAN SOROKIN,3,345312,31,43,28,5138,39,1,2016-12-17T13:05:04.000Z,st_petersburg,2016-12-17T00:00:00.000Z,51,Tug,St. Petersburg,1
59.88225,30.19492,0,0,88,5,SPB,RU,141,0,KAPITAN SOROKIN,3,345312,31,43,28,5138,39,1,2016-12-17T13:07:04.000Z,st_petersburg,2016-12-17T00:00:00.000Z,51,Tug,St. Petersburg,1
59.88225,30.19492,0,0,88,5,SPB,RU,141,0,KAPITAN SOROKIN,3,345312,31,43,28,5138,39,1,2016-12-17T13:07:04.000Z,st_petersburg,2016-12-17T00:00:00.000Z,51,Tug,St. Petersburg,1
59.88225,30.19492,0,0,88,7,SPB,RU,141,0,KAPITAN SOROKIN,3,345312,31,43,28,5138,39,1,2016-12-17T13:09:04.000Z,st_petersburg,2016-12-17T00:00:00.000Z,51,Tug,St. Petersburg,1
59.88225,30.19492,0,0,88,7,SPB,RU,141,0,KAPITAN SOROKIN,3,345312,31,43,28,5138,39,1,2016-12-17T13:09:04.000Z,st_petersburg,2016-12-17T00:00:00.000Z,51,Tug,St. Petersburg,1
59.88225,30.19492,0,0,88,9,SPB,RU,141,0,KAPITAN SOROKIN,3,345312,31,43,28,5138,39,1,2016-12-17T13:11:03.000Z,st_petersburg,2016-12-17T00:00:00.000Z,51,Tug,St. Petersburg,1
59.88225,30.19492,0,0,88,9,SPB,RU,141,0,KAPITAN SOROKIN,3,345312,31,43,28,5138,39,1,2016-12-17T13:11:04.000Z,st_petersburg,2016-12-17T00:00:00.000Z,51,Tug,St. Petersburg,1
59.88224,30.19496,0,0,88,3,SPB,RU,141,0,KAPITAN SOROKIN,3,345312,31,43,28,5138,39,1,2016-12-17T13:13:03.000Z,st_petersburg,2016-12-17T00:00:00.000Z,51,Tug,St. Petersburg,1
59.88224,30.19496,0,0,88,3,SPB,RU,141,0,KAPITAN SOROKIN,3,345312,31,43,28,5138,39,1,2016-12-17T13:13:04.000Z,st_petersburg,2016-12-17T00:00:00.000Z,51,Tug,St. Petersburg,1
59.88225,30.195,0,0,88,2,SPB,RU,141,0,KAPITAN SOROKIN,3,345312,31,43,28,5138,39,1,2016-12-17T13:15:04.000Z,st_petersburg,2016-12-17T00:00:00.000Z,51,Tug,St. Petersburg,1
59.88225,30.195,0,0,88,2,SPB,RU,141,0,KAPITAN SOROKIN,3,345312,31,43,28,5138,39,1,2016-12-17T13:15:04.000Z,st_petersburg,2016-12-17T00:00:00.000Z,51,Tug,St. Petersburg,1
59.88225,30.195,0,0,88,4,SPB,RU,141,0,KAPITAN SOROKIN,3,345312,31,43,28,5138,39,1,2016-12-17T13:17:03.000Z,st_petersburg,2016-12-17T00:00:00.000Z,51,Tug,St. Petersburg,1
59.88225,30.195,0,0,88,4,SPB,RU,141,0,KAPITAN SOROKIN,3,345312,31,43,28,5138,39,1,2016-12-17T13:17:04.000Z,st_petersburg,2016-12-17T00:00:00.000Z,51,Tug,St. Petersburg,1
59.88224,30.19495,0,0,88,3,SPB,RU,141,0,KAPITAN SOROKIN,3,345312,31,43,28,5138,39,1,2016-12-17T13:19:03.000Z,st_petersburg,2016-12-17T00:00:00.000Z,51,Tug,St. Petersburg,1
59.88224,30.19495,0,0,88,2,SPB,RU,141,0,KAPITAN SOROKIN,3,345312,31,43,28,5138,39,1,2016-12-17T13:19:04.000Z,st_petersburg,2016-12-17T00:00:00.000Z,51,Tug,St. Petersburg,1
59.88225,30.19495,0,0,88,2,SPB,RU,141,0,KAPITAN SOROKIN,3,345312,31,43,28,5138,39,1,2016-12-17T13:21:03.000Z,st_petersburg,2016-12-17T00:00:00.000Z,51,Tug,St. Petersburg,1
59.88225,30.19495,0,0,88,2,SPB,RU,141,0,KAPITAN SOROKIN,3,345312,31,43,28,5138,39,1,2016-12-17T13:21:04.000Z,st_petersburg,2016-12-17T00:00:00.000Z,51,Tug,St. Petersburg,1
59.88225,30.19495,0,0,88,4,SPB,RU,141,0,KAPITAN SOROKIN,3,345312,31,43,28,5138,39,1,2016-12-17T13:23:03.000Z,st_petersburg,2016-12-17T00:00:00.000Z,51,Tug,St. Petersburg,1
59.88225,30.19495,0,0,88,4,SPB,RU,141,0,KAPITAN SOROKIN,3,345312,31,43,28,5138,39,1,2016-12-17T13:23:04.000Z,st_petersburg,2016-12-17T00:00:00.000Z,51,Tug,St. Petersburg,1
59.88225,30.19495,0,0,88,6,SPB,RU,141,0,KAPITAN SOROKIN,3,345312,31,43,28,5138,39,1,2016-12-17T13:25:03.000Z,st_petersburg,2016-12-17T00:00:00.000Z,51,Tug,St. Petersburg,1
59.88225,30.19495,0,0,88,6,SPB,RU,141,0,KAPITAN SOROKIN,3,345312,31,43,28,5138,39,1,2016-12-17T13:25:04.000Z,st_petersburg,2016-12-17T00:00:00.000Z,51,Tug,St. Petersburg,1
59.88225,30.19495,0,0,88,8,SPB,RU,141,0,KAPITAN SOROKIN,3,345312,31,43,28,5138,39,1,2016-12-17T13:27:03.000Z,st_petersburg,2016-12-17T00:00:00.000Z,51,Tug,St. Petersburg,1
59.88225,30.19495,0,0,88,8,SPB,RU,141,0,KAPITAN SOROKIN,3,345312,31,43,28,5138,39,1,2016-12-17T13:27:04.000Z,st_petersburg,2016-12-17T00:00:00.000Z,51,Tug,St. Petersburg,1
59.88227,30.19494,0,0,88,2,SPB,RU,141,0,KAPITAN SOROKIN,3,345312,31,43,28,5138,39,1,2016-12-17T13:29:04.000Z,st_petersburg,2016-12-17T00:00:00.000Z,51,Tug,St. Petersburg,1
59.88227,30.19494,0,0,88,2,SPB,RU,141,0,KAPITAN SOROKIN,3,345312,31,43,28,5138,39,1,2016-12-17T13:29:04.000Z,st_petersburg,2016-12-17T00:00:00.000Z,51,Tug,St. Petersburg,1
59.88227,30.19494,0,0,88,4,SPB,RU,141,0,KAPITAN SOROKIN,3,345312,31,43,28,5138,39,1,2016-12-17T13:31:03.000Z,st_petersburg,2016-12-17T00:00:00.000Z,51,Tug,St. Petersburg,1
59.88227,30.19494,0,0,88,3,SPB,RU,141,0,KAPITAN SOROKIN,3,345312,31,43,28,5138,39,1,2016-12-17T13:31:04.000Z,st_petersburg,2016-12-17T00:00:00.000Z,51,Tug,St. Petersburg,1
59.88227,30.19495,0,0,88,3,SPB,RU,141,0,KAPITAN SOROKIN,3,345312,31,43,28,5138,39,1,2016-12-17T13:33:04.000Z,st_petersburg,2016-12-17T00:00:00.000Z,51,Tug,St. Petersburg,1
59.88227,30.19495,0,0,88,3,SPB,RU,141,0,KAPITAN SOROKIN,3,345312,31,43,28,5138,39,1,2016-12-17T13:33:05.000Z,st_petersburg,2016-12-17T00:00:00.000Z,51,Tug,St. Petersburg,1
59.88225,30.19493,0,0,88,2,SPB,RU,141,0,KAPITAN SOROKIN,3,345312,31,43,28,5138,39,1,2016-12-17T13:35:03.000Z,st_petersburg,2016-12-17T00:00:00.000Z,51,Tug,St. Petersburg,1
59.88225,30.19493,0,0,88,2,SPB,RU,141,0,KAPITAN SOROKIN,3,345312,31,43,28,5138,39,1,2016-12-17T13:35:04.000Z,st_petersburg,2016-12-17T00:00:00.000Z,51,Tug,St. Petersburg,1
59.88225,30.19493,0,0,88,4,SPB,RU,141,0,KAPITAN SOROKIN,3,345312,31,43,28,5138,39,1,2016-12-17T13:37:03.000Z,st_petersburg,2016-12-17T00:00:00.000Z,51,Tug,St. Petersburg,1
59.88225,30.19493,0,0,88,4,SPB,RU,141,0,KAPITAN SOROKIN,3,345312,31,43,28,5138,39,1,2016-12-17T13:37:04.000Z,st_petersburg,2016-12-17T00:00:00.000Z,51,Tug,St. Petersburg,1
59.88225,30.19493,0,0,88,6,SPB,RU,141,0,KAPITAN SOROKIN,3,345312,31,43,28,5138,39,1,2016-12-17T13:39:05.000Z,st_petersburg,2016-12-17T00:00:00.000Z,51,Tug,St. Petersburg,1
59.88225,30.19493,0,0,88,6,SPB,RU,141,0,KAPITAN SOROKIN,3,345312,31,43,28,5138,39,1,2016-12-17T13:39:05.000Z,st_petersburg,2016-12-17T00:00:00.000Z,51,Tug,St. Petersburg,1
59.88225,30.19493,0,0,88,6,SPB,RU,141,0,KAPITAN SOROKIN,3,345312,31,43,28,5138,39,1,2016-12-17T13:41:03.000Z,st_petersburg,2016-12-17T00:00:00.000Z,51,Tug,St. Petersburg,1
59.88225,30.19493,0,0,88,7,SPB,RU,141,0,KAPITAN SOROKIN,3,345312,31,43,28,5138,39,1,2016-12-17T13:41:04.000Z,st_petersburg,2016-12-17T00:00:00.000Z,51,Tug,St. Petersburg,1
59.88226,30.19495,0,0,88,2,SPB,RU,141,0,KAPITAN SOROKIN,3,345312,31,43,28,5138,39,1,2016-12-17T13:43:04.000Z,st_petersburg,2016-12-17T00:00:00.000Z,51,Tug,St. Petersburg,1
59.88226,30.19495,0,0,88,2,SPB,RU,141,0,KAPITAN SOROKIN,3,345312,31,43,28,5138,39,1,2016-12-17T13:43:04.000Z,st_petersburg,2016-12-17T00:00:00.000Z,51,Tug,St. Petersburg,1
59.88226,30.19495,0,0,88,4,SPB,RU,141,0,KAPITAN SOROKIN,3,345312,31,43,28,5138,39,1,2016-12-17T13:45:03.000Z,st_petersburg,2016-12-17T00:00:00.000Z,51,Tug,St. Petersburg,1
59.88226,30.19495,0,0,88,4,SPB,RU,141,0,KAPITAN SOROKIN,3,345312,31,43,28,5138,39,1,2016-12-17T13:45:04.000Z,st_petersburg,2016-12-17T00:00:00.000Z,51,Tug,St. Petersburg,1
59.88225,30.19495,0,0,88,3,SPB,RU,141,0,KAPITAN SOROKIN,3,345312,31,43,28,5138,39,1,2016-12-17T13:47:03.000Z,st_petersburg,2016-12-17T00:00:00.000Z,51,Tug,St. Petersburg,1
59.88225,30.19495,0,0,88,1,SPB,RU,141,0,KAPITAN SOROKIN,3,345312,31,43,28,5138,39,1,2016-12-17T13:47:04.000Z,st_petersburg,2016-12-17T00:00:00.000Z,51,Tug,St. Petersburg,1
59.88225,30.19495,0,0,88,5,SPB,RU,141,0,KAPITAN SOROKIN,3,345312,31,43,28,5138,39,1,2016-12-17T13:49:03.000Z,st_petersburg,2016-12-17T00:00:00.000Z,51,Tug,St. Petersburg,1
59.88225,30.19495,0,0,88,4,SPB,RU,141,0,KAPITAN SOROKIN,3,345312,31,43,28,5138,39,1,2016-12-17T13:49:04.000Z,st_petersburg,2016-12-17T00:00:00.000Z,51,Tug,St. Petersburg,1
59.88225,30.19493,0,0,88,3,SPB,RU,141,0,KAPITAN SOROKIN,3,345312,31,43,28,5138,39,1,2016-12-17T13:51:03.000Z,st_petersburg,2016-12-17T00:00:00.000Z,51,Tug,St. Petersburg,1
59.88225,30.19493,0,0,88,3,SPB,RU,141,0,KAPITAN SOROKIN,3,345312,31,43,28,5138,39,1,2016-12-17T13:51:04.000Z,st_petersburg,2016-12-17T00:00:00.000Z,51,Tug,St. Petersburg,1
59.88226,30.19493,0,0,88,2,SPB,RU,141,0,KAPITAN SOROKIN,3,345312,31,43,28,5138,39,1,2016-12-17T13:53:03.000Z,st_petersburg,2016-12-17T00:00:00.000Z,51,Tug,St. Petersburg,1
59.88226,30.19493,0,0,88,2,SPB,RU,141,0,KAPITAN SOROKIN,3,345312,31,43,28,5138,39,1,2016-12-17T13:53:04.000Z,st_petersburg,2016-12-17T00:00:00.000Z,51,Tug,St. Petersburg,1
59.88226,30.19493,0,0,88,4,SPB,RU,141,0,KAPITAN SOROKIN,3,345312,31,43,28,5138,39,1,2016-12-17T13:55:03.000Z,st_petersburg,2016-12-17T00:00:00.000Z,51,Tug,St. Petersburg,1
59.88226,30.19493,0,0,88,2,SPB,RU,141,0,KAPITAN SOROKIN,3,345312,31,43,28,5138,39,1,2016-12-17T13:55:04.000Z,st_petersburg,2016-12-17T00:00:00.000Z,51,Tug,St. Petersburg,1
59.88224,30.19494,0,0,88,3,SPB,RU,141,0,KAPITAN SOROKIN,3,345312,31,43,28,5138,39,1,2016-12-17T13:57:03.000Z,st_petersburg,2016-12-17T00:00:00.000Z,51,Tug,St. Petersburg,1
59.88224,30.19494,0,0,88,3,SPB,RU,141,0,KAPITAN SOROKIN,3,345312,31,43,28,5138,39,1,2016-12-17T13:57:04.000Z,st_petersburg,2016-12-17T00:00:00.000Z,51,Tug,St. Petersburg,1
59.88224,30.19494,0,0,88,5,SPB,RU,141,0,KAPITAN SOROKIN,3,345312,31,43,28,5138,39,1,2016-12-17T13:59:03.000Z,st_petersburg,2016-12-17T00:00:00.000Z,51,Tug,St. Petersburg,1
59.88224,30.19494,0,0,88,5,SPB,RU,141,0,KAPITAN SOROKIN,3,345312,31,43,28,5138,39,1,2016-12-17T13:59:04.000Z,st_petersburg,2016-12-17T00:00:00.000Z,51,Tug,St. Petersburg,1
59.88227,30.19496,0,0,88,3,SPB,RU,141,0,KAPITAN SOROKIN,3,345312,31,43,28,5138,39,1,2016-12-17T14:01:03.000Z,st_petersburg,2016-12-17T00:00:00.000Z,51,Tug,St. Petersburg,1
59.88227,30.19496,0,0,88,2,SPB,RU,141,0,KAPITAN SOROKIN,3,345312,31,43,28,5138,39,1,2016-12-17T14:01:04.000Z,st_petersburg,2016-12-17T00:00:00.000Z,51,Tug,St. Petersburg,1
59.88227,30.19496,0,0,88,5,SPB,RU,141,0,KAPITAN SOROKIN,3,345312,31,43,28,5138,39,1,2016-12-17T14:03:03.000Z,st_petersburg,2016-12-17T00:00:00.000Z,51,Tug,St. Petersburg,1
59.88227,30.19496,0,0,88,5,SPB,RU,141,0,KAPITAN SOROKIN,3,345312,31,43,28,5138,39,1,2016-12-17T14:03:04.000Z,st_petersburg,2016-12-17T00:00:00.000Z,51,Tug,St. Petersburg,1
59.88227,30.19496,0,0,88,7,SPB,RU,141,0,KAPITAN SOROKIN,3,345312,31,43,28,5138,39,1,2016-12-17T14:05:03.000Z,st_petersburg,2016-12-17T00:00:00.000Z,51,Tug,St. Petersburg,1
59.88227,30.19496,0,0,88,5,SPB,RU,141,0,KAPITAN SOROKIN,3,345312,31,43,28,5138,39,1,2016-12-17T14:05:04.000Z,st_petersburg,2016-12-17T00:00:00.000Z,51,Tug,St. Petersburg,1
59.88227,30.19496,0,0,88,9,SPB,RU,141,0,KAPITAN SOROKIN,3,345312,31,43,28,5138,39,1,2016-12-17T14:07:03.000Z,st_petersburg,2016-12-17T00:00:00.000Z,51,Tug,St. Petersburg,1
59.88227,30.19496,0,0,88,9,SPB,RU,141,0,KAPITAN SOROKIN,3,345312,31,43,28,5138,39,1,2016-12-17T14:07:04.000Z,st_petersburg,2016-12-17T00:00:00.000Z,51,Tug,St. Petersburg,1
59.88227,30.19495,0,0,88,3,SPB,RU,141,0,KAPITAN SOROKIN,3,345312,31,43,28,5138,39,1,2016-12-17T14:09:03.000Z,st_petersburg,2016-12-17T00:00:00.000Z,51,Tug,St. Petersburg,1
59.88227,30.19495,0,0,88,2,SPB,RU,141,0,KAPITAN SOROKIN,3,345312,31,43,28,5138,39,1,2016-12-17T14:09:04.000Z,st_petersburg,2016-12-17T00:00:00.000Z,51,Tug,St. Petersburg,1
59.88227,30.19495,0,0,88,5,SPB,RU,141,0,KAPITAN SOROKIN,3,345312,31,43,28,5138,39,1,2016-12-17T14:11:03.000Z,st_petersburg,2016-12-17T00:00:00.000Z,51,Tug,St. Petersburg,1
59.88227,30.19495,0,0,88,5,SPB,RU,141,0,KAPITAN SOROKIN,3,345312,31,43,28,5138,39,1,2016-12-17T14:11:04.000Z,st_petersburg,2016-12-17T00:00:00.000Z,51,Tug,St. Petersburg,1
59.88227,30.19495,0,0,88,7,SPB,RU,141,0,KAPITAN SOROKIN,3,345312,31,43,28,5138,39,1,2016-12-17T14:13:03.000Z,st_petersburg,2016-12-17T00:00:00.000Z,51,Tug,St. Petersburg,1
59.88227,30.19495,0,0,88,7,SPB,RU,141,0,KAPITAN SOROKIN,3,345312,31,43,28,5138,39,1,2016-12-17T14:13:04.000Z,st_petersburg,2016-12-17T00:00:00.000Z,51,Tug,St. Petersburg,1
59.88227,30.19495,0,0,88,9,SPB,RU,141,0,KAPITAN SOROKIN,3,345312,31,43,28,5138,39,1,2016-12-17T14:15:04.000Z,st_petersburg,2016-12-17T00:00:00.000Z,51,Tug,St. Petersburg,1
59.88227,30.19495,0,0,88,9,SPB,RU,141,0,KAPITAN SOROKIN,3,345312,31,43,28,5138,39,1,2016-12-17T14:15:05.000Z,st_petersburg,2016-12-17T00:00:00.000Z,51,Tug,St. Petersburg,1
59.88225,30.19495,0,0,88,3,SPB,RU,141,0,KAPITAN SOROKIN,3,345312,31,43,28,5138,39,1,2016-12-17T14:17:03.000Z,st_petersburg,2016-12-17T00:00:00.000Z,51,Tug,St. Petersburg,1
59.88225,30.19495,0,0,88,3,SPB,RU,141,0,KAPITAN SOROKIN,3,345312,31,43,28,5138,39,1,2016-12-17T14:17:04.000Z,st_petersburg,2016-12-17T00:00:00.000Z,51,Tug,St. Petersburg,1
59.88226,30.19495,0,0,88,2,SPB,RU,141,0,KAPITAN SOROKIN,3,345312,31,43,28,5138,39,1,2016-12-17T14:19:03.000Z,st_petersburg,2016-12-17T00:00:00.000Z,51,Tug,St. Petersburg,1
59.88226,30.19495,0,0,88,1,SPB,RU,141,0,KAPITAN SOROKIN,3,345312,31,43,28,5138,39,1,2016-12-17T14:19:04.000Z,st_petersburg,2016-12-17T00:00:00.000Z,51,Tug,St. Petersburg,1
59.88226,30.19495,0,0,88,4,SPB,RU,141,0,KAPITAN SOROKIN,3,345312,31,43,28,5138,39,1,2016-12-17T14:21:03.000Z,st_petersburg,2016-12-17T00:00:00.000Z,51,Tug,St. Petersburg,1
59.88226,30.19495,0,0,88,4,SPB,RU,141,0,KAPITAN SOROKIN,3,345312,31,43,28,5138,39,1,2016-12-17T14:21:04.000Z,st_petersburg,2016-12-17T00:00:00.000Z,51,Tug,St. Petersburg,1
59.88228,30.19494,0,0,88,3,SPB,RU,141,0,KAPITAN SOROKIN,3,345312,31,43,28,5138,39,1,2016-12-17T14:23:03.000Z,st_petersburg,2016-12-17T00:00:00.000Z,51,Tug,St. Petersburg,1
59.88228,30.19494,0,0,88,2,SPB,RU,141,0,KAPITAN SOROKIN,3,345312,31,43,28,5138,39,1,2016-12-17T14:23:04.000Z,st_petersburg,2016-12-17T00:00:00.000Z,51,Tug,St. Petersburg,1
59.88228,30.19494,0,0,88,5,SPB,RU,141,0,KAPITAN SOROKIN,3,345312,31,43,28,5138,39,1,2016-12-17T14:25:03.000Z,st_petersburg,2016-12-17T00:00:00.000Z,51,Tug,St. Petersburg,1
59.88228,30.19494,0,0,88,5,SPB,RU,141,0,KAPITAN SOROKIN,3,345312,31,43,28,5138,39,1,2016-12-17T14:25:04.000Z,st_petersburg,2016-12-17T00:00:00.000Z,51,Tug,St. Petersburg,1
59.88226,30.19494,0,0,88,4,SPB,RU,141,0,KAPITAN SOROKIN,3,345312,31,43,28,5138,39,1,2016-12-17T14:27:03.000Z,st_petersburg,2016-12-17T00:00:00.000Z,51,Tug,St. Petersburg,1
59.88226,30.19494,0,0,88,4,SPB,RU,141,0,KAPITAN SOROKIN,3,345312,31,43,28,5138,39,1,2016-12-17T14:27:04.000Z,st_petersburg,2016-12-17T00:00:00.000Z,51,Tug,St. Petersburg,1
59.88226,30.19494,0,0,88,6,SPB,RU,141,0,KAPITAN SOROKIN,3,345312,31,43,28,5138,39,1,2016-12-17T14:29:04.000Z,st_petersburg,2016-12-17T00:00:00.000Z,51,Tug,St. Petersburg,1
59.88226,30.19494,0,0,88,5,SPB,RU,141,0,KAPITAN SOROKIN,3,345312,31,43,28,5138,39,1,2016-12-17T14:29:04.000Z,st_petersburg,2016-12-17T00:00:00.000Z,51,Tug,St. Petersburg,1
59.88226,30.19494,0,0,88,8,SPB,RU,141,0,KAPITAN SOROKIN,3,345312,31,43,28,5138,39,1,2016-12-17T14:31:03.000Z,st_petersburg,2016-12-17T00:00:00.000Z,51,Tug,St. Petersburg,1
59.88226,30.19494,0,0,88,7,SPB,RU,141,0,KAPITAN SOROKIN,3,345312,31,43,28,5138,39,1,2016-12-17T14:31:04.000Z,st_petersburg,2016-12-17T00:00:00.000Z,51,Tug,St. Petersburg,1
59.88226,30.19493,0,0,88,2,SPB,RU,141,0,KAPITAN SOROKIN,3,345312,31,43,28,5138,39,1,2016-12-17T14:33:03.000Z,st_petersburg,2016-12-17T00:00:00.000Z,51,Tug,St. Petersburg,1
59.88226,30.19494,0,0,88,9,SPB,RU,141,0,KAPITAN SOROKIN,3,345312,31,43,28,5138,39,1,2016-12-17T14:33:04.000Z,st_petersburg,2016-12-17T00:00:00.000Z,51,Tug,St. Petersburg,1
59.88226,30.19493,0,0,88,4,SPB,RU,141,0,KAPITAN SOROKIN,3,345312,31,43,28,5138,39,1,2016-12-17T14:35:03.000Z,st_petersburg,2016-12-17T00:00:00.000Z,51,Tug,St. Petersburg,1
59.88226,30.19493,0,0,88,3,SPB,RU,141,0,KAPITAN SOROKIN,3,345312,31,43,28,5138,39,1,2016-12-17T14:35:04.000Z,st_petersburg,2016-12-17T00:00:00.000Z,51,Tug,St. Petersburg,1
59.88227,30.19495,0,0,88,3,SPB,RU,141,0,KAPITAN SOROKIN,3,345312,31,43,28,5138,39,1,2016-12-17T14:37:03.000Z,st_petersburg,2016-12-17T00:00:00.000Z,51,Tug,St. Petersburg,1
59.88227,30.19495,0,0,88,3,SPB,RU,141,0,KAPITAN SOROKIN,3,345312,31,43,28,5138,39,1,2016-12-17T14:37:04.000Z,st_petersburg,2016-12-17T00:00:00.000Z,51,Tug,St. Petersburg,1
59.88225,30.19494,0,0,88,2,SPB,RU,141,0,KAPITAN SOROKIN,3,345312,31,43,28,5138,39,1,2016-12-17T14:39:03.000Z,st_petersburg,2016-12-17T00:00:00.000Z,51,Tug,St. Petersburg,1
59.88227,30.19495,0,0,88,4,SPB,RU,141,0,KAPITAN SOROKIN,3,345312,31,43,28,5138,39,1,2016-12-17T14:39:04.000Z,st_petersburg,2016-12-17T00:00:00.000Z,51,Tug,St. Petersburg,1
59.88225,30.19494,0,0,88,4,SPB,RU,141,0,KAPITAN SOROKIN,3,345312,31,43,28,5138,39,1,2016-12-17T14:41:03.000Z,st_petersburg,2016-12-17T00:00:00.000Z,51,Tug,St. Petersburg,1
59.88225,30.19494,0,0,88,4,SPB,RU,141,0,KAPITAN SOROKIN,3,345312,31,43,28,5138,39,1,2016-12-17T14:41:04.000Z,st_petersburg,2016-12-17T00:00:00.000Z,51,Tug,St. Petersburg,1
59.88228,30.19497,0,0,88,3,SPB,RU,141,0,KAPITAN SOROKIN,3,345312,31,43,28,5138,39,1,2016-12-17T14:43:03.000Z,st_petersburg,2016-12-17T00:00:00.000Z,51,Tug,St. Petersburg,1
59.88228,30.19497,0,0,88,2,SPB,RU,141,0,KAPITAN SOROKIN,3,345312,31,43,28,5138,39,1,2016-12-17T14:43:04.000Z,st_petersburg,2016-12-17T00:00:00.000Z,51,Tug,St. Petersburg,1
59.88225,30.19495,0,0,88,2,SPB,RU,141,0,KAPITAN SOROKIN,3,345312,31,43,28,5138,39,1,2016-12-17T14:45:04.000Z,st_petersburg,2016-12-17T00:00:00.000Z,51,Tug,St. Petersburg,1
59.88225,30.19495,0,0,88,2,SPB,RU,141,0,KAPITAN SOROKIN,3,345312,31,43,28,5138,39,1,2016-12-17T14:45:05.000Z,st_petersburg,2016-12-17T00:00:00.000Z,51,Tug,St. Petersburg,1
59.88225,30.19495,0,0,88,4,SPB,RU,141,0,KAPITAN SOROKIN,3,345312,31,43,28,5138,39,1,2016-12-17T14:47:05.000Z,st_petersburg,2016-12-17T00:00:00.000Z,51,Tug,St. Petersburg,1
59.88225,30.19495,0,0,88,3,SPB,RU,141,0,KAPITAN SOROKIN,3,345312,31,43,28,5138,39,1,2016-12-17T14:47:05.000Z,st_petersburg,2016-12-17T00:00:00.000Z,51,Tug,St. Petersburg,1
59.88228,30.19494,0,0,88,3,SPB,RU,141,0,KAPITAN SOROKIN,3,345312,31,43,28,5138,39,1,2016-12-17T14:49:03.000Z,st_petersburg,2016-12-17T00:00:00.000Z,51,Tug,St. Petersburg,1
59.88228,30.19494,0,0,88,2,SPB,RU,141,0,KAPITAN SOROKIN,3,345312,31,43,28,5138,39,1,2016-12-17T14:49:03.000Z,st_petersburg,2016-12-17T00:00:00.000Z,51,Tug,St. Petersburg,1
59.88228,30.19494,0,0,88,5,SPB,RU,141,0,KAPITAN SOROKIN,3,345312,31,43,28,5138,39,1,2016-12-17T14:51:04.000Z,st_petersburg,2016-12-17T00:00:00.000Z,51,Tug,St. Petersburg,1
59.88228,30.19494,0,0,88,5,SPB,RU,141,0,KAPITAN SOROKIN,3,345312,31,43,28,5138,39,1,2016-12-17T14:51:04.000Z,st_petersburg,2016-12-17T00:00:00.000Z,51,Tug,St. Petersburg,1
59.88228,30.19494,0,0,88,7,SPB,RU,141,0,KAPITAN SOROKIN,3,345312,31,43,28,5138,39,1,2016-12-17T14:53:03.000Z,st_petersburg,2016-12-17T00:00:00.000Z,51,Tug,St. Petersburg,1
59.88228,30.19494,0,0,88,7,SPB,RU,141,0,KAPITAN SOROKIN,3,345312,31,43,28,5138,39,1,2016-12-17T14:53:04.000Z,st_petersburg,2016-12-17T00:00:00.000Z,51,Tug,St. Petersburg,1
59.88228,30.19494,0,0,88,9,SPB,RU,141,0,KAPITAN SOROKIN,3,345312,31,43,28,5138,39,1,2016-12-17T14:55:04.000Z,st_petersburg,2016-12-17T00:00:00.000Z,51,Tug,St. Petersburg,1
59.88228,30.19494,0,0,88,7,SPB,RU,141,0,KAPITAN SOROKIN,3,345312,31,43,28,5138,39,1,2016-12-17T14:55:04.000Z,st_petersburg,2016-12-17T00:00:00.000Z,51,Tug,St. Petersburg,1
59.88227,30.19494,0,0,88,3,SPB,RU,141,0,KAPITAN SOROKIN,3,345312,31,43,28,5138,39,1,2016-12-17T14:57:03.000Z,st_petersburg,2016-12-17T00:00:00.000Z,51,Tug,St. Petersburg,1
59.88227,30.19494,0,0,88,3,SPB,RU,141,0,KAPITAN SOROKIN,3,345312,31,43,28,5138,39,1,2016-12-17T14:57:04.000Z,st_petersburg,2016-12-17T00:00:00.000Z,51,Tug,St. Petersburg,1
59.88227,30.19494,0,0,88,5,SPB,RU,141,0,KAPITAN SOROKIN,3,345312,31,43,28,5138,39,1,2016-12-17T14:59:03.000Z,st_petersburg,2016-12-17T00:00:00.000Z,51,Tug,St. Petersburg,1
59.88227,30.19494,0,0,88,5,SPB,RU,141,0,KAPITAN SOROKIN,3,345312,31,43,28,5138,39,1,2016-12-17T14:59:04.000Z,st_petersburg,2016-12-17T00:00:00.000Z,51,Tug,St. Petersburg,1
59.88227,30.19494,0,0,88,7,SPB,RU,141,0,KAPITAN SOROKIN,3,345312,31,43,28,5138,39,1,2016-12-17T15:01:03.000Z,st_petersburg,2016-12-17T00:00:00.000Z,51,Tug,St. Petersburg,1
59.88227,30.19494,0,0,88,7,SPB,RU,141,0,KAPITAN SOROKIN,3,345312,31,43,28,5138,39,1,2016-12-17T15:01:04.000Z,st_petersburg,2016-12-17T00:00:00.000Z,51,Tug,St. Petersburg,1
59.88227,30.19494,0,0,88,9,SPB,RU,141,0,KAPITAN SOROKIN,3,345312,31,43,28,5138,39,1,2016-12-17T15:03:04.000Z,st_petersburg,2016-12-17T00:00:00.000Z,51,Tug,St. Petersburg,1
59.88227,30.19494,0,0,88,9,SPB,RU,141,0,KAPITAN SOROKIN,3,345312,31,43,28,5138,39,1,2016-12-17T15:03:05.000Z,st_petersburg,2016-12-17T00:00:00.000Z,51,Tug,St. Petersburg,1
59.88226,30.19497,0,0,88,3,SPB,RU,141,0,KAPITAN SOROKIN,3,345312,31,43,28,5138,39,1,2016-12-17T15:05:03.000Z,st_petersburg,2016-12-17T00:00:00.000Z,51,Tug,St. Petersburg,1
59.88226,30.19497,0,0,88,3,SPB,RU,141,0,KAPITAN SOROKIN,3,345312,31,43,28,5138,39,1,2016-12-17T15:05:04.000Z,st_petersburg,2016-12-17T00:00:00.000Z,51,Tug,St. Petersburg,1
59.88226,30.19497,0,0,88,5,SPB,RU,141,0,KAPITAN SOROKIN,3,345312,31,43,28,5138,39,1,2016-12-17T15:07:03.000Z,st_petersburg,2016-12-17T00:00:00.000Z,51,Tug,St. Petersburg,1
59.88226,30.19497,0,0,88,5,SPB,RU,141,0,KAPITAN SOROKIN,3,345312,31,43,28,5138,39,1,2016-12-17T15:07:04.000Z,st_petersburg,2016-12-17T00:00:00.000Z,51,Tug,St. Petersburg,1
59.88226,30.19497,0,0,88,7,SPB,RU,141,0,KAPITAN SOROKIN,3,345312,31,43,28,5138,39,1,2016-12-17T15:09:03.000Z,st_petersburg,2016-12-17T00:00:00.000Z,51,Tug,St. Petersburg,1
59.88226,30.19497,0,0,88,5,SPB,RU,141,0,KAPITAN SOROKIN,3,345312,31,43,28,5138,39,1,2016-12-17T15:09:04.000Z,st_petersburg,2016-12-17T00:00:00.000Z,51,Tug,St. Petersburg,1
59.88226,30.19497,0,0,88,9,SPB,RU,141,0,KAPITAN SOROKIN,3,345312,31,43,28,5138,39,1,2016-12-17T15:11:04.000Z,st_petersburg,2016-12-17T00:00:00.000Z,51,Tug,St. Petersburg,1
59.88226,30.19497,0,0,88,8,SPB,RU,141,0,KAPITAN SOROKIN,3,345312,31,43,28,5138,39,1,2016-12-17T15:11:05.000Z,st_petersburg,2016-12-17T00:00:00.000Z,51,Tug,St. Petersburg,1
59.88225,30.19494,0,0,88,3,SPB,RU,141,0,KAPITAN SOROKIN,3,345312,31,43,28,5138,39,1,2016-12-17T15:13:03.000Z,st_petersburg,2016-12-17T00:00:00.000Z,51,Tug,St. Petersburg,1
59.88225,30.19494,0,0,88,2,SPB,RU,141,0,KAPITAN SOROKIN,3,345312,31,43,28,5138,39,1,2016-12-17T15:13:04.000Z,st_petersburg,2016-12-17T00:00:00.000Z,51,Tug,St. Petersburg,1
59.88225,30.19494,0,0,88,5,SPB,RU,141,0,KAPITAN SOROKIN,3,345312,31,43,28,5138,39,1,2016-12-17T15:15:03.000Z,st_petersburg,2016-12-17T00:00:00.000Z,51,Tug,St. Petersburg,1
59.88225,30.19494,0,0,88,3,SPB,RU,141,0,KAPITAN SOROKIN,3,345312,31,43,28,5138,39,1,2016-12-17T15:15:04.000Z,st_petersburg,2016-12-17T00:00:00.000Z,51,Tug,St. Petersburg,1
59.88225,30.19494,0,0,88,7,SPB,RU,141,0,KAPITAN SOROKIN,3,345312,31,43,28,5138,39,1,2016-12-17T15:17:04.000Z,st_petersburg,2016-12-17T00:00:00.000Z,51,Tug,St. Petersburg,1
59.88225,30.19494,0,0,88,7,SPB,RU,141,0,KAPITAN SOROKIN,3,345312,31,43,28,5138,39,1,2016-12-17T15:17:05.000Z,st_petersburg,2016-12-17T00:00:00.000Z,51,Tug,St. Petersburg,1
59.88226,30.19494,0,0,88,2,SPB,RU,141,0,KAPITAN SOROKIN,3,345312,31,43,28,5138,39,1,2016-12-17T15:19:03.000Z,st_petersburg,2016-12-17T00:00:00.000Z,51,Tug,St. Petersburg,1
59.88226,30.19494,0,0,88,2,SPB,RU,141,0,KAPITAN SOROKIN,3,345312,31,43,28,5138,39,1,2016-12-17T15:19:04.000Z,st_petersburg,2016-12-17T00:00:00.000Z,51,Tug,St. Petersburg,1
59.88226,30.19494,0,0,88,4,SPB,RU,141,0,KAPITAN SOROKIN,3,345312,31,43,28,5138,39,1,2016-12-17T15:21:03.000Z,st_petersburg,2016-12-17T00:00:00.000Z,51,Tug,St. Petersburg,1
59.88226,30.19494,0,0,88,2,SPB,RU,141,0,KAPITAN SOROKIN,3,345312,31,43,28,5138,39,1,2016-12-17T15:21:04.000Z,st_petersburg,2016-12-17T00:00:00.000Z,51,Tug,St. Petersburg,1
59.88228,30.19494,0,0,88,3,SPB,RU,141,0,KAPITAN SOROKIN,3,345312,31,43,28,5138,39,1,2016-12-17T15:23:03.000Z,st_petersburg,2016-12-17T00:00:00.000Z,51,Tug,St. Petersburg,1
59.88228,30.19494,0,0,88,3,SPB,RU,141,0,KAPITAN SOROKIN,3,345312,31,43,28,5138,39,1,2016-12-17T15:23:04.000Z,st_petersburg,2016-12-17T00:00:00.000Z,51,Tug,St. Petersburg,1
59.88226,30.19499,0,0,88,2,SPB,RU,141,0,KAPITAN SOROKIN,3,345312,31,43,28,5138,39,1,2016-12-17T15:25:04.000Z,st_petersburg,2016-12-17T00:00:00.000Z,51,Tug,St. Petersburg,1
59.88226,30.19499,0,0,88,2,SPB,RU,141,0,KAPITAN SOROKIN,3,345312,31,43,28,5138,39,1,2016-12-17T15:25:04.000Z,st_petersburg,2016-12-17T00:00:00.000Z,51,Tug,St. Petersburg,1
59.88226,30.19499,0,0,88,4,SPB,RU,141,0,KAPITAN SOROKIN,3,345312,31,43,28,5138,39,1,2016-12-17T15:27:03.000Z,st_petersburg,2016-12-17T00:00:00.000Z,51,Tug,St. Petersburg,1
59.88226,30.19499,0,0,88,4,SPB,RU,141,0,KAPITAN SOROKIN,3,345312,31,43,28,5138,39,1,2016-12-17T15:27:04.000Z,st_petersburg,2016-12-17T00:00:00.000Z,51,Tug,St. Petersburg,1
59.88223,30.19495,0,0,88,3,SPB,RU,141,0,KAPITAN SOROKIN,3,345312,31,43,28,5138,39,1,2016-12-17T15:29:03.000Z,st_petersburg,2016-12-17T00:00:00.000Z,51,Tug,St. Petersburg,1
59.88223,30.19495,0,0,88,3,SPB,RU,141,0,KAPITAN SOROKIN,3,345312,31,43,28,5138,39,1,2016-12-17T15:29:04.000Z,st_petersburg,2016-12-17T00:00:00.000Z,51,Tug,St. Petersburg,1
59.88223,30.19495,0,0,88,5,SPB,RU,141,0,KAPITAN SOROKIN,3,345312,31,43,28,5138,39,1,2016-12-17T15:31:03.000Z,st_petersburg,2016-12-17T00:00:00.000Z,51,Tug,St. Petersburg,1
59.88223,30.19495,0,0,88,3,SPB,RU,141,0,KAPITAN SOROKIN,3,345312,31,43,28,5138,39,1,2016-12-17T15:31:04.000Z,st_petersburg,2016-12-17T00:00:00.000Z,51,Tug,St. Petersburg,1
59.88223,30.19495,0,0,88,7,SPB,RU,141,0,KAPITAN SOROKIN,3,345312,31,43,28,5138,39,1,2016-12-17T15:33:03.000Z,st_petersburg,2016-12-17T00:00:00.000Z,51,Tug,St. Petersburg,1
59.88223,30.19495,0,0,88,7,SPB,RU,141,0,KAPITAN SOROKIN,3,345312,31,43,28,5138,39,1,2016-12-17T15:33:04.000Z,st_petersburg,2016-12-17T00:00:00.000Z,51,Tug,St. Petersburg,1
59.88223,30.19495,0,0,88,9,SPB,RU,141,0,KAPITAN SOROKIN,3,345312,31,43,28,5138,39,1,2016-12-17T15:35:03.000Z,st_petersburg,2016-12-17T00:00:00.000Z,51,Tug,St. Petersburg,1
59.88223,30.19495,0,0,88,8,SPB,RU,141,0,KAPITAN SOROKIN,3,345312,31,43,28,5138,39,1,2016-12-17T15:35:04.000Z,st_petersburg,2016-12-17T00:00:00.000Z,51,Tug,St. Petersburg,1
59.88227,30.19495,0,0,88,3,SPB,RU,141,0,KAPITAN SOROKIN,3,345312,31,43,28,5138,39,1,2016-12-17T15:37:03.000Z,st_petersburg,2016-12-17T00:00:00.000Z,51,Tug,St. Petersburg,1
59.88227,30.19495,0,0,88,3,SPB,RU,141,0,KAPITAN SOROKIN,3,345312,31,43,28,5138,39,1,2016-12-17T15:37:04.000Z,st_petersburg,2016-12-17T00:00:00.000Z,51,Tug,St. Petersburg,1
59.88222,30.19493,0,0,88,2,SPB,RU,141,0,KAPITAN SOROKIN,3,345312,31,43,28,5138,39,1,2016-12-17T15:39:03.000Z,st_petersburg,2016-12-17T00:00:00.000Z,51,Tug,St. Petersburg,1
59.88227,30.19495,0,0,88,4,SPB,RU,141,0,KAPITAN SOROKIN,3,345312,31,43,28,5138,39,1,2016-12-17T15:39:04.000Z,st_petersburg,2016-12-17T00:00:00.000Z,51,Tug,St. Petersburg,1
59.88222,30.19493,0,0,88,4,SPB,RU,141,0,KAPITAN SOROKIN,3,345312,31,43,28,5138,39,1,2016-12-17T15:41:04.000Z,st_petersburg,2016-12-17T00:00:00.000Z,51,Tug,St. Petersburg,1
59.88222,30.19493,0,0,88,4,SPB,RU,141,0,KAPITAN SOROKIN,3,345312,31,43,28,5138,39,1,2016-12-17T15:41:04.000Z,st_petersburg,2016-12-17T00:00:00.000Z,51,Tug,St. Petersburg,1
59.88224,30.19495,0,0,88,2,SPB,RU,141,0,KAPITAN SOROKIN,3,345312,31,43,28,5138,39,1,2016-12-17T15:43:03.000Z,st_petersburg,2016-12-17T00:00:00.000Z,51,Tug,St. Petersburg,1
59.88224,30.19495,0,0,88,2,SPB,RU,141,0,KAPITAN SOROKIN,3,345312,31,43,28,5138,39,1,2016-12-17T15:43:04.000Z,st_petersburg,2016-12-17T00:00:00.000Z,51,Tug,St. Petersburg,1
59.88224,30.19495,0,0,88,4,SPB,RU,141,0,KAPITAN SOROKIN,3,345312,31,43,28,5138,39,1,2016-12-17T15:45:03.000Z,st_petersburg,2016-12-17T00:00:00.000Z,51,Tug,St. Petersburg,1
59.88224,30.19495,0,0,88,4,SPB,RU,141,0,KAPITAN SOROKIN,3,345312,31,43,28,5138,39,1,2016-12-17T15:45:04.000Z,st_petersburg,2016-12-17T00:00:00.000Z,51,Tug,St. Petersburg,1
59.88224,30.19495,0,0,88,6,SPB,RU,141,0,KAPITAN SOROKIN,3,345312,31,43,28,5138,39,1,2016-12-17T15:47:03.000Z,st_petersburg,2016-12-17T00:00:00.000Z,51,Tug,St. Petersburg,1
59.88224,30.19495,0,0,88,6,SPB,RU,141,0,KAPITAN SOROKIN,3,345312,31,43,28,5138,39,1,2016-12-17T15:47:04.000Z,st_petersburg,2016-12-17T00:00:00.000Z,51,Tug,St. Petersburg,1
59.88224,30.19495,0,0,88,8,SPB,RU,141,0,KAPITAN SOROKIN,3,345312,31,43,28,5138,39,1,2016-12-17T15:49:03.000Z,st_petersburg,2016-12-17T00:00:00.000Z,51,Tug,St. Petersburg,1
59.88224,30.19495,0,0,88,8,SPB,RU,141,0,KAPITAN SOROKIN,3,345312,31,43,28,5138,39,1,2016-12-17T15:49:04.000Z,st_petersburg,2016-12-17T00:00:00.000Z,51,Tug,St. Petersburg,1
59.88228,30.19493,0,0,88,2,SPB,RU,141,0,KAPITAN SOROKIN,3,345312,31,43,28,5138,39,1,2016-12-17T15:51:03.000Z,st_petersburg,2016-12-17T00:00:00.000Z,51,Tug,St. Petersburg,1
59.88228,30.19493,0,0,88,2,SPB,RU,141,0,KAPITAN SOROKIN,3,345312,31,43,28,5138,39,1,2016-12-17T15:51:04.000Z,st_petersburg,2016-12-17T00:00:00.000Z,51,Tug,St. Petersburg,1
59.88228,30.19493,0,0,88,4,SPB,RU,141,0,KAPITAN SOROKIN,3,345312,31,43,28,5138,39,1,2016-12-17T15:53:04.000Z,st_petersburg,2016-12-17T00:00:00.000Z,51,Tug,St. Petersburg,1
59.88228,30.19493,0,0,88,4,SPB,RU,141,0,KAPITAN SOROKIN,3,345312,31,43,28,5138,39,1,2016-12-17T15:53:05.000Z,st_petersburg,2016-12-17T00:00:00.000Z,51,Tug,St. Petersburg,1
59.88228,30.19493,0,0,88,4,SPB,RU,141,0,KAPITAN SOROKIN,3,345312,31,43,28,5138,39,1,2016-12-17T15:55:04.000Z,st_petersburg,2016-12-17T00:00:00.000Z,51,Tug,St. Petersburg,1
59.88224,30.19494,0,0,88,3,SPB,RU,141,0,KAPITAN SOROKIN,3,345312,31,43,28,5138,39,1,2016-12-17T15:55:04.000Z,st_petersburg,2016-12-17T00:00:00.000Z,51,Tug,St. Petersburg,1
59.88226,30.19494,0,0,88,2,SPB,RU,141,0,KAPITAN SOROKIN,3,345312,31,43,28,5138,39,1,2016-12-17T15:57:03.000Z,st_petersburg,2016-12-17T00:00:00.000Z,51,Tug,St. Petersburg,1
59.88226,30.19494,0,0,88,2,SPB,RU,141,0,KAPITAN SOROKIN,3,345312,31,43,28,5138,39,1,2016-12-17T15:57:04.000Z,st_petersburg,2016-12-17T00:00:00.000Z,51,Tug,St. Petersburg,1
59.88226,30.19494,0,0,88,4,SPB,RU,141,0,KAPITAN SOROKIN,3,345312,31,43,28,5138,39,1,2016-12-17T15:59:03.000Z,st_petersburg,2016-12-17T00:00:00.000Z,51,Tug,St. Petersburg,1
59.88226,30.19494,0,0,88,4,SPB,RU,141,0,KAPITAN SOROKIN,3,345312,31,43,28,5138,39,1,2016-12-17T15:59:04.000Z,st_petersburg,2016-12-17T00:00:00.000Z,51,Tug,St. Petersburg,1
59.88225,30.19492,0,0,88,3,SPB,RU,141,0,KAPITAN SOROKIN,3,345312,31,43,28,5138,39,1,2016-12-17T16:01:03.000Z,st_petersburg,2016-12-17T00:00:00.000Z,51,Tug,St. Petersburg,1
59.88225,30.19492,0,0,88,3,SPB,RU,141,0,KAPITAN SOROKIN,3,345312,31,43,28,5138,39,1,2016-12-17T16:01:04.000Z,st_petersburg,2016-12-17T00:00:00.000Z,51,Tug,St. Petersburg,1
59.88225,30.19492,0,0,88,5,SPB,RU,141,0,KAPITAN SOROKIN,3,345312,31,43,28,5138,39,1,2016-12-17T16:03:04.000Z,st_petersburg,2016-12-17T00:00:00.000Z,51,Tug,St. Petersburg,1
59.88225,30.19492,0,0,88,4,SPB,RU,141,0,KAPITAN SOROKIN,3,345312,31,43,28,5138,39,1,2016-12-17T16:03:04.000Z,st_petersburg,2016-12-17T00:00:00.000Z,51,Tug,St. Petersburg,1
59.88225,30.19492,0,0,88,7,SPB,RU,141,0,KAPITAN SOROKIN,3,345312,31,43,28,5138,39,1,2016-12-17T16:05:03.000Z,st_petersburg,2016-12-17T00:00:00.000Z,51,Tug,St. Petersburg,1
59.88225,30.19492,0,0,88,7,SPB,RU,141,0,KAPITAN SOROKIN,3,345312,31,43,28,5138,39,1,2016-12-17T16:05:04.000Z,st_petersburg,2016-12-17T00:00:00.000Z,51,Tug,St. Petersburg,1
59.88225,30.19492,0,0,88,9,SPB,RU,141,0,KAPITAN SOROKIN,3,345312,31,43,28,5138,39,1,2016-12-17T16:07:03.000Z,st_petersburg,2016-12-17T00:00:00.000Z,51,Tug,St. Petersburg,1
59.88225,30.19492,0,0,88,9,SPB,RU,141,0,KAPITAN SOROKIN,3,345312,31,43,28,5138,39,1,2016-12-17T16:07:04.000Z,st_petersburg,2016-12-17T00:00:00.000Z,51,Tug,St. Petersburg,1
59.88227,30.19497,0,0,88,3,SPB,RU,141,0,KAPITAN SOROKIN,3,345312,31,43,28,5138,39,1,2016-12-17T16:09:03.000Z,st_petersburg,2016-12-17T00:00:00.000Z,51,Tug,St. Petersburg,1
59.88227,30.19497,0,0,88,2,SPB,RU,141,0,KAPITAN SOROKIN,3,345312,31,43,28,5138,39,1,2016-12-17T16:09:04.000Z,st_petersburg,2016-12-17T00:00:00.000Z,51,Tug,St. Petersburg,1
59.88227,30.19497,0,0,88,5,SPB,RU,141,0,KAPITAN SOROKIN,3,345312,31,43,28,5138,39,1,2016-12-17T16:11:03.000Z,st_petersburg,2016-12-17T00:00:00.000Z,51,Tug,St. Petersburg,1
59.88227,30.19497,0,0,88,5,SPB,RU,141,0,KAPITAN SOROKIN,3,345312,31,43,28,5138,39,1,2016-12-17T16:11:04.000Z,st_petersburg,2016-12-17T00:00:00.000Z,51,Tug,St. Petersburg,1
59.88227,30.19497,0,0,88,7,SPB,RU,141,0,KAPITAN SOROKIN,3,345312,31,43,28,5138,39,1,2016-12-17T16:13:04.000Z,st_petersburg,2016-12-17T00:00:00.000Z,51,Tug,St. Petersburg,1
59.88227,30.19497,0,0,88,7,SPB,RU,141,0,KAPITAN SOROKIN,3,345312,31,43,28,5138,39,1,2016-12-17T16:13:05.000Z,st_petersburg,2016-12-17T00:00:00.000Z,51,Tug,St. Petersburg,1
59.88227,30.19497,0,0,88,9,SPB,RU,141,0,KAPITAN SOROKIN,3,345312,31,43,28,5138,39,1,2016-12-17T16:15:04.000Z,st_petersburg,2016-12-17T00:00:00.000Z,51,Tug,St. Petersburg,1
59.88227,30.19497,0,0,88,9,SPB,RU,141,0,KAPITAN SOROKIN,3,345312,31,43,28,5138,39,1,2016-12-17T16:15:05.000Z,st_petersburg,2016-12-17T00:00:00.000Z,51,Tug,St. Petersburg,1
59.88227,30.19497,0,0,88,9,SPB,RU,141,0,KAPITAN SOROKIN,3,345312,31,43,28,5138,39,1,2016-12-17T16:17:03.000Z,st_petersburg,2016-12-17T00:00:00.000Z,51,Tug,St. Petersburg,1
59.88224,30.19497,0,0,88,3,SPB,RU,141,0,KAPITAN SOROKIN,3,345312,31,43,28,5138,39,1,2016-12-17T16:17:04.000Z,st_petersburg,2016-12-17T00:00:00.000Z,51,Tug,St. Petersburg,1
59.88226,30.19495,0,0,88,2,SPB,RU,141,0,KAPITAN SOROKIN,3,345312,31,43,28,5138,39,1,2016-12-17T16:19:03.000Z,st_petersburg,2016-12-17T00:00:00.000Z,51,Tug,St. Petersburg,1
59.88224,30.19497,0,0,88,4,SPB,RU,141,0,KAPITAN SOROKIN,3,345312,31,43,28,5138,39,1,2016-12-17T16:19:04.000Z,st_petersburg,2016-12-17T00:00:00.000Z,51,Tug,St. Petersburg,1
59.88226,30.19495,0,0,88,4,SPB,RU,141,0,KAPITAN SOROKIN,3,345312,31,43,28,5138,39,1,2016-12-17T16:21:03.000Z,st_petersburg,2016-12-17T00:00:00.000Z,51,Tug,St. Petersburg,1
59.88226,30.19495,0,0,88,4,SPB,RU,141,0,KAPITAN SOROKIN,3,345312,31,43,28,5138,39,1,2016-12-17T16:21:04.000Z,st_petersburg,2016-12-17T00:00:00.000Z,51,Tug,St. Petersburg,1
59.88228,30.19495,0,0,88,3,SPB,RU,141,0,KAPITAN SOROKIN,3,345312,31,43,28,5138,39,1,2016-12-17T16:23:03.000Z,st_petersburg,2016-12-17T00:00:00.000Z,51,Tug,St. Petersburg,1
59.88228,30.19495,0,0,88,3,SPB,RU,141,0,KAPITAN SOROKIN,3,345312,31,43,28,5138,39,1,2016-12-17T16:23:04.000Z,st_petersburg,2016-12-17T00:00:00.000Z,51,Tug,St. Petersburg,1
59.88227,30.19498,0,0,88,2,SPB,RU,141,0,KAPITAN SOROKIN,3,345312,31,43,28,5138,39,1,2016-12-17T16:25:04.000Z,st_petersburg,2016-12-17T00:00:00.000Z,51,Tug,St. Petersburg,1
59.88227,30.19498,0,0,88,2,SPB,RU,141,0,KAPITAN SOROKIN,3,345312,31,43,28,5138,39,1,2016-12-17T16:25:05.000Z,st_petersburg,2016-12-17T00:00:00.000Z,51,Tug,St. Petersburg,1
59.88227,30.19498,0,0,88,4,SPB,RU,141,0,KAPITAN SOROKIN,3,345312,31,43,28,5138,39,1,2016-12-17T16:27:04.000Z,st_petersburg,2016-12-17T00:00:00.000Z,51,Tug,St. Petersburg,1
59.88227,30.19498,0,0,88,4,SPB,RU,141,0,KAPITAN SOROKIN,3,345312,31,43,28,5138,39,1,2016-12-17T16:27:04.000Z,st_petersburg,2016-12-17T00:00:00.000Z,51,Tug,St. Petersburg,1
59.88225,30.19497,0,0,88,3,SPB,RU,141,0,KAPITAN SOROKIN,3,345312,31,43,28,5138,39,1,2016-12-17T16:29:05.000Z,st_petersburg,2016-12-17T00:00:00.000Z,51,Tug,St. Petersburg,1
59.88225,30.19497,0,0,88,3,SPB,RU,141,0,KAPITAN SOROKIN,3,345312,31,43,28,5138,39,1,2016-12-17T16:29:06.000Z,st_petersburg,2016-12-17T00:00:00.000Z,51,Tug,St. Petersburg,1
59.88227,30.19497,0,0,88,2,SPB,RU,141,0,KAPITAN SOROKIN,3,345312,31,43,28,5138,39,1,2016-12-17T16:31:04.000Z,st_petersburg,2016-12-17T00:00:00.000Z,51,Tug,St. Petersburg,1
59.88225,30.19497,0,0,88,3,SPB,RU,141,0,KAPITAN SOROKIN,3,345312,31,43,28,5138,39,1,2016-12-17T16:31:05.000Z,st_petersburg,2016-12-17T00:00:00.000Z,51,Tug,St. Petersburg,1
59.88227,30.19497,0,0,88,4,SPB,RU,141,0,KAPITAN SOROKIN,3,345312,31,43,28,5138,39,1,2016-12-17T16:33:03.000Z,st_petersburg,2016-12-17T00:00:00.000Z,51,Tug,St. Petersburg,1
59.88227,30.19497,0,0,88,2,SPB,RU,141,0,KAPITAN SOROKIN,3,345312,31,43,28,5138,39,1,2016-12-17T16:33:04.000Z,st_petersburg,2016-12-17T00:00:00.000Z,51,Tug,St. Petersburg,1
59.88227,30.19497,0,0,88,6,SPB,RU,141,0,KAPITAN SOROKIN,3,345312,31,43,28,5138,39,1,2016-12-17T16:35:03.000Z,st_petersburg,2016-12-17T00:00:00.000Z,51,Tug,St. Petersburg,1
59.88227,30.19497,0,0,88,4,SPB,RU,141,0,KAPITAN SOROKIN,3,345312,31,43,28,5138,39,1,2016-12-17T16:35:03.000Z,st_petersburg,2016-12-17T00:00:00.000Z,51,Tug,St. Petersburg,1
59.88227,30.19497,0,0,88,8,SPB,RU,141,0,KAPITAN SOROKIN,3,345312,31,43,28,5138,39,1,2016-12-17T16:37:03.000Z,st_petersburg,2016-12-17T00:00:00.000Z,51,Tug,St. Petersburg,1
59.88227,30.19497,0,0,88,8,SPB,RU,141,0,KAPITAN SOROKIN,3,345312,31,43,28,5138,39,1,2016-12-17T16:37:04.000Z,st_petersburg,2016-12-17T00:00:00.000Z,51,Tug,St. Petersburg,1
59.88227,30.19493,0,0,88,2,SPB,RU,141,0,KAPITAN SOROKIN,3,345312,31,43,28,5138,39,1,2016-12-17T16:39:03.000Z,st_petersburg,2016-12-17T00:00:00.000Z,51,Tug,St. Petersburg,1
59.88227,30.19493,0,0,88,2,SPB,RU,141,0,KAPITAN SOROKIN,3,345312,31,43,28,5138,39,1,2016-12-17T16:39:04.000Z,st_petersburg,2016-12-17T00:00:00.000Z,51,Tug,St. Petersburg,1
59.88227,30.19493,0,0,88,4,SPB,RU,141,0,KAPITAN SOROKIN,3,345312,31,43,28,5138,39,1,2016-12-17T16:41:03.000Z,st_petersburg,2016-12-17T00:00:00.000Z,51,Tug,St. Petersburg,1
59.88227,30.19493,0,0,88,4,SPB,RU,141,0,KAPITAN SOROKIN,3,345312,31,43,28,5138,39,1,2016-12-17T16:41:04.000Z,st_petersburg,2016-12-17T00:00:00.000Z,51,Tug,St. Petersburg,1
59.88226,30.19492,0,0,88,3,SPB,RU,141,0,KAPITAN SOROKIN,3,345312,31,43,28,5138,39,1,2016-12-17T16:43:04.000Z,st_petersburg,2016-12-17T00:00:00.000Z,51,Tug,St. Petersburg,1
59.88226,30.19492,0,0,88,3,SPB,RU,141,0,KAPITAN SOROKIN,3,345312,31,43,28,5138,39,1,2016-12-17T16:43:05.000Z,st_petersburg,2016-12-17T00:00:00.000Z,51,Tug,St. Petersburg,1
59.88227,30.19494,0,0,88,2,SPB,RU,141,0,KAPITAN SOROKIN,3,345312,31,43,28,5138,39,1,2016-12-17T16:45:04.000Z,st_petersburg,2016-12-17T00:00:00.000Z,51,Tug,St. Petersburg,1
59.88227,30.19494,0,0,88,2,SPB,RU,141,0,KAPITAN SOROKIN,3,345312,31,43,28,5138,39,1,2016-12-17T16:45:04.000Z,st_petersburg,2016-12-17T00:00:00.000Z,51,Tug,St. Petersburg,1
59.88227,30.19494,0,0,88,4,SPB,RU,141,0,KAPITAN SOROKIN,3,345312,31,43,28,5138,39,1,2016-12-17T16:47:04.000Z,st_petersburg,2016-12-17T00:00:00.000Z,51,Tug,St. Petersburg,1
59.88227,30.19494,0,0,88,2,SPB,RU,141,0,KAPITAN SOROKIN,3,345312,31,43,28,5138,39,1,2016-12-17T16:47:04.000Z,st_petersburg,2016-12-17T00:00:00.000Z,51,Tug,St. Petersburg,1
59.88228,30.19494,0,0,88,3,SPB,RU,141,0,KAPITAN SOROKIN,3,345312,31,43,28,5138,39,1,2016-12-17T16:49:06.000Z,st_petersburg,2016-12-17T00:00:00.000Z,51,Tug,St. Petersburg,1
59.88228,30.19494,0,0,88,2,SPB,RU,141,0,KAPITAN SOROKIN,3,345312,31,43,28,5138,39,1,2016-12-17T16:49:07.000Z,st_petersburg,2016-12-17T00:00:00.000Z,51,Tug,St. Petersburg,1
59.88228,30.19494,0,0,88,5,SPB,RU,141,0,KAPITAN SOROKIN,3,345312,31,43,28,5138,39,1,2016-12-17T16:51:03.000Z,st_petersburg,2016-12-17T00:00:00.000Z,51,Tug,St. Petersburg,1
59.88228,30.19494,0,0,88,5,SPB,RU,141,0,KAPITAN SOROKIN,3,345312,31,43,28,5138,39,1,2016-12-17T16:51:04.000Z,st_petersburg,2016-12-17T00:00:00.000Z,51,Tug,St. Petersburg,1
59.88228,30.19494,0,0,88,7,SPB,RU,141,0,KAPITAN SOROKIN,3,345312,31,43,28,5138,39,1,2016-12-17T16:53:03.000Z,st_petersburg,2016-12-17T00:00:00.000Z,51,Tug,St. Petersburg,1
59.88228,30.19494,0,0,88,7,SPB,RU,141,0,KAPITAN SOROKIN,3,345312,31,43,28,5138,39,1,2016-12-17T16:53:04.000Z,st_petersburg,2016-12-17T00:00:00.000Z,51,Tug,St. Petersburg,1
59.88228,30.19494,0,0,88,9,SPB,RU,141,0,KAPITAN SOROKIN,3,345312,31,43,28,5138,39,1,2016-12-17T16:55:04.000Z,st_petersburg,2016-12-17T00:00:00.000Z,51,Tug,St. Petersburg,1
59.88228,30.19494,0,0,88,9,SPB,RU,141,0,KAPITAN SOROKIN,3,345312,31,43,28,5138,39,1,2016-12-17T16:55:05.000Z,st_petersburg,2016-12-17T00:00:00.000Z,51,Tug,St. Petersburg,1
59.88227,30.19497,0,0,88,3,SPB,RU,141,0,KAPITAN SOROKIN,3,345312,31,43,28,5138,39,1,2016-12-17T16:57:03.000Z,st_petersburg,2016-12-17T00:00:00.000Z,51,Tug,St. Petersburg,1
59.88227,30.19497,0,0,88,1,SPB,RU,141,0,KAPITAN SOROKIN,3,345312,31,43,28,5138,39,1,2016-12-17T16:57:04.000Z,st_petersburg,2016-12-17T00:00:00.000Z,51,Tug,St. Petersburg,1
59.88227,30.19497,0,0,88,5,SPB,RU,141,0,KAPITAN SOROKIN,3,345312,31,43,28,5138,39,1,2016-12-17T16:59:03.000Z,st_petersburg,2016-12-17T00:00:00.000Z,51,Tug,St. Petersburg,1
59.88227,30.19497,0,0,88,5,SPB,RU,141,0,KAPITAN SOROKIN,3,345312,31,43,28,5138,39,1,2016-12-17T16:59:04.000Z,st_petersburg,2016-12-17T00:00:00.000Z,51,Tug,St. Petersburg,1
59.88227,30.19497,0,0,88,7,SPB,RU,141,0,KAPITAN SOROKIN,3,345312,31,43,28,5138,39,1,2016-12-17T17:01:04.000Z,st_petersburg,2016-12-17T00:00:00.000Z,51,Tug,St. Petersburg,1
59.88227,30.19497,0,0,88,7,SPB,RU,141,0,KAPITAN SOROKIN,3,345312,31,43,28,5138,39,1,2016-12-17T17:01:05.000Z,st_petersburg,2016-12-17T00:00:00.000Z,51,Tug,St. Petersburg,1
59.88227,30.19497,0,0,88,9,SPB,RU,141,0,KAPITAN SOROKIN,3,345312,31,43,28,5138,39,1,2016-12-17T17:03:03.000Z,st_petersburg,2016-12-17T00:00:00.000Z,51,Tug,St. Petersburg,1
59.88227,30.19497,0,0,88,9,SPB,RU,141,0,KAPITAN SOROKIN,3,345312,31,43,28,5138,39,1,2016-12-17T17:03:04.000Z,st_petersburg,2016-12-17T00:00:00.000Z,51,Tug,St. Petersburg,1
59.88229,30.19494,0,0,88,3,SPB,RU,141,0,KAPITAN SOROKIN,3,345312,31,43,28,5138,39,1,2016-12-17T17:05:03.000Z,st_petersburg,2016-12-17T00:00:00.000Z,51,Tug,St. Petersburg,1
59.88229,30.19494,0,0,88,3,SPB,RU,141,0,KAPITAN SOROKIN,3,345312,31,43,28,5138,39,1,2016-12-17T17:05:04.000Z,st_petersburg,2016-12-17T00:00:00.000Z,51,Tug,St. Petersburg,1
59.88229,30.19494,0,0,88,5,SPB,RU,141,0,KAPITAN SOROKIN,3,345312,31,43,28,5138,39,1,2016-12-17T17:07:04.000Z,st_petersburg,2016-12-17T00:00:00.000Z,51,Tug,St. Petersburg,1
59.88229,30.19494,0,0,88,5,SPB,RU,141,0,KAPITAN SOROKIN,3,345312,31,43,28,5138,39,1,2016-12-17T17:07:05.000Z,st_petersburg,2016-12-17T00:00:00.000Z,51,Tug,St. Petersburg,1
59.88227,30.19494,0,0,88,4,SPB,RU,141,0,KAPITAN SOROKIN,3,345312,31,43,28,5138,39,1,2016-12-17T17:09:03.000Z,st_petersburg,2016-12-17T00:00:00.000Z,51,Tug,St. Petersburg,1
59.88227,30.19494,0,0,88,4,SPB,RU,141,0,KAPITAN SOROKIN,3,345312,31,43,28,5138,39,1,2016-12-17T17:09:04.000Z,st_petersburg,2016-12-17T00:00:00.000Z,51,Tug,St. Petersburg,1
59.88227,30.19496,0,0,88,3,SPB,RU,141,0,KAPITAN SOROKIN,3,345312,31,43,28,5138,39,1,2016-12-17T17:11:03.000Z,st_petersburg,2016-12-17T00:00:00.000Z,51,Tug,St. Petersburg,1
59.88227,30.19496,0,0,88,3,SPB,RU,141,0,KAPITAN SOROKIN,3,345312,31,43,28,5138,39,1,2016-12-17T17:11:04.000Z,st_petersburg,2016-12-17T00:00:00.000Z,51,Tug,St. Petersburg,1
59.88227,30.19496,0,0,88,5,SPB,RU,141,0,KAPITAN SOROKIN,3,345312,31,43,28,5138,39,1,2016-12-17T17:13:04.000Z,st_petersburg,2016-12-17T00:00:00.000Z,51,Tug,St. Petersburg,1
59.88227,30.19496,0,0,88,5,SPB,RU,141,0,KAPITAN SOROKIN,3,345312,31,43,28,5138,39,1,2016-12-17T17:13:05.000Z,st_petersburg,2016-12-17T00:00:00.000Z,51,Tug,St. Petersburg,1
59.88227,30.19496,0,0,88,7,SPB,RU,141,0,KAPITAN SOROKIN,3,345312,31,43,28,5138,39,1,2016-12-17T17:15:04.000Z,st_petersburg,2016-12-17T00:00:00.000Z,51,Tug,St. Petersburg,1
59.88227,30.19496,0,0,88,7,SPB,RU,141,0,KAPITAN SOROKIN,3,345312,31,43,28,5138,39,1,2016-12-17T17:15:05.000Z,st_petersburg,2016-12-17T00:00:00.000Z,51,Tug,St. Petersburg,1
59.88227,30.19496,0,0,88,9,SPB,RU,141,0,KAPITAN SOROKIN,3,345312,31,43,28,5138,39,1,2016-12-17T17:17:04.000Z,st_petersburg,2016-12-17T00:00:00.000Z,51,Tug,St. Petersburg,1
59.88227,30.19496,0,0,88,9,SPB,RU,141,0,KAPITAN SOROKIN,3,345312,31,43,28,5138,39,1,2016-12-17T17:17:04.000Z,st_petersburg,2016-12-17T00:00:00.000Z,51,Tug,St. Petersburg,1
59.88224,30.19494,0,0,88,3,SPB,RU,141,0,KAPITAN SOROKIN,3,345312,31,43,28,5138,39,1,2016-12-17T17:19:03.000Z,st_petersburg,2016-12-17T00:00:00.000Z,51,Tug,St. Petersburg,1
59.88224,30.19494,0,0,88,3,SPB,RU,141,0,KAPITAN SOROKIN,3,345312,31,43,28,5138,39,1,2016-12-17T17:19:04.000Z,st_petersburg,2016-12-17T00:00:00.000Z,51,Tug,St. Petersburg,1
59.88224,30.19494,0,0,88,5,SPB,RU,141,0,KAPITAN SOROKIN,3,345312,31,43,28,5138,39,1,2016-12-17T17:21:03.000Z,st_petersburg,2016-12-17T00:00:00.000Z,51,Tug,St. Petersburg,1
59.88224,30.19494,0,0,88,3,SPB,RU,141,0,KAPITAN SOROKIN,3,345312,31,43,28,5138,39,1,2016-12-17T17:21:04.000Z,st_petersburg,2016-12-17T00:00:00.000Z,51,Tug,St. Petersburg,1
59.88224,30.19494,0,0,88,7,SPB,RU,141,0,KAPITAN SOROKIN,3,345312,31,43,28,5138,39,1,2016-12-17T17:23:03.000Z,st_petersburg,2016-12-17T00:00:00.000Z,51,Tug,St. Petersburg,1
59.88224,30.19494,0,0,88,7,SPB,RU,141,0,KAPITAN SOROKIN,3,345312,31,43,28,5138,39,1,2016-12-17T17:23:04.000Z,st_petersburg,2016-12-17T00:00:00.000Z,51,Tug,St. Petersburg,1
59.88224,30.19494,0,0,88,9,SPB,RU,141,0,KAPITAN SOROKIN,3,345312,31,43,28,5138,39,1,2016-12-17T17:25:04.000Z,st_petersburg,2016-12-17T00:00:00.000Z,51,Tug,St. Petersburg,1
59.88224,30.19494,0,0,88,9,SPB,RU,141,0,KAPITAN SOROKIN,3,345312,31,43,28,5138,39,1,2016-12-17T17:25:05.000Z,st_petersburg,2016-12-17T00:00:00.000Z,51,Tug,St. Petersburg,1
59.88228,30.19495,0,0,88,3,SPB,RU,141,0,KAPITAN SOROKIN,3,345312,31,43,28,5138,39,1,2016-12-17T17:27:04.000Z,st_petersburg,2016-12-17T00:00:00.000Z,51,Tug,St. Petersburg,1
59.88224,30.19494,0,0,88,10,SPB,RU,141,0,KAPITAN SOROKIN,3,345312,31,43,28,5138,39,1,2016-12-17T17:27:05.000Z,st_petersburg,2016-12-17T00:00:00.000Z,51,Tug,St. Petersburg,1
59.88228,30.19495,0,0,88,5,SPB,RU,141,0,KAPITAN SOROKIN,3,345312,31,43,28,5138,39,1,2016-12-17T17:29:04.000Z,st_petersburg,2016-12-17T00:00:00.000Z,51,Tug,St. Petersburg,1
59.88228,30.19495,0,0,88,5,SPB,RU,141,0,KAPITAN SOROKIN,3,345312,31,43,28,5138,39,1,2016-12-17T17:29:05.000Z,st_petersburg,2016-12-17T00:00:00.000Z,51,Tug,St. Petersburg,1
59.88228,30.19495,0,0,88,7,SPB,RU,141,0,KAPITAN SOROKIN,3,345312,31,43,28,5138,39,1,2016-12-17T17:31:03.000Z,st_petersburg,2016-12-17T00:00:00.000Z,51,Tug,St. Petersburg,1
59.88228,30.19495,0,0,88,7,SPB,RU,141,0,KAPITAN SOROKIN,3,345312,31,43,28,5138,39,1,2016-12-17T17:31:04.000Z,st_petersburg,2016-12-17T00:00:00.000Z,51,Tug,St. Petersburg,1
59.88228,30.19495,0,0,88,9,SPB,RU,141,0,KAPITAN SOROKIN,3,345312,31,43,28,5138,39,1,2016-12-17T17:33:03.000Z,st_petersburg,2016-12-17T00:00:00.000Z,51,Tug,St. Petersburg,1
59.88228,30.19495,0,0,88,9,SPB,RU,141,0,KAPITAN SOROKIN,3,345312,31,43,28,5138,39,1,2016-12-17T17:33:04.000Z,st_petersburg,2016-12-17T00:00:00.000Z,51,Tug,St. Petersburg,1
59.88225,30.19494,0,0,88,3,SPB,RU,141,0,KAPITAN SOROKIN,3,345312,31,43,28,5138,39,1,2016-12-17T17:35:04.000Z,st_petersburg,2016-12-17T00:00:00.000Z,51,Tug,St. Petersburg,1
59.88225,30.19494,0,0,88,3,SPB,RU,141,0,KAPITAN SOROKIN,3,345312,31,43,28,5138,39,1,2016-12-17T17:35:04.000Z,st_petersburg,2016-12-17T00:00:00.000Z,51,Tug,St. Petersburg,1
59.88225,30.19494,0,0,88,5,SPB,RU,141,0,KAPITAN SOROKIN,3,345312,31,43,28,5138,39,1,2016-12-17T17:37:03.000Z,st_petersburg,2016-12-17T00:00:00.000Z,51,Tug,St. Petersburg,1
59.88225,30.19494,0,0,88,5,SPB,RU,141,0,KAPITAN SOROKIN,3,345312,31,43,28,5138,39,1,2016-12-17T17:37:04.000Z,st_petersburg,2016-12-17T00:00:00.000Z,51,Tug,St. Petersburg,1
59.88225,30.19494,0,0,88,7,SPB,RU,141,0,KAPITAN SOROKIN,3,345312,31,43,28,5138,39,1,2016-12-17T17:39:03.000Z,st_petersburg,2016-12-17T00:00:00.000Z,51,Tug,St. Petersburg,1
59.88225,30.19494,0,0,88,7,SPB,RU,141,0,KAPITAN SOROKIN,3,345312,31,43,28,5138,39,1,2016-12-17T17:39:04.000Z,st_petersburg,2016-12-17T00:00:00.000Z,51,Tug,St. Petersburg,1
59.88225,30.19494,0,0,88,9,SPB,RU,141,0,KAPITAN SOROKIN,3,345312,31,43,28,5138,39,1,2016-12-17T17:41:04.000Z,st_petersburg,2016-12-17T00:00:00.000Z,51,Tug,St. Petersburg,1
59.88225,30.19494,0,0,88,9,SPB,RU,141,0,KAPITAN SOROKIN,3,345312,31,43,28,5138,39,1,2016-12-17T17:41:04.000Z,st_petersburg,2016-12-17T00:00:00.000Z,51,Tug,St. Petersburg,1
59.88228,30.19495,0,0,88,3,SPB,RU,141,0,KAPITAN SOROKIN,3,345312,31,43,28,5138,39,1,2016-12-17T17:43:03.000Z,st_petersburg,2016-12-17T00:00:00.000Z,51,Tug,St. Petersburg,1
59.88228,30.19495,0,0,88,1,SPB,RU,141,0,KAPITAN SOROKIN,3,345312,31,43,28,5138,39,1,2016-12-17T17:43:04.000Z,st_petersburg,2016-12-17T00:00:00.000Z,51,Tug,St. Petersburg,1
59.88227,30.19495,0,0,88,2,SPB,RU,141,0,KAPITAN SOROKIN,3,345312,31,43,28,5138,39,1,2016-12-17T17:45:03.000Z,st_petersburg,2016-12-17T00:00:00.000Z,51,Tug,St. Petersburg,1
59.88227,30.19495,0,0,88,2,SPB,RU,141,0,KAPITAN SOROKIN,3,345312,31,43,28,5138,39,1,2016-12-17T17:45:04.000Z,st_petersburg,2016-12-17T00:00:00.000Z,51,Tug,St. Petersburg,1
59.88227,30.19495,0,0,88,4,SPB,RU,141,0,KAPITAN SOROKIN,3,345312,31,43,28,5138,39,1,2016-12-17T17:47:03.000Z,st_petersburg,2016-12-17T00:00:00.000Z,51,Tug,St. Petersburg,1
59.88227,30.19495,0,0,88,4,SPB,RU,141,0,KAPITAN SOROKIN,3,345312,31,43,28,5138,39,1,2016-12-17T17:47:04.000Z,st_petersburg,2016-12-17T00:00:00.000Z,51,Tug,St. Petersburg,1
59.88227,30.19495,0,0,88,6,SPB,RU,141,0,KAPITAN SOROKIN,3,345312,31,43,28,5138,39,1,2016-12-17T17:49:06.000Z,st_petersburg,2016-12-17T00:00:00.000Z,51,Tug,St. Petersburg,1
59.88227,30.19495,0,0,88,6,SPB,RU,141,0,KAPITAN SOROKIN,3,345312,31,43,28,5138,39,1,2016-12-17T17:49:07.000Z,st_petersburg,2016-12-17T00:00:00.000Z,51,Tug,St. Petersburg,1
59.88227,30.19495,0,0,88,8,SPB,RU,141,0,KAPITAN SOROKIN,3,345312,31,43,28,5138,39,1,2016-12-17T17:51:05.000Z,st_petersburg,2016-12-17T00:00:00.000Z,51,Tug,St. Petersburg,1
59.88227,30.19495,0,0,88,8,SPB,RU,141,0,KAPITAN SOROKIN,3,345312,31,43,28,5138,39,1,2016-12-17T17:51:06.000Z,st_petersburg,2016-12-17T00:00:00.000Z,51,Tug,St. Petersburg,1
59.88227,30.19495,0,0,88,2,SPB,RU,141,0,KAPITAN SOROKIN,3,345312,31,43,28,5138,39,1,2016-12-17T17:53:03.000Z,st_petersburg,2016-12-17T00:00:00.000Z,51,Tug,St. Petersburg,1
59.88227,30.19495,0,0,88,8,SPB,RU,141,0,KAPITAN SOROKIN,3,345312,31,43,28,5138,39,1,2016-12-17T17:53:04.000Z,st_petersburg,2016-12-17T00:00:00.000Z,51,Tug,St. Petersburg,1
59.88227,30.19495,0,0,88,4,SPB,RU,141,0,KAPITAN SOROKIN,3,345312,31,43,28,5138,39,1,2016-12-17T17:55:03.000Z,st_petersburg,2016-12-17T00:00:00.000Z,51,Tug,St. Petersburg,1
59.88227,30.19495,0,0,88,4,SPB,RU,141,0,KAPITAN SOROKIN,3,345312,31,43,28,5138,39,1,2016-12-17T17:55:05.000Z,st_petersburg,2016-12-17T00:00:00.000Z,51,Tug,St. Petersburg,1
59.88225,30.19496,0,0,88,3,SPB,RU,141,0,KAPITAN SOROKIN,3,345312,31,43,28,5138,39,1,2016-12-17T17:57:04.000Z,st_petersburg,2016-12-17T00:00:00.000Z,51,Tug,St. Petersburg,1
59.88225,30.19496,0,0,88,3,SPB,RU,141,0,KAPITAN SOROKIN,3,345312,31,43,28,5138,39,1,2016-12-17T17:57:05.000Z,st_petersburg,2016-12-17T00:00:00.000Z,51,Tug,St. Petersburg,1
59.88225,30.19496,0,0,88,5,SPB,RU,141,0,KAPITAN SOROKIN,3,345312,31,43,28,5138,39,1,2016-12-17T17:59:03.000Z,st_petersburg,2016-12-17T00:00:00.000Z,51,Tug,St. Petersburg,1
59.88225,30.19496,0,0,88,5,SPB,RU,141,0,KAPITAN SOROKIN,3,345312,31,43,28,5138,39,1,2016-12-17T17:59:04.000Z,st_petersburg,2016-12-17T00:00:00.000Z,51,Tug,St. Petersburg,1
59.88227,30.19497,0,0,88,3,SPB,RU,141,0,KAPITAN SOROKIN,3,345312,31,43,28,5138,39,1,2016-12-17T18:01:07.000Z,st_petersburg,2016-12-17T00:00:00.000Z,51,Tug,St. Petersburg,1
59.88227,30.19497,0,0,88,2,SPB,RU,141,0,KAPITAN SOROKIN,3,345312,31,43,28,5138,39,1,2016-12-17T18:01:08.000Z,st_petersburg,2016-12-17T00:00:00.000Z,51,Tug,St. Petersburg,1
59.88228,30.19494,0,0,88,2,SPB,RU,141,0,KAPITAN SOROKIN,3,345312,31,43,28,5138,39,1,2016-12-17T18:03:03.000Z,st_petersburg,2016-12-17T00:00:00.000Z,51,Tug,St. Petersburg,1
59.88228,30.19494,0,0,88,2,SPB,RU,141,0,KAPITAN SOROKIN,3,345312,31,43,28,5138,39,1,2016-12-17T18:03:04.000Z,st_petersburg,2016-12-17T00:00:00.000Z,51,Tug,St. Petersburg,1
59.88228,30.19494,0,0,88,4,SPB,RU,141,0,KAPITAN SOROKIN,3,345312,31,43,28,5138,39,1,2016-12-17T18:05:03.000Z,st_petersburg,2016-12-17T00:00:00.000Z,51,Tug,St. Petersburg,1
59.88228,30.19494,0,0,88,4,SPB,RU,141,0,KAPITAN SOROKIN,3,345312,31,43,28,5138,39,1,2016-12-17T18:05:04.000Z,st_petersburg,2016-12-17T00:00:00.000Z,51,Tug,St. Petersburg,1
59.88227,30.19492,0,0,88,3,SPB,RU,141,0,KAPITAN SOROKIN,3,345312,31,43,28,5138,39,1,2016-12-17T18:07:03.000Z,st_petersburg,2016-12-17T00:00:00.000Z,51,Tug,St. Petersburg,1
59.88227,30.19492,0,0,88,3,SPB,RU,141,0,KAPITAN SOROKIN,3,345312,31,43,28,5138,39,1,2016-12-17T18:07:04.000Z,st_petersburg,2016-12-17T00:00:00.000Z,51,Tug,St. Petersburg,1
59.88227,30.19495,1,0,88,2,SPB,RU,141,0,KAPITAN SOROKIN,3,345312,31,43,28,5138,39,1,2016-12-17T18:09:04.000Z,st_petersburg,2016-12-17T00:00:00.000Z,51,Tug,St. Petersburg,1
59.88227,30.19495,1,0,88,2,SPB,RU,141,0,KAPITAN SOROKIN,3,345312,31,43,28,5138,39,1,2016-12-17T18:09:05.000Z,st_petersburg,2016-12-17T00:00:00.000Z,51,Tug,St. Petersburg,1
59.88227,30.19495,1,0,88,4,SPB,RU,141,0,KAPITAN SOROKIN,3,345312,31,43,28,5138,39,1,2016-12-17T18:11:04.000Z,st_petersburg,2016-12-17T00:00:00.000Z,51,Tug,St. Petersburg,1
59.88227,30.19495,1,0,88,4,SPB,RU,141,0,KAPITAN SOROKIN,3,345312,31,43,28,5138,39,1,2016-12-17T18:11:05.000Z,st_petersburg,2016-12-17T00:00:00.000Z,51,Tug,St. Petersburg,1
59.88227,30.19494,0,0,88,3,SPB,RU,141,0,KAPITAN SOROKIN,3,345312,31,43,28,5138,39,1,2016-12-17T18:13:04.000Z,st_petersburg,2016-12-17T00:00:00.000Z,51,Tug,St. Petersburg,1
59.88227,30.19494,0,0,88,3,SPB,RU,141,0,KAPITAN SOROKIN,3,345312,31,43,28,5138,39,1,2016-12-17T18:13:05.000Z,st_petersburg,2016-12-17T00:00:00.000Z,51,Tug,St. Petersburg,1
59.88225,30.19495,0,0,88,2,SPB,RU,141,0,KAPITAN SOROKIN,3,345312,31,43,28,5138,39,1,2016-12-17T18:15:04.000Z,st_petersburg,2016-12-17T00:00:00.000Z,51,Tug,St. Petersburg,1
59.88227,30.19494,0,0,88,4,SPB,RU,141,0,KAPITAN SOROKIN,3,345312,31,43,28,5138,39,1,2016-12-17T18:15:05.000Z,st_petersburg,2016-12-17T00:00:00.000Z,51,Tug,St. Petersburg,1
59.88225,30.19495,0,0,88,4,SPB,RU,141,0,KAPITAN SOROKIN,3,345312,31,43,28,5138,39,1,2016-12-17T18:17:04.000Z,st_petersburg,2016-12-17T00:00:00.000Z,51,Tug,St. Petersburg,1
59.88225,30.19495,0,0,88,4,SPB,RU,141,0,KAPITAN SOROKIN,3,345312,31,43,28,5138,39,1,2016-12-17T18:17:05.000Z,st_petersburg,2016-12-17T00:00:00.000Z,51,Tug,St. Petersburg,1
59.88225,30.19494,0,0,88,3,SPB,RU,141,0,KAPITAN SOROKIN,3,345312,31,43,28,5138,39,1,2016-12-17T18:19:05.000Z,st_petersburg,2016-12-17T00:00:00.000Z,51,Tug,St. Petersburg,1
59.88225,30.19494,0,0,88,3,SPB,RU,141,0,KAPITAN SOROKIN,3,345312,31,43,28,5138,39,1,2016-12-17T18:19:06.000Z,st_petersburg,2016-12-17T00:00:00.000Z,51,Tug,St. Petersburg,1
59.88225,30.19494,0,0,88,2,SPB,RU,141,0,KAPITAN SOROKIN,3,345312,31,43,28,5138,39,1,2016-12-17T18:21:04.000Z,st_petersburg,2016-12-17T00:00:00.000Z,51,Tug,St. Petersburg,1
59.88225,30.19494,0,0,88,2,SPB,RU,141,0,KAPITAN SOROKIN,3,345312,31,43,28,5138,39,1,2016-12-17T18:21:05.000Z,st_petersburg,2016-12-17T00:00:00.000Z,51,Tug,St. Petersburg,1
59.88225,30.19494,0,0,88,4,SPB,RU,141,0,KAPITAN SOROKIN,3,345312,31,43,28,5138,39,1,2016-12-17T18:23:04.000Z,st_petersburg,2016-12-17T00:00:00.000Z,51,Tug,St. Petersburg,1
59.88225,30.19494,0,0,88,4,SPB,RU,141,0,KAPITAN SOROKIN,3,345312,31,43,28,5138,39,1,2016-12-17T18:23:05.000Z,st_petersburg,2016-12-17T00:00:00.000Z,51,Tug,St. Petersburg,1
59.88227,30.19496,0,0,88,3,SPB,RU,141,0,KAPITAN SOROKIN,3,345312,31,43,28,5138,39,1,2016-12-17T18:25:03.000Z,st_petersburg,2016-12-17T00:00:00.000Z,51,Tug,St. Petersburg,1
59.88227,30.19496,0,0,88,3,SPB,RU,141,0,KAPITAN SOROKIN,3,345312,31,43,28,5138,39,1,2016-12-17T18:25:04.000Z,st_petersburg,2016-12-17T00:00:00.000Z,51,Tug,St. Petersburg,1
59.88227,30.19495,0,0,88,2,SPB,RU,141,0,KAPITAN SOROKIN,3,345312,31,43,28,5138,39,1,2016-12-17T18:27:03.000Z,st_petersburg,2016-12-17T00:00:00.000Z,51,Tug,St. Petersburg,1
59.88227,30.19495,0,0,88,2,SPB,RU,141,0,KAPITAN SOROKIN,3,345312,31,43,28,5138,39,1,2016-12-17T18:27:05.000Z,st_petersburg,2016-12-17T00:00:00.000Z,51,Tug,St. Petersburg,1
59.88227,30.19495,0,0,88,4,SPB,RU,141,0,KAPITAN SOROKIN,3,345312,31,43,28,5138,39,1,2016-12-17T18:29:04.000Z,st_petersburg,2016-12-17T00:00:00.000Z,51,Tug,St. Petersburg,1
59.88227,30.19495,0,0,88,4,SPB,RU,141,0,KAPITAN SOROKIN,3,345312,31,43,28,5138,39,1,2016-12-17T18:29:05.000Z,st_petersburg,2016-12-17T00:00:00.000Z,51,Tug,St. Petersburg,1
59.88227,30.19493,0,0,88,2,SPB,RU,141,0,KAPITAN SOROKIN,3,345312,31,43,28,5138,39,1,2016-12-17T18:31:03.000Z,st_petersburg,2016-12-17T00:00:00.000Z,51,Tug,St. Petersburg,1
59.88227,30.19493,0,0,88,2,SPB,RU,141,0,KAPITAN SOROKIN,3,345312,31,43,28,5138,39,1,2016-12-17T18:31:04.000Z,st_petersburg,2016-12-17T00:00:00.000Z,51,Tug,St. Petersburg,1
59.88227,30.19493,0,0,88,4,SPB,RU,141,0,KAPITAN SOROKIN,3,345312,31,43,28,5138,39,1,2016-12-17T18:33:03.000Z,st_petersburg,2016-12-17T00:00:00.000Z,51,Tug,St. Petersburg,1
59.88227,30.19493,0,0,88,4,SPB,RU,141,0,KAPITAN SOROKIN,3,345312,31,43,28,5138,39,1,2016-12-17T18:33:04.000Z,st_petersburg,2016-12-17T00:00:00.000Z,51,Tug,St. Petersburg,1
59.88227,30.19493,0,0,88,6,SPB,RU,141,0,KAPITAN SOROKIN,3,345312,31,43,28,5138,39,1,2016-12-17T18:35:03.000Z,st_petersburg,2016-12-17T00:00:00.000Z,51,Tug,St. Petersburg,1
59.88227,30.19493,0,0,88,6,SPB,RU,141,0,KAPITAN SOROKIN,3,345312,31,43,28,5138,39,1,2016-12-17T18:35:04.000Z,st_petersburg,2016-12-17T00:00:00.000Z,51,Tug,St. Petersburg,1
59.88227,30.19493,0,0,88,8,SPB,RU,141,0,KAPITAN SOROKIN,3,345312,31,43,28,5138,39,1,2016-12-17T18:37:04.000Z,st_petersburg,2016-12-17T00:00:00.000Z,51,Tug,St. Petersburg,1
59.88227,30.19493,0,0,88,6,SPB,RU,141,0,KAPITAN SOROKIN,3,345312,31,43,28,5138,39,1,2016-12-17T18:37:05.000Z,st_petersburg,2016-12-17T00:00:00.000Z,51,Tug,St. Petersburg,1
59.88227,30.19494,0,0,88,2,SPB,RU,141,0,KAPITAN SOROKIN,3,345312,31,43,28,5138,39,1,2016-12-17T18:39:05.000Z,st_petersburg,2016-12-17T00:00:00.000Z,51,Tug,St. Petersburg,1
59.88227,30.19494,0,0,88,2,SPB,RU,141,0,KAPITAN SOROKIN,3,345312,31,43,28,5138,39,1,2016-12-17T18:39:06.000Z,st_petersburg,2016-12-17T00:00:00.000Z,51,Tug,St. Petersburg,1
59.88227,30.19494,0,0,88,4,SPB,RU,141,0,KAPITAN SOROKIN,3,345312,31,43,28,5138,39,1,2016-12-17T18:41:04.000Z,st_petersburg,2016-12-17T00:00:00.000Z,51,Tug,St. Petersburg,1
59.88227,30.19494,0,0,88,4,SPB,RU,141,0,KAPITAN SOROKIN,3,345312,31,43,28,5138,39,1,2016-12-17T18:41:06.000Z,st_petersburg,2016-12-17T00:00:00.000Z,51,Tug,St. Petersburg,1
59.88227,30.19496,0,0,88,3,SPB,RU,141,0,KAPITAN SOROKIN,3,345312,31,43,28,5138,39,1,2016-12-17T18:43:03.000Z,st_petersburg,2016-12-17T00:00:00.000Z,51,Tug,St. Petersburg,1
59.88227,30.19494,0,0,88,4,SPB,RU,141,0,KAPITAN SOROKIN,3,345312,31,43,28,5138,39,1,2016-12-17T18:43:04.000Z,st_petersburg,2016-12-17T00:00:00.000Z,51,Tug,St. Petersburg,1
59.88227,30.19496,0,0,88,5,SPB,RU,141,0,KAPITAN SOROKIN,3,345312,31,43,28,5138,39,1,2016-12-17T18:45:03.000Z,st_petersburg,2016-12-17T00:00:00.000Z,51,Tug,St. Petersburg,1
59.88227,30.19496,0,0,88,5,SPB,RU,141,0,KAPITAN SOROKIN,3,345312,31,43,28,5138,39,1,2016-12-17T18:45:04.000Z,st_petersburg,2016-12-17T00:00:00.000Z,51,Tug,St. Petersburg,1
59.88225,30.19496,0,0,88,3,SPB,RU,141,0,KAPITAN SOROKIN,3,345312,31,43,28,5138,39,1,2016-12-17T18:47:04.000Z,st_petersburg,2016-12-17T00:00:00.000Z,51,Tug,St. Petersburg,1
59.88225,30.19496,0,0,88,3,SPB,RU,141,0,KAPITAN SOROKIN,3,345312,31,43,28,5138,39,1,2016-12-17T18:47:05.000Z,st_petersburg,2016-12-17T00:00:00.000Z,51,Tug,St. Petersburg,1
59.88227,30.19493,0,0,88,2,SPB,RU,141,0,KAPITAN SOROKIN,3,345312,31,43,28,5138,39,1,2016-12-17T18:49:04.000Z,st_petersburg,2016-12-17T00:00:00.000Z,51,Tug,St. Petersburg,1
59.88227,30.19493,0,0,88,2,SPB,RU,141,0,KAPITAN SOROKIN,3,345312,31,43,28,5138,39,1,2016-12-17T18:49:05.000Z,st_petersburg,2016-12-17T00:00:00.000Z,51,Tug,St. Petersburg,1
59.88227,30.19493,0,0,88,2,SPB,RU,141,0,KAPITAN SOROKIN,3,345312,31,43,28,5138,39,1,2016-12-17T18:51:03.000Z,st_petersburg,2016-12-17T00:00:00.000Z,51,Tug,St. Petersburg,1
59.88227,30.19493,0,0,88,3,SPB,RU,141,0,KAPITAN SOROKIN,3,345312,31,43,28,5138,39,1,2016-12-17T18:51:03.000Z,st_petersburg,2016-12-17T00:00:00.000Z,51,Tug,St. Petersburg,1
59.88227,30.19493,0,0,88,6,SPB,RU,141,0,KAPITAN SOROKIN,3,345312,31,43,28,5138,39,1,2016-12-17T18:53:03.000Z,st_petersburg,2016-12-17T00:00:00.000Z,51,Tug,St. Petersburg,1
59.88227,30.19493,0,0,88,6,SPB,RU,141,0,KAPITAN SOROKIN,3,345312,31,43,28,5138,39,1,2016-12-17T18:53:04.000Z,st_petersburg,2016-12-17T00:00:00.000Z,51,Tug,St. Petersburg,1
59.88227,30.19493,0,0,88,8,SPB,RU,141,0,KAPITAN SOROKIN,3,345312,31,43,28,5138,39,1,2016-12-17T18:55:03.000Z,st_petersburg,2016-12-17T00:00:00.000Z,51,Tug,St. Petersburg,1
59.88227,30.19493,0,0,88,8,SPB,RU,141,0,KAPITAN SOROKIN,3,345312,31,43,28,5138,39,1,2016-12-17T18:55:04.000Z,st_petersburg,2016-12-17T00:00:00.000Z,51,Tug,St. Petersburg,1
59.88224,30.19495,0,0,88,2,SPB,RU,141,0,KAPITAN SOROKIN,3,345312,31,43,28,5138,39,1,2016-12-17T18:57:04.000Z,st_petersburg,2016-12-17T00:00:00.000Z,51,Tug,St. Petersburg,1
59.88224,30.19495,0,0,88,2,SPB,RU,141,0,KAPITAN SOROKIN,3,345312,31,43,28,5138,39,1,2016-12-17T18:57:05.000Z,st_petersburg,2016-12-17T00:00:00.000Z,51,Tug,St. Petersburg,1
59.88224,30.19495,0,0,88,2,SPB,RU,141,0,KAPITAN SOROKIN,3,345312,31,43,28,5138,39,1,2016-12-17T18:59:04.000Z,st_petersburg,2016-12-17T00:00:00.000Z,51,Tug,St. Petersburg,1
59.88224,30.19495,0,0,88,4,SPB,RU,141,0,KAPITAN SOROKIN,3,345312,31,43,28,5138,39,1,2016-12-17T18:59:05.000Z,st_petersburg,2016-12-17T00:00:00.000Z,51,Tug,St. Petersburg,1
59.88224,30.19495,0,0,88,6,SPB,RU,141,0,KAPITAN SOROKIN,3,345312,31,43,28,5138,39,1,2016-12-17T19:01:03.000Z,st_petersburg,2016-12-17T00:00:00.000Z,51,Tug,St. Petersburg,1
59.88224,30.19495,0,0,88,6,SPB,RU,141,0,KAPITAN SOROKIN,3,345312,31,43,28,5138,39,1,2016-12-17T19:01:04.000Z,st_petersburg,2016-12-17T00:00:00.000Z,51,Tug,St. Petersburg,1
59.88224,30.19495,0,0,88,8,SPB,RU,141,0,KAPITAN SOROKIN,3,345312,31,43,28,5138,39,1,2016-12-17T19:03:03.000Z,st_petersburg,2016-12-17T00:00:00.000Z,51,Tug,St. Petersburg,1
59.88224,30.19495,0,0,88,8,SPB,RU,141,0,KAPITAN SOROKIN,3,345312,31,43,28,5138,39,1,2016-12-17T19:03:04.000Z,st_petersburg,2016-12-17T00:00:00.000Z,51,Tug,St. Petersburg,1
59.88226,30.19495,0,0,88,2,SPB,RU,141,0,KAPITAN SOROKIN,3,345312,31,43,28,5138,39,1,2016-12-17T19:05:03.000Z,st_petersburg,2016-12-17T00:00:00.000Z,51,Tug,St. Petersburg,1
59.88224,30.19495,0,0,88,8,SPB,RU,141,0,KAPITAN SOROKIN,3,345312,31,43,28,5138,39,1,2016-12-17T19:05:03.000Z,st_petersburg,2016-12-17T00:00:00.000Z,51,Tug,St. Petersburg,1
59.88226,30.19495,0,0,88,4,SPB,RU,141,0,KAPITAN SOROKIN,3,345312,31,43,28,5138,39,1,2016-12-17T19:07:03.000Z,st_petersburg,2016-12-17T00:00:00.000Z,51,Tug,St. Petersburg,1
59.88226,30.19495,0,0,88,4,SPB,RU,141,0,KAPITAN SOROKIN,3,345312,31,43,28,5138,39,1,2016-12-17T19:07:04.000Z,st_petersburg,2016-12-17T00:00:00.000Z,51,Tug,St. Petersburg,1
59.88226,30.19495,0,0,88,6,SPB,RU,141,0,KAPITAN SOROKIN,3,345312,31,43,28,5138,39,1,2016-12-17T19:09:03.000Z,st_petersburg,2016-12-17T00:00:00.000Z,51,Tug,St. Petersburg,1
59.88226,30.19495,0,0,88,6,SPB,RU,141,0,KAPITAN SOROKIN,3,345312,31,43,28,5138,39,1,2016-12-17T19:09:04.000Z,st_petersburg,2016-12-17T00:00:00.000Z,51,Tug,St. Petersburg,1
59.88226,30.19495,0,0,88,8,SPB,RU,141,0,KAPITAN SOROKIN,3,345312,31,43,28,5138,39,1,2016-12-17T19:11:03.000Z,st_petersburg,2016-12-17T00:00:00.000Z,51,Tug,St. Petersburg,1
59.88226,30.19495,0,0,88,8,SPB,RU,141,0,KAPITAN SOROKIN,3,345312,31,43,28,5138,39,1,2016-12-17T19:11:04.000Z,st_petersburg,2016-12-17T00:00:00.000Z,51,Tug,St. Petersburg,1
59.88227,30.19494,0,0,88,2,SPB,RU,141,0,KAPITAN SOROKIN,3,345312,31,43,28,5138,39,1,2016-12-17T19:13:04.000Z,st_petersburg,2016-12-17T00:00:00.000Z,51,Tug,St. Petersburg,1
59.88227,30.19494,0,0,88,2,SPB,RU,141,0,KAPITAN SOROKIN,3,345312,31,43,28,5138,39,1,2016-12-17T19:13:05.000Z,st_petersburg,2016-12-17T00:00:00.000Z,51,Tug,St. Petersburg,1
59.88227,30.19494,0,0,88,4,SPB,RU,141,0,KAPITAN SOROKIN,3,345312,31,43,28,5138,39,1,2016-12-17T19:15:03.000Z,st_petersburg,2016-12-17T00:00:00.000Z,51,Tug,St. Petersburg,1
59.88227,30.19494,0,0,88,2,SPB,RU,141,0,KAPITAN SOROKIN,3,345312,31,43,28,5138,39,1,2016-12-17T19:15:04.000Z,st_petersburg,2016-12-17T00:00:00.000Z,51,Tug,St. Petersburg,1
59.88227,30.19494,0,0,88,6,SPB,RU,141,0,KAPITAN SOROKIN,3,345312,31,43,28,5138,39,1,2016-12-17T19:17:03.000Z,st_petersburg,2016-12-17T00:00:00.000Z,51,Tug,St. Petersburg,1
59.88227,30.19494,0,0,88,6,SPB,RU,141,0,KAPITAN SOROKIN,3,345312,31,43,28,5138,39,1,2016-12-17T19:17:04.000Z,st_petersburg,2016-12-17T00:00:00.000Z,51,Tug,St. Petersburg,1
59.88227,30.19494,0,0,88,8,SPB,RU,141,0,KAPITAN SOROKIN,3,345312,31,43,28,5138,39,1,2016-12-17T19:19:03.000Z,st_petersburg,2016-12-17T00:00:00.000Z,51,Tug,St. Petersburg,1
59.88227,30.19494,0,0,88,8,SPB,RU,141,0,KAPITAN SOROKIN,3,345312,31,43,28,5138,39,1,2016-12-17T19:19:04.000Z,st_petersburg,2016-12-17T00:00:00.000Z,51,Tug,St. Petersburg,1
59.88227,30.19494,0,0,88,2,SPB,RU,141,0,KAPITAN SOROKIN,3,345312,31,43,28,5138,39,1,2016-12-17T19:21:03.000Z,st_petersburg,2016-12-17T00:00:00.000Z,51,Tug,St. Petersburg,1
59.88227,30.19494,0,0,88,2,SPB,RU,141,0,KAPITAN SOROKIN,3,345312,31,43,28,5138,39,1,2016-12-17T19:21:04.000Z,st_petersburg,2016-12-17T00:00:00.000Z,51,Tug,St. Petersburg,1
59.88227,30.19494,0,0,88,4,SPB,RU,141,0,KAPITAN SOROKIN,3,345312,31,43,28,5138,39,1,2016-12-17T19:23:04.000Z,st_petersburg,2016-12-17T00:00:00.000Z,51,Tug,St. Petersburg,1
59.88227,30.19494,0,0,88,3,SPB,RU,141,0,KAPITAN SOROKIN,3,345312,31,43,28,5138,39,1,2016-12-17T19:23:04.000Z,st_petersburg,2016-12-17T00:00:00.000Z,51,Tug,St. Petersburg,1
59.88225,30.19496,0,0,88,3,SPB,RU,141,0,KAPITAN SOROKIN,3,345312,31,43,28,5138,39,1,2016-12-17T19:25:03.000Z,st_petersburg,2016-12-17T00:00:00.000Z,51,Tug,St. Petersburg,1
59.88225,30.19496,0,0,88,3,SPB,RU,141,0,KAPITAN SOROKIN,3,345312,31,43,28,5138,39,1,2016-12-17T19:25:04.000Z,st_petersburg,2016-12-17T00:00:00.000Z,51,Tug,St. Petersburg,1
59.88225,30.19498,0,0,88,2,SPB,RU,141,0,KAPITAN SOROKIN,3,345312,31,43,28,5138,39,1,2016-12-17T19:27:04.000Z,st_petersburg,2016-12-17T00:00:00.000Z,51,Tug,St. Petersburg,1
59.88225,30.19496,0,0,88,4,SPB,RU,141,0,KAPITAN SOROKIN,3,345312,31,43,28,5138,39,1,2016-12-17T19:27:04.000Z,st_petersburg,2016-12-17T00:00:00.000Z,51,Tug,St. Petersburg,1
59.88225,30.19498,0,0,88,4,SPB,RU,141,0,KAPITAN SOROKIN,3,345312,31,43,28,5138,39,1,2016-12-17T19:29:04.000Z,st_petersburg,2016-12-17T00:00:00.000Z,51,Tug,St. Petersburg,1
59.88225,30.19498,0,0,88,2,SPB,RU,141,0,KAPITAN SOROKIN,3,345312,31,43,28,5138,39,1,2016-12-17T19:29:04.000Z,st_petersburg,2016-12-17T00:00:00.000Z,51,Tug,St. Petersburg,1
59.88225,30.19498,0,0,88,6,SPB,RU,141,0,KAPITAN SOROKIN,3,345312,31,43,28,5138,39,1,2016-12-17T19:31:03.000Z,st_petersburg,2016-12-17T00:00:00.000Z,51,Tug,St. Petersburg,1
59.88225,30.19498,0,0,88,4,SPB,RU,141,0,KAPITAN SOROKIN,3,345312,31,43,28,5138,39,1,2016-12-17T19:31:04.000Z,st_petersburg,2016-12-17T00:00:00.000Z,51,Tug,St. Petersburg,1
59.88225,30.19498,0,0,88,8,SPB,RU,141,0,KAPITAN SOROKIN,3,345312,31,43,28,5138,39,1,2016-12-17T19:33:03.000Z,st_petersburg,2016-12-17T00:00:00.000Z,51,Tug,St. Petersburg,1
59.88225,30.19498,0,0,88,8,SPB,RU,141,0,KAPITAN SOROKIN,3,345312,31,43,28,5138,39,1,2016-12-17T19:33:04.000Z,st_petersburg,2016-12-17T00:00:00.000Z,51,Tug,St. Petersburg,1
59.88227,30.19496,0,0,88,2,SPB,RU,141,0,KAPITAN SOROKIN,3,345312,31,43,28,5138,39,1,2016-12-17T19:35:03.000Z,st_petersburg,2016-12-17T00:00:00.000Z,51,Tug,St. Petersburg,1
59.88227,30.19496,0,0,88,2,SPB,RU,141,0,KAPITAN SOROKIN,3,345312,31,43,28,5138,39,1,2016-12-17T19:35:04.000Z,st_petersburg,2016-12-17T00:00:00.000Z,51,Tug,St. Petersburg,1
59.88227,30.19496,0,0,88,4,SPB,RU,141,0,KAPITAN SOROKIN,3,345312,31,43,28,5138,39,1,2016-12-17T19:37:03.000Z,st_petersburg,2016-12-17T00:00:00.000Z,51,Tug,St. Petersburg,1
59.88227,30.19496,0,0,88,4,SPB,RU,141,0,KAPITAN SOROKIN,3,345312,31,43,28,5138,39,1,2016-12-17T19:37:04.000Z,st_petersburg,2016-12-17T00:00:00.000Z,51,Tug,St. Petersburg,1
59.88224,30.19498,0,0,88,3,SPB,RU,141,0,KAPITAN SOROKIN,3,345312,31,43,28,5138,39,1,2016-12-17T19:39:03.000Z,st_petersburg,2016-12-17T00:00:00.000Z,51,Tug,St. Petersburg,1
59.88224,30.19498,0,0,88,3,SPB,RU,141,0,KAPITAN SOROKIN,3,345312,31,43,28,5138,39,1,2016-12-17T19:39:04.000Z,st_petersburg,2016-12-17T00:00:00.000Z,51,Tug,St. Petersburg,1
59.88224,30.19495,0,0,88,2,SPB,RU,141,0,KAPITAN SOROKIN,3,345312,31,43,28,5138,39,1,2016-12-17T19:41:03.000Z,st_petersburg,2016-12-17T00:00:00.000Z,51,Tug,St. Petersburg,1
59.88224,30.19495,0,0,88,2,SPB,RU,141,0,KAPITAN SOROKIN,3,345312,31,43,28,5138,39,1,2016-12-17T19:41:04.000Z,st_petersburg,2016-12-17T00:00:00.000Z,51,Tug,St. Petersburg,1
59.88224,30.19495,0,0,88,4,SPB,RU,141,0,KAPITAN SOROKIN,3,345312,31,43,28,5138,39,1,2016-12-17T19:43:03.000Z,st_petersburg,2016-12-17T00:00:00.000Z,51,Tug,St. Petersburg,1
59.88224,30.19495,0,0,88,4,SPB,RU,141,0,KAPITAN SOROKIN,3,345312,31,43,28,5138,39,1,2016-12-17T19:43:04.000Z,st_petersburg,2016-12-17T00:00:00.000Z,51,Tug,St. Petersburg,1
59.88231,30.1949,0,0,88,3,SPB,RU,141,0,KAPITAN SOROKIN,3,345312,31,43,28,5138,39,1,2016-12-17T19:45:03.000Z,st_petersburg,2016-12-17T00:00:00.000Z,51,Tug,St. Petersburg,1
59.88231,30.1949,0,0,88,1,SPB,RU,141,0,KAPITAN SOROKIN,3,345312,31,43,28,5138,39,1,2016-12-17T19:45:04.000Z,st_petersburg,2016-12-17T00:00:00.000Z,51,Tug,St. Petersburg,1
59.88221,30.19499,0,0,88,2,SPB,RU,141,0,KAPITAN SOROKIN,3,345312,31,43,28,5138,39,1,2016-12-17T19:47:03.000Z,st_petersburg,2016-12-17T00:00:00.000Z,51,Tug,St. Petersburg,1
59.88221,30.19499,0,0,88,1,SPB,RU,141,0,KAPITAN SOROKIN,3,345312,31,43,28,5138,39,1,2016-12-17T19:47:04.000Z,st_petersburg,2016-12-17T00:00:00.000Z,51,Tug,St. Petersburg,1
59.88221,30.19499,0,0,88,4,SPB,RU,141,0,KAPITAN SOROKIN,3,345312,31,43,28,5138,39,1,2016-12-17T19:49:03.000Z,st_petersburg,2016-12-17T00:00:00.000Z,51,Tug,St. Petersburg,1
59.88221,30.19499,0,0,88,4,SPB,RU,141,0,KAPITAN SOROKIN,3,345312,31,43,28,5138,39,1,2016-12-17T19:49:04.000Z,st_petersburg,2016-12-17T00:00:00.000Z,51,Tug,St. Petersburg,1
59.88228,30.19494,0,0,88,3,SPB,RU,141,0,KAPITAN SOROKIN,3,345312,31,43,28,5138,39,1,2016-12-17T19:51:03.000Z,st_petersburg,2016-12-17T00:00:00.000Z,51,Tug,St. Petersburg,1
59.88228,30.19494,0,0,88,2,SPB,RU,141,0,KAPITAN SOROKIN,3,345312,31,43,28,5138,39,1,2016-12-17T19:51:04.000Z,st_petersburg,2016-12-17T00:00:00.000Z,51,Tug,St. Petersburg,1
59.88228,30.19494,0,0,88,5,SPB,RU,141,0,KAPITAN SOROKIN,3,345312,31,43,28,5138,39,1,2016-12-17T19:53:04.000Z,st_petersburg,2016-12-17T00:00:00.000Z,51,Tug,St. Petersburg,1
59.88228,30.19494,0,0,88,5,SPB,RU,141,0,KAPITAN SOROKIN,3,345312,31,43,28,5138,39,1,2016-12-17T19:53:05.000Z,st_petersburg,2016-12-17T00:00:00.000Z,51,Tug,St. Petersburg,1
59.88228,30.19494,0,0,88,7,SPB,RU,141,0,KAPITAN SOROKIN,3,345312,31,43,28,5138,39,1,2016-12-17T19:55:03.000Z,st_petersburg,2016-12-17T00:00:00.000Z,51,Tug,St. Petersburg,1
59.88228,30.19494,0,0,88,7,SPB,RU,141,0,KAPITAN SOROKIN,3,345312,31,43,28,5138,39,1,2016-12-17T19:55:04.000Z,st_petersburg,2016-12-17T00:00:00.000Z,51,Tug,St. Petersburg,1
59.88228,30.19494,0,0,88,9,SPB,RU,141,0,KAPITAN SOROKIN,3,345312,31,43,28,5138,39,1,2016-12-17T19:57:03.000Z,st_petersburg,2016-12-17T00:00:00.000Z,51,Tug,St. Petersburg,1
59.88228,30.19494,0,0,88,9,SPB,RU,141,0,KAPITAN SOROKIN,3,345312,31,43,28,5138,39,1,2016-12-17T19:57:04.000Z,st_petersburg,2016-12-17T00:00:00.000Z,51,Tug,St. Petersburg,1
59.88224,30.195,0,0,88,3,SPB,RU,141,0,KAPITAN SOROKIN,3,345312,31,43,28,5138,39,1,2016-12-17T19:59:04.000Z,st_petersburg,2016-12-17T00:00:00.000Z,51,Tug,St. Petersburg,1
59.88224,30.195,0,0,88,3,SPB,RU,141,0,KAPITAN SOROKIN,3,345312,31,43,28,5138,39,1,2016-12-17T19:59:05.000Z,st_petersburg,2016-12-17T00:00:00.000Z,51,Tug,St. Petersburg,1
59.88224,30.195,0,0,88,5,SPB,RU,141,0,KAPITAN SOROKIN,3,345312,31,43,28,5138,39,1,2016-12-17T20:01:03.000Z,st_petersburg,2016-12-17T00:00:00.000Z,51,Tug,St. Petersburg,1
59.88224,30.195,0,0,88,5,SPB,RU,141,0,KAPITAN SOROKIN,3,345312,31,43,28,5138,39,1,2016-12-17T20:01:04.000Z,st_petersburg,2016-12-17T00:00:00.000Z,51,Tug,St. Petersburg,1
59.88224,30.195,0,0,88,7,SPB,RU,141,0,KAPITAN SOROKIN,3,345312,31,43,28,5138,39,1,2016-12-17T20:03:03.000Z,st_petersburg,2016-12-17T00:00:00.000Z,51,Tug,St. Petersburg,1
59.88224,30.195,0,0,88,6,SPB,RU,141,0,KAPITAN SOROKIN,3,345312,31,43,28,5138,39,1,2016-12-17T20:03:04.000Z,st_petersburg,2016-12-17T00:00:00.000Z,51,Tug,St. Petersburg,1
59.88224,30.195,0,0,88,9,SPB,RU,141,0,KAPITAN SOROKIN,3,345312,31,43,28,5138,39,1,2016-12-17T20:05:03.000Z,st_petersburg,2016-12-17T00:00:00.000Z,51,Tug,St. Petersburg,1
59.88224,30.195,0,0,88,8,SPB,RU,141,0,KAPITAN SOROKIN,3,345312,31,43,28,5138,39,1,2016-12-17T20:05:04.000Z,st_petersburg,2016-12-17T00:00:00.000Z,51,Tug,St. Petersburg,1
59.88228,30.19492,0,0,88,3,SPB,RU,141,0,KAPITAN SOROKIN,3,345312,31,43,28,5138,39,1,2016-12-17T20:07:03.000Z,st_petersburg,2016-12-17T00:00:00.000Z,51,Tug,St. Petersburg,1
59.88228,30.19492,0,0,88,3,SPB,RU,141,0,KAPITAN SOROKIN,3,345312,31,43,28,5138,39,1,2016-12-17T20:07:04.000Z,st_petersburg,2016-12-17T00:00:00.000Z,51,Tug,St. Petersburg,1
59.88227,30.19492,0,0,88,2,SPB,RU,141,0,KAPITAN SOROKIN,3,345312,31,43,28,5138,39,1,2016-12-17T20:09:03.000Z,st_petersburg,2016-12-17T00:00:00.000Z,51,Tug,St. Petersburg,1
59.88227,30.19492,0,0,88,2,SPB,RU,141,0,KAPITAN SOROKIN,3,345312,31,43,28,5138,39,1,2016-12-17T20:09:04.000Z,st_petersburg,2016-12-17T00:00:00.000Z,51,Tug,St. Petersburg,1
59.88227,30.19492,0,0,88,4,SPB,RU,141,0,KAPITAN SOROKIN,3,345312,31,43,28,5138,39,1,2016-12-17T20:11:03.000Z,st_petersburg,2016-12-17T00:00:00.000Z,51,Tug,St. Petersburg,1
59.88227,30.19492,0,0,88,4,SPB,RU,141,0,KAPITAN SOROKIN,3,345312,31,43,28,5138,39,1,2016-12-17T20:11:04.000Z,st_petersburg,2016-12-17T00:00:00.000Z,51,Tug,St. Petersburg,1
59.88227,30.19492,0,0,88,6,SPB,RU,141,0,KAPITAN SOROKIN,3,345312,31,43,28,5138,39,1,2016-12-17T20:13:04.000Z,st_petersburg,2016-12-17T00:00:00.000Z,51,Tug,St. Petersburg,1
59.88227,30.19492,0,0,88,6,SPB,RU,141,0,KAPITAN SOROKIN,3,345312,31,43,28,5138,39,1,2016-12-17T20:13:05.000Z,st_petersburg,2016-12-17T00:00:00.000Z,51,Tug,St. Petersburg,1
59.88227,30.19492,0,0,88,8,SPB,RU,141,0,KAPITAN SOROKIN,3,345312,31,43,28,5138,39,1,2016-12-17T20:15:04.000Z,st_petersburg,2016-12-17T00:00:00.000Z,51,Tug,St. Petersburg,1
59.88227,30.19492,0,0,88,6,SPB,RU,141,0,KAPITAN SOROKIN,3,345312,31,43,28,5138,39,1,2016-12-17T20:15:04.000Z,st_petersburg,2016-12-17T00:00:00.000Z,51,Tug,St. Petersburg,1
59.88228,30.19494,0,0,88,2,SPB,RU,141,0,KAPITAN SOROKIN,3,345312,31,43,28,5138,39,1,2016-12-17T20:17:03.000Z,st_petersburg,2016-12-17T00:00:00.000Z,51,Tug,St. Petersburg,1
59.88228,30.19494,0,0,88,2,SPB,RU,141,0,KAPITAN SOROKIN,3,345312,31,43,28,5138,39,1,2016-12-17T20:17:04.000Z,st_petersburg,2016-12-17T00:00:00.000Z,51,Tug,St. Petersburg,1
59.88228,30.19494,0,0,88,4,SPB,RU,141,0,KAPITAN SOROKIN,3,345312,31,43,28,5138,39,1,2016-12-17T20:19:04.000Z,st_petersburg,2016-12-17T00:00:00.000Z,51,Tug,St. Petersburg,1
59.88228,30.19494,0,0,88,4,SPB,RU,141,0,KAPITAN SOROKIN,3,345312,31,43,28,5138,39,1,2016-12-17T20:19:05.000Z,st_petersburg,2016-12-17T00:00:00.000Z,51,Tug,St. Petersburg,1
59.88227,30.19495,0,0,88,3,SPB,RU,141,0,KAPITAN SOROKIN,3,345312,31,43,28,5138,39,1,2016-12-17T20:21:04.000Z,st_petersburg,2016-12-17T00:00:00.000Z,51,Tug,St. Petersburg,1
59.88227,30.19495,0,0,88,3,SPB,RU,141,0,KAPITAN SOROKIN,3,345312,31,43,28,5138,39,1,2016-12-17T20:21:04.000Z,st_petersburg,2016-12-17T00:00:00.000Z,51,Tug,St. Petersburg,1
59.88227,30.19495,0,0,88,5,SPB,RU,141,0,KAPITAN SOROKIN,3,345312,31,43,28,5138,39,1,2016-12-17T20:23:03.000Z,st_petersburg,2016-12-17T00:00:00.000Z,51,Tug,St. Petersburg,1
59.88227,30.19495,0,0,88,5,SPB,RU,141,0,KAPITAN SOROKIN,3,345312,31,43,28,5138,39,1,2016-12-17T20:23:04.000Z,st_petersburg,2016-12-17T00:00:00.000Z,51,Tug,St. Petersburg,1
59.88225,30.19498,0,0,88,3,SPB,RU,141,0,KAPITAN SOROKIN,3,345312,31,43,28,5138,39,1,2016-12-17T20:25:03.000Z,st_petersburg,2016-12-17T00:00:00.000Z,51,Tug,St. Petersburg,1
59.88225,30.19498,0,0,88,3,SPB,RU,141,0,KAPITAN SOROKIN,3,345312,31,43,28,5138,39,1,2016-12-17T20:25:04.000Z,st_petersburg,2016-12-17T00:00:00.000Z,51,Tug,St. Petersburg,1
59.88225,30.19495,0,0,88,2,SPB,RU,141,0,KAPITAN SOROKIN,3,345312,31,43,28,5138,39,1,2016-12-17T20:27:03.000Z,st_petersburg,2016-12-17T00:00:00.000Z,51,Tug,St. Petersburg,1
59.88225,30.19495,0,0,88,2,SPB,RU,141,0,KAPITAN SOROKIN,3,345312,31,43,28,5138,39,1,2016-12-17T20:27:04.000Z,st_petersburg,2016-12-17T00:00:00.000Z,51,Tug,St. Petersburg,1
59.88225,30.19495,0,0,88,4,SPB,RU,141,0,KAPITAN SOROKIN,3,345312,31,43,28,5138,39,1,2016-12-17T20:29:03.000Z,st_petersburg,2016-12-17T00:00:00.000Z,51,Tug,St. Petersburg,1
59.88225,30.19495,0,0,88,4,SPB,RU,141,0,KAPITAN SOROKIN,3,345312,31,43,28,5138,39,1,2016-12-17T20:29:04.000Z,st_petersburg,2016-12-17T00:00:00.000Z,51,Tug,St. Petersburg,1
59.88227,30.19495,0,0,88,3,SPB,RU,141,0,KAPITAN SOROKIN,3,345312,31,43,28,5138,39,1,2016-12-17T20:31:04.000Z,st_petersburg,2016-12-17T00:00:00.000Z,51,Tug,St. Petersburg,1
59.88227,30.19495,0,0,88,3,SPB,RU,141,0,KAPITAN SOROKIN,3,345312,31,43,28,5138,39,1,2016-12-17T20:31:04.000Z,st_petersburg,2016-12-17T00:00:00.000Z,51,Tug,St. Petersburg,1
59.88227,30.19495,0,0,88,2,SPB,RU,141,0,KAPITAN SOROKIN,3,345312,31,43,28,5138,39,1,2016-12-17T20:33:03.000Z,st_petersburg,2016-12-17T00:00:00.000Z,51,Tug,St. Petersburg,1
59.88227,30.19495,0,0,88,2,SPB,RU,141,0,KAPITAN SOROKIN,3,345312,31,43,28,5138,39,1,2016-12-17T20:33:04.000Z,st_petersburg,2016-12-17T00:00:00.000Z,51,Tug,St. Petersburg,1
59.88227,30.19495,0,0,88,4,SPB,RU,141,0,KAPITAN SOROKIN,3,345312,31,43,28,5138,39,1,2016-12-17T20:35:03.000Z,st_petersburg,2016-12-17T00:00:00.000Z,51,Tug,St. Petersburg,1
59.88227,30.19495,0,0,88,4,SPB,RU,141,0,KAPITAN SOROKIN,3,345312,31,43,28,5138,39,1,2016-12-17T20:35:04.000Z,st_petersburg,2016-12-17T00:00:00.000Z,51,Tug,St. Petersburg,1
59.88223,30.19495,0,0,88,3,SPB,RU,141,0,KAPITAN SOROKIN,3,345312,31,43,28,5138,39,1,2016-12-17T20:37:04.000Z,st_petersburg,2016-12-17T00:00:00.000Z,51,Tug,St. Petersburg,1
59.88223,30.19495,0,0,88,3,SPB,RU,141,0,KAPITAN SOROKIN,3,345312,31,43,28,5138,39,1,2016-12-17T20:37:04.000Z,st_petersburg,2016-12-17T00:00:00.000Z,51,Tug,St. Petersburg,1
59.88223,30.19495,0,0,88,5,SPB,RU,141,0,KAPITAN SOROKIN,3,345312,31,43,28,5138,39,1,2016-12-17T20:39:03.000Z,st_petersburg,2016-12-17T00:00:00.000Z,51,Tug,St. Petersburg,1
59.88223,30.19495,0,0,88,4,SPB,RU,141,0,KAPITAN SOROKIN,3,345312,31,43,28,5138,39,1,2016-12-17T20:39:04.000Z,st_petersburg,2016-12-17T00:00:00.000Z,51,Tug,St. Petersburg,1
59.88223,30.19495,0,0,88,7,SPB,RU,141,0,KAPITAN SOROKIN,3,345312,31,43,28,5138,39,1,2016-12-17T20:41:04.000Z,st_petersburg,2016-12-17T00:00:00.000Z,51,Tug,St. Petersburg,1
59.88223,30.19495,0,0,88,7,SPB,RU,141,0,KAPITAN SOROKIN,3,345312,31,43,28,5138,39,1,2016-12-17T20:41:05.000Z,st_petersburg,2016-12-17T00:00:00.000Z,51,Tug,St. Petersburg,1
59.88221,30.19489,0,0,88,3,SPB,RU,141,0,KAPITAN SOROKIN,3,345312,31,43,28,5138,39,1,2016-12-17T20:43:03.000Z,st_petersburg,2016-12-17T00:00:00.000Z,51,Tug,St. Petersburg,1
59.88221,30.19489,0,0,88,3,SPB,RU,141,0,KAPITAN SOROKIN,3,345312,31,43,28,5138,39,1,2016-12-17T20:43:04.000Z,st_petersburg,2016-12-17T00:00:00.000Z,51,Tug,St. Petersburg,1
59.88221,30.19489,0,0,88,5,SPB,RU,141,0,KAPITAN SOROKIN,3,345312,31,43,28,5138,39,1,2016-12-17T20:45:03.000Z,st_petersburg,2016-12-17T00:00:00.000Z,51,Tug,St. Petersburg,1
59.88221,30.19489,0,0,88,5,SPB,RU,141,0,KAPITAN SOROKIN,3,345312,31,43,28,5138,39,1,2016-12-17T20:45:04.000Z,st_petersburg,2016-12-17T00:00:00.000Z,51,Tug,St. Petersburg,1
59.88223,30.19491,0,0,88,3,SPB,RU,141,0,KAPITAN SOROKIN,3,345312,31,43,28,5138,39,1,2016-12-17T20:47:03.000Z,st_petersburg,2016-12-17T00:00:00.000Z,51,Tug,St. Petersburg,1
59.88223,30.19491,0,0,88,3,SPB,RU,141,0,KAPITAN SOROKIN,3,345312,31,43,28,5138,39,1,2016-12-17T20:47:04.000Z,st_petersburg,2016-12-17T00:00:00.000Z,51,Tug,St. Petersburg,1
59.88224,30.19491,0,0,88,2,SPB,RU,141,0,KAPITAN SOROKIN,3,345312,31,43,28,5138,39,1,2016-12-17T20:49:03.000Z,st_petersburg,2016-12-17T00:00:00.000Z,51,Tug,St. Petersburg,1
59.88224,30.19491,0,0,88,2,SPB,RU,141,0,KAPITAN SOROKIN,3,345312,31,43,28,5138,39,1,2016-12-17T20:49:04.000Z,st_petersburg,2016-12-17T00:00:00.000Z,51,Tug,St. Petersburg,1
59.88224,30.19491,0,0,88,4,SPB,RU,141,0,KAPITAN SOROKIN,3,345312,31,43,28,5138,39,1,2016-12-17T20:51:04.000Z,st_petersburg,2016-12-17T00:00:00.000Z,51,Tug,St. Petersburg,1
59.88224,30.19491,0,0,88,3,SPB,RU,141,0,KAPITAN SOROKIN,3,345312,31,43,28,5138,39,1,2016-12-17T20:51:04.000Z,st_petersburg,2016-12-17T00:00:00.000Z,51,Tug,St. Petersburg,1
59.88227,30.19494,0,0,88,3,SPB,RU,141,0,KAPITAN SOROKIN,3,345312,31,43,28,5138,39,1,2016-12-17T20:53:03.000Z,st_petersburg,2016-12-17T00:00:00.000Z,51,Tug,St. Petersburg,1
59.88227,30.19494,0,0,88,3,SPB,RU,141,0,KAPITAN SOROKIN,3,345312,31,43,28,5138,39,1,2016-12-17T20:53:04.000Z,st_petersburg,2016-12-17T00:00:00.000Z,51,Tug,St. Petersburg,1
59.88227,30.19494,0,0,88,5,SPB,RU,141,0,KAPITAN SOROKIN,3,345312,31,43,28,5138,39,1,2016-12-17T20:55:04.000Z,st_petersburg,2016-12-17T00:00:00.000Z,51,Tug,St. Petersburg,1
59.88227,30.19494,0,0,88,5,SPB,RU,141,0,KAPITAN SOROKIN,3,345312,31,43,28,5138,39,1,2016-12-17T20:55:04.000Z,st_petersburg,2016-12-17T00:00:00.000Z,51,Tug,St. Petersburg,1
59.88225,30.19493,1,0,88,3,SPB,RU,141,0,KAPITAN SOROKIN,3,345312,31,43,28,5138,39,1,2016-12-17T20:57:04.000Z,st_petersburg,2016-12-17T00:00:00.000Z,51,Tug,St. Petersburg,1
59.88225,30.19493,1,0,88,3,SPB,RU,141,0,KAPITAN SOROKIN,3,345312,31,43,28,5138,39,1,2016-12-17T20:57:04.000Z,st_petersburg,2016-12-17T00:00:00.000Z,51,Tug,St. Petersburg,1
59.88223,30.195,0,0,88,2,SPB,RU,141,0,KAPITAN SOROKIN,3,345312,31,43,28,5138,39,1,2016-12-17T20:59:03.000Z,st_petersburg,2016-12-17T00:00:00.000Z,51,Tug,St. Petersburg,1
59.88223,30.195,0,0,88,2,SPB,RU,141,0,KAPITAN SOROKIN,3,345312,31,43,28,5138,39,1,2016-12-17T20:59:04.000Z,st_petersburg,2016-12-17T00:00:00.000Z,51,Tug,St. Petersburg,1
59.88223,30.195,0,0,88,3,SPB,RU,141,0,KAPITAN SOROKIN,3,345312,31,43,28,5138,39,1,2016-12-17T21:01:03.000Z,st_petersburg,2016-12-17T00:00:00.000Z,51,Tug,St. Petersburg,1
59.88223,30.195,0,0,88,4,SPB,RU,141,0,KAPITAN SOROKIN,3,345312,31,43,28,5138,39,1,2016-12-17T21:01:04.000Z,st_petersburg,2016-12-17T00:00:00.000Z,51,Tug,St. Petersburg,1
59.88224,30.19495,0,0,88,3,SPB,RU,141,0,KAPITAN SOROKIN,3,345312,31,43,28,5138,39,1,2016-12-17T21:03:03.000Z,st_petersburg,2016-12-17T00:00:00.000Z,51,Tug,St. Petersburg,1
59.88224,30.19495,0,0,88,3,SPB,RU,141,0,KAPITAN SOROKIN,3,345312,31,43,28,5138,39,1,2016-12-17T21:03:04.000Z,st_petersburg,2016-12-17T00:00:00.000Z,51,Tug,St. Petersburg,1
59.88224,30.19495,0,0,88,5,SPB,RU,141,0,KAPITAN SOROKIN,3,345312,31,43,28,5138,39,1,2016-12-17T21:05:04.000Z,st_petersburg,2016-12-17T00:00:00.000Z,51,Tug,St. Petersburg,1
59.88224,30.19495,0,0,88,5,SPB,RU,141,0,KAPITAN SOROKIN,3,345312,31,43,28,5138,39,1,2016-12-17T21:05:04.000Z,st_petersburg,2016-12-17T00:00:00.000Z,51,Tug,St. Petersburg,1
59.88224,30.19495,0,0,88,7,SPB,RU,141,0,KAPITAN SOROKIN,3,345312,31,43,28,5138,39,1,2016-12-17T21:07:03.000Z,st_petersburg,2016-12-17T00:00:00.000Z,51,Tug,St. Petersburg,1
59.88224,30.19495,0,0,88,7,SPB,RU,141,0,KAPITAN SOROKIN,3,345312,31,43,28,5138,39,1,2016-12-17T21:07:04.000Z,st_petersburg,2016-12-17T00:00:00.000Z,51,Tug,St. Petersburg,1
59.88224,30.19495,0,0,88,9,SPB,RU,141,0,KAPITAN SOROKIN,3,345312,31,43,28,5138,39,1,2016-12-17T21:09:03.000Z,st_petersburg,2016-12-17T00:00:00.000Z,51,Tug,St. Petersburg,1
59.88224,30.19495,0,0,88,9,SPB,RU,141,0,KAPITAN SOROKIN,3,345312,31,43,28,5138,39,1,2016-12-17T21:09:04.000Z,st_petersburg,2016-12-17T00:00:00.000Z,51,Tug,St. Petersburg,1
59.88224,30.19495,0,0,88,3,SPB,RU,141,0,KAPITAN SOROKIN,3,345312,31,43,28,5138,39,1,2016-12-17T21:11:03.000Z,st_petersburg,2016-12-17T00:00:00.000Z,51,Tug,St. Petersburg,1
59.88224,30.19495,0,0,88,2,SPB,RU,141,0,KAPITAN SOROKIN,3,345312,31,43,28,5138,39,1,2016-12-17T21:11:04.000Z,st_petersburg,2016-12-17T00:00:00.000Z,51,Tug,St. Petersburg,1
59.88226,30.19493,0,0,88,2,SPB,RU,141,0,KAPITAN SOROKIN,3,345312,31,43,28,5138,39,1,2016-12-17T21:13:03.000Z,st_petersburg,2016-12-17T00:00:00.000Z,51,Tug,St. Petersburg,1
59.88226,30.19493,0,0,88,2,SPB,RU,141,0,KAPITAN SOROKIN,3,345312,31,43,28,5138,39,1,2016-12-17T21:13:04.000Z,st_petersburg,2016-12-17T00:00:00.000Z,51,Tug,St. Petersburg,1
59.88226,30.19493,0,0,88,4,SPB,RU,141,0,KAPITAN SOROKIN,3,345312,31,43,28,5138,39,1,2016-12-17T21:15:03.000Z,st_petersburg,2016-12-17T00:00:00.000Z,51,Tug,St. Petersburg,1
59.88226,30.19493,0,0,88,4,SPB,RU,141,0,KAPITAN SOROKIN,3,345312,31,43,28,5138,39,1,2016-12-17T21:15:04.000Z,st_petersburg,2016-12-17T00:00:00.000Z,51,Tug,St. Petersburg,1
59.88225,30.19493,0,0,88,3,SPB,RU,141,0,KAPITAN SOROKIN,3,345312,31,43,28,5138,39,1,2016-12-17T21:17:03.000Z,st_petersburg,2016-12-17T00:00:00.000Z,51,Tug,St. Petersburg,1
59.88225,30.19493,0,0,88,3,SPB,RU,141,0,KAPITAN SOROKIN,3,345312,31,43,28,5138,39,1,2016-12-17T21:17:04.000Z,st_petersburg,2016-12-17T00:00:00.000Z,51,Tug,St. Petersburg,1
59.88225,30.19494,0,0,88,2,SPB,RU,141,0,KAPITAN SOROKIN,3,345312,31,43,28,5138,39,1,2016-12-17T21:19:04.000Z,st_petersburg,2016-12-17T00:00:00.000Z,51,Tug,St. Petersburg,1
59.88225,30.19494,0,0,88,2,SPB,RU,141,0,KAPITAN SOROKIN,3,345312,31,43,28,5138,39,1,2016-12-17T21:19:05.000Z,st_petersburg,2016-12-17T00:00:00.000Z,51,Tug,St. Petersburg,1
59.88225,30.19494,0,0,88,4,SPB,RU,141,0,KAPITAN SOROKIN,3,345312,31,43,28,5138,39,1,2016-12-17T21:21:03.000Z,st_petersburg,2016-12-17T00:00:00.000Z,51,Tug,St. Petersburg,1
59.88225,30.19494,0,0,88,4,SPB,RU,141,0,KAPITAN SOROKIN,3,345312,31,43,28,5138,39,1,2016-12-17T21:21:04.000Z,st_petersburg,2016-12-17T00:00:00.000Z,51,Tug,St. Petersburg,1
59.88225,30.19494,0,0,88,6,SPB,RU,141,0,KAPITAN SOROKIN,3,345312,31,43,28,5138,39,1,2016-12-17T21:23:03.000Z,st_petersburg,2016-12-17T00:00:00.000Z,51,Tug,St. Petersburg,1
59.88225,30.19494,0,0,88,6,SPB,RU,141,0,KAPITAN SOROKIN,3,345312,31,43,28,5138,39,1,2016-12-17T21:23:04.000Z,st_petersburg,2016-12-17T00:00:00.000Z,51,Tug,St. Petersburg,1
59.88225,30.19494,0,0,88,8,SPB,RU,141,0,KAPITAN SOROKIN,3,345312,31,43,28,5138,39,1,2016-12-17T21:25:04.000Z,st_petersburg,2016-12-17T00:00:00.000Z,51,Tug,St. Petersburg,1
59.88225,30.19494,0,0,88,8,SPB,RU,141,0,KAPITAN SOROKIN,3,345312,31,43,28,5138,39,1,2016-12-17T21:25:04.000Z,st_petersburg,2016-12-17T00:00:00.000Z,51,Tug,St. Petersburg,1
59.88227,30.19494,0,0,88,2,SPB,RU,141,0,KAPITAN SOROKIN,3,345312,31,43,28,5138,39,1,2016-12-17T21:27:03.000Z,st_petersburg,2016-12-17T00:00:00.000Z,51,Tug,St. Petersburg,1
59.88227,30.19494,0,0,88,2,SPB,RU,141,0,KAPITAN SOROKIN,3,345312,31,43,28,5138,39,1,2016-12-17T21:27:04.000Z,st_petersburg,2016-12-17T00:00:00.000Z,51,Tug,St. Petersburg,1
59.88227,30.19494,0,0,88,4,SPB,RU,141,0,KAPITAN SOROKIN,3,345312,31,43,28,5138,39,1,2016-12-17T21:29:04.000Z,st_petersburg,2016-12-17T00:00:00.000Z,51,Tug,St. Petersburg,1
59.88227,30.19494,0,0,88,4,SPB,RU,141,0,KAPITAN SOROKIN,3,345312,31,43,28,5138,39,1,2016-12-17T21:29:04.000Z,st_petersburg,2016-12-17T00:00:00.000Z,51,Tug,St. Petersburg,1
59.88227,30.19494,0,0,88,5,SPB,RU,141,0,KAPITAN SOROKIN,3,345312,31,43,28,5138,39,1,2016-12-17T21:31:03.000Z,st_petersburg,2016-12-17T00:00:00.000Z,51,Tug,St. Petersburg,1
59.88227,30.19494,0,0,88,6,SPB,RU,141,0,KAPITAN SOROKIN,3,345312,31,43,28,5138,39,1,2016-12-17T21:31:04.000Z,st_petersburg,2016-12-17T00:00:00.000Z,51,Tug,St. Petersburg,1
59.88227,30.19494,0,0,88,8,SPB,RU,141,0,KAPITAN SOROKIN,3,345312,31,43,28,5138,39,1,2016-12-17T21:33:03.000Z,st_petersburg,2016-12-17T00:00:00.000Z,51,Tug,St. Petersburg,1
59.88227,30.19494,0,0,88,8,SPB,RU,141,0,KAPITAN SOROKIN,3,345312,31,43,28,5138,39,1,2016-12-17T21:33:04.000Z,st_petersburg,2016-12-17T00:00:00.000Z,51,Tug,St. Petersburg,1
59.88227,30.19494,0,0,88,10,SPB,RU,141,0,KAPITAN SOROKIN,3,345312,31,43,28,5138,39,1,2016-12-17T21:35:03.000Z,st_petersburg,2016-12-17T00:00:00.000Z,51,Tug,St. Petersburg,1
59.88227,30.19494,0,0,88,9,SPB,RU,141,0,KAPITAN SOROKIN,3,345312,31,43,28,5138,39,1,2016-12-17T21:35:04.000Z,st_petersburg,2016-12-17T00:00:00.000Z,51,Tug,St. Petersburg,1
59.88228,30.19491,0,0,88,4,SPB,RU,141,0,KAPITAN SOROKIN,3,345312,31,43,28,5138,39,1,2016-12-17T21:37:04.000Z,st_petersburg,2016-12-17T00:00:00.000Z,51,Tug,St. Petersburg,1
59.88228,30.19491,0,0,88,4,SPB,RU,141,0,KAPITAN SOROKIN,3,345312,31,43,28,5138,39,1,2016-12-17T21:37:05.000Z,st_petersburg,2016-12-17T00:00:00.000Z,51,Tug,St. Petersburg,1
59.88226,30.19494,0,0,88,3,SPB,RU,141,0,KAPITAN SOROKIN,3,345312,31,43,28,5138,39,1,2016-12-17T21:39:04.000Z,st_petersburg,2016-12-17T00:00:00.000Z,51,Tug,St. Petersburg,1
59.88226,30.19494,0,0,88,3,SPB,RU,141,0,KAPITAN SOROKIN,3,345312,31,43,28,5138,39,1,2016-12-17T21:39:04.000Z,st_petersburg,2016-12-17T00:00:00.000Z,51,Tug,St. Petersburg,1
59.88225,30.19496,0,0,88,2,SPB,RU,141,0,KAPITAN SOROKIN,3,345312,31,43,28,5138,39,1,2016-12-17T21:41:03.000Z,st_petersburg,2016-12-17T00:00:00.000Z,51,Tug,St. Petersburg,1
59.88225,30.19496,0,0,88,2,SPB,RU,141,0,KAPITAN SOROKIN,3,345312,31,43,28,5138,39,1,2016-12-17T21:41:04.000Z,st_petersburg,2016-12-17T00:00:00.000Z,51,Tug,St. Petersburg,1
59.88225,30.19496,0,0,88,4,SPB,RU,141,0,KAPITAN SOROKIN,3,345312,31,43,28,5138,39,1,2016-12-17T21:43:03.000Z,st_petersburg,2016-12-17T00:00:00.000Z,51,Tug,St. Petersburg,1
59.88225,30.19496,0,0,88,2,SPB,RU,141,0,KAPITAN SOROKIN,3,345312,31,43,28,5138,39,1,2016-12-17T21:43:03.000Z,st_petersburg,2016-12-17T00:00:00.000Z,51,Tug,St. Petersburg,1
59.88225,30.19495,0,0,88,3,SPB,RU,141,0,KAPITAN SOROKIN,3,345312,31,43,28,5138,39,1,2016-12-17T21:45:04.000Z,st_petersburg,2016-12-17T00:00:00.000Z,51,Tug,St. Petersburg,1
59.88225,30.19495,0,0,88,3,SPB,RU,141,0,KAPITAN SOROKIN,3,345312,31,43,28,5138,39,1,2016-12-17T21:45:05.000Z,st_petersburg,2016-12-17T00:00:00.000Z,51,Tug,St. Petersburg,1
59.88225,30.19495,0,0,88,5,SPB,RU,141,0,KAPITAN SOROKIN,3,345312,31,43,28,5138,39,1,2016-12-17T21:47:04.000Z,st_petersburg,2016-12-17T00:00:00.000Z,51,Tug,St. Petersburg,1
59.88225,30.19495,0,0,88,5,SPB,RU,141,0,KAPITAN SOROKIN,3,345312,31,43,28,5138,39,1,2016-12-17T21:47:04.000Z,st_petersburg,2016-12-17T00:00:00.000Z,51,Tug,St. Petersburg,1
59.88225,30.19495,0,0,88,5,SPB,RU,141,0,KAPITAN SOROKIN,3,345312,31,43,28,5138,39,1,2016-12-17T21:49:03.000Z,st_petersburg,2016-12-17T00:00:00.000Z,51,Tug,St. Petersburg,1
59.88225,30.19495,0,0,88,7,SPB,RU,141,0,KAPITAN SOROKIN,3,345312,31,43,28,5138,39,1,2016-12-17T21:49:04.000Z,st_petersburg,2016-12-17T00:00:00.000Z,51,Tug,St. Petersburg,1
59.88225,30.19495,0,0,88,9,SPB,RU,141,0,KAPITAN SOROKIN,3,345312,31,43,28,5138,39,1,2016-12-17T21:51:03.000Z,st_petersburg,2016-12-17T00:00:00.000Z,51,Tug,St. Petersburg,1
59.88225,30.19495,0,0,88,9,SPB,RU,141,0,KAPITAN SOROKIN,3,345312,31,43,28,5138,39,1,2016-12-17T21:51:04.000Z,st_petersburg,2016-12-17T00:00:00.000Z,51,Tug,St. Petersburg,1
59.88225,30.19495,0,0,88,3,SPB,RU,141,0,KAPITAN SOROKIN,3,345312,31,43,28,5138,39,1,2016-12-17T21:53:04.000Z,st_petersburg,2016-12-17T00:00:00.000Z,51,Tug,St. Petersburg,1
59.88225,30.19495,0,0,88,3,SPB,RU,141,0,KAPITAN SOROKIN,3,345312,31,43,28,5138,39,1,2016-12-17T21:53:05.000Z,st_petersburg,2016-12-17T00:00:00.000Z,51,Tug,St. Petersburg,1
59.88225,30.19495,0,0,88,3,SPB,RU,141,0,KAPITAN SOROKIN,3,345312,31,43,28,5138,39,1,2016-12-17T21:55:03.000Z,st_petersburg,2016-12-17T00:00:00.000Z,51,Tug,St. Petersburg,1
59.88225,30.19495,0,0,88,3,SPB,RU,141,0,KAPITAN SOROKIN,3,345312,31,43,28,5138,39,1,2016-12-17T21:55:04.000Z,st_petersburg,2016-12-17T00:00:00.000Z,51,Tug,St. Petersburg,1
59.88226,30.19495,0,0,88,4,SPB,RU,141,0,KAPITAN SOROKIN,3,345312,31,43,28,5138,39,1,2016-12-17T21:57:04.000Z,st_petersburg,2016-12-17T00:00:00.000Z,51,Tug,St. Petersburg,1
59.88226,30.19495,0,0,88,4,SPB,RU,141,0,KAPITAN SOROKIN,3,345312,31,43,28,5138,39,1,2016-12-17T21:57:05.000Z,st_petersburg,2016-12-17T00:00:00.000Z,51,Tug,St. Petersburg,1
59.88225,30.19491,0,0,88,3,SPB,RU,141,0,KAPITAN SOROKIN,3,345312,31,43,28,5138,39,1,2016-12-17T21:59:04.000Z,st_petersburg,2016-12-17T00:00:00.000Z,51,Tug,St. Petersburg,1
59.88225,30.19491,0,0,88,3,SPB,RU,141,0,KAPITAN SOROKIN,3,345312,31,43,28,5138,39,1,2016-12-17T21:59:04.000Z,st_petersburg,2016-12-17T00:00:00.000Z,51,Tug,St. Petersburg,1
59.88225,30.19493,0,0,88,2,SPB,RU,141,0,KAPITAN SOROKIN,3,345312,31,43,28,5138,39,1,2016-12-17T22:01:03.000Z,st_petersburg,2016-12-17T00:00:00.000Z,51,Tug,St. Petersburg,1
59.88225,30.19491,0,0,88,3,SPB,RU,141,0,KAPITAN SOROKIN,3,345312,31,43,28,5138,39,1,2016-12-17T22:01:04.000Z,st_petersburg,2016-12-17T00:00:00.000Z,51,Tug,St. Petersburg,1
59.88225,30.19493,0,0,88,4,SPB,RU,141,0,KAPITAN SOROKIN,3,345312,31,43,28,5138,39,1,2016-12-17T22:03:03.000Z,st_petersburg,2016-12-17T00:00:00.000Z,51,Tug,St. Petersburg,1
59.88225,30.19493,0,0,88,4,SPB,RU,141,0,KAPITAN SOROKIN,3,345312,31,43,28,5138,39,1,2016-12-17T22:03:04.000Z,st_petersburg,2016-12-17T00:00:00.000Z,51,Tug,St. Petersburg,1
59.88225,30.19493,0,0,88,3,SPB,RU,141,0,KAPITAN SOROKIN,3,345312,31,43,28,5138,39,1,2016-12-17T22:05:04.000Z,st_petersburg,2016-12-17T00:00:00.000Z,51,Tug,St. Petersburg,1
59.88225,30.19493,0,0,88,2,SPB,RU,141,0,KAPITAN SOROKIN,3,345312,31,43,28,5138,39,1,2016-12-17T22:05:05.000Z,st_petersburg,2016-12-17T00:00:00.000Z,51,Tug,St. Petersburg,1
59.88225,30.19495,0,0,88,2,SPB,RU,141,0,KAPITAN SOROKIN,3,345312,31,43,28,5138,39,1,2016-12-17T22:07:03.000Z,st_petersburg,2016-12-17T00:00:00.000Z,51,Tug,St. Petersburg,1
59.88225,30.19495,0,0,88,2,SPB,RU,141,0,KAPITAN SOROKIN,3,345312,31,43,28,5138,39,1,2016-12-17T22:07:04.000Z,st_petersburg,2016-12-17T00:00:00.000Z,51,Tug,St. Petersburg,1
59.88225,30.19495,0,0,88,4,SPB,RU,141,0,KAPITAN SOROKIN,3,345312,31,43,28,5138,39,1,2016-12-17T22:09:03.000Z,st_petersburg,2016-12-17T00:00:00.000Z,51,Tug,St. Petersburg,1
59.88225,30.19495,0,0,88,4,SPB,RU,141,0,KAPITAN SOROKIN,3,345312,31,43,28,5138,39,1,2016-12-17T22:09:04.000Z,st_petersburg,2016-12-17T00:00:00.000Z,51,Tug,St. Petersburg,1
59.88225,30.19495,0,0,88,3,SPB,RU,141,0,KAPITAN SOROKIN,3,345312,31,43,28,5138,39,1,2016-12-17T22:11:04.000Z,st_petersburg,2016-12-17T00:00:00.000Z,51,Tug,St. Petersburg,1
59.88225,30.19495,0,0,88,2,SPB,RU,141,0,KAPITAN SOROKIN,3,345312,31,43,28,5138,39,1,2016-12-17T22:11:04.000Z,st_petersburg,2016-12-17T00:00:00.000Z,51,Tug,St. Petersburg,1
59.88225,30.19495,0,0,88,3,SPB,RU,141,0,KAPITAN SOROKIN,3,345312,31,43,28,5138,39,1,2016-12-17T22:13:03.000Z,st_petersburg,2016-12-17T00:00:00.000Z,51,Tug,St. Petersburg,1
59.88225,30.19495,0,0,88,5,SPB,RU,141,0,KAPITAN SOROKIN,3,345312,31,43,28,5138,39,1,2016-12-17T22:13:04.000Z,st_petersburg,2016-12-17T00:00:00.000Z,51,Tug,St. Petersburg,1
59.88223,30.19494,0,0,88,3,SPB,RU,141,0,KAPITAN SOROKIN,3,345312,31,43,28,5138,39,1,2016-12-17T22:15:03.000Z,st_petersburg,2016-12-17T00:00:00.000Z,51,Tug,St. Petersburg,1
59.88223,30.19494,0,0,88,3,SPB,RU,141,0,KAPITAN SOROKIN,3,345312,31,43,28,5138,39,1,2016-12-17T22:15:04.000Z,st_petersburg,2016-12-17T00:00:00.000Z,51,Tug,St. Petersburg,1
59.88225,30.1949,0,0,88,2,SPB,RU,141,0,KAPITAN SOROKIN,3,345312,31,43,28,5138,39,1,2016-12-17T22:17:03.000Z,st_petersburg,2016-12-17T00:00:00.000Z,51,Tug,St. Petersburg,1
59.88225,30.1949,0,0,88,2,SPB,RU,141,0,KAPITAN SOROKIN,3,345312,31,43,28,5138,39,1,2016-12-17T22:17:04.000Z,st_petersburg,2016-12-17T00:00:00.000Z,51,Tug,St. Petersburg,1
59.88225,30.1949,0,0,88,4,SPB,RU,141,0,KAPITAN SOROKIN,3,345312,31,43,28,5138,39,1,2016-12-17T22:19:03.000Z,st_petersburg,2016-12-17T00:00:00.000Z,51,Tug,St. Petersburg,1
59.88225,30.1949,0,0,88,4,SPB,RU,141,0,KAPITAN SOROKIN,3,345312,31,43,28,5138,39,1,2016-12-17T22:19:04.000Z,st_petersburg,2016-12-17T00:00:00.000Z,51,Tug,St. Petersburg,1
59.88224,30.19491,0,0,88,3,SPB,RU,141,0,KAPITAN SOROKIN,3,345312,31,43,28,5138,39,1,2016-12-17T22:21:03.000Z,st_petersburg,2016-12-17T00:00:00.000Z,51,Tug,St. Petersburg,1
59.88224,30.19491,0,0,88,3,SPB,RU,141,0,KAPITAN SOROKIN,3,345312,31,43,28,5138,39,1,2016-12-17T22:21:04.000Z,st_petersburg,2016-12-17T00:00:00.000Z,51,Tug,St. Petersburg,1
59.88224,30.19495,0,0,88,2,SPB,RU,141,0,KAPITAN SOROKIN,3,345312,31,43,28,5138,39,1,2016-12-17T22:23:03.000Z,st_petersburg,2016-12-17T00:00:00.000Z,51,Tug,St. Petersburg,1
59.88224,30.19495,0,0,88,2,SPB,RU,141,0,KAPITAN SOROKIN,3,345312,31,43,28,5138,39,1,2016-12-17T22:23:04.000Z,st_petersburg,2016-12-17T00:00:00.000Z,51,Tug,St. Petersburg,1
59.88224,30.19495,0,0,88,4,SPB,RU,141,0,KAPITAN SOROKIN,3,345312,31,43,28,5138,39,1,2016-12-17T22:25:03.000Z,st_petersburg,2016-12-17T00:00:00.000Z,51,Tug,St. Petersburg,1
59.88224,30.19495,0,0,88,4,SPB,RU,141,0,KAPITAN SOROKIN,3,345312,31,43,28,5138,39,1,2016-12-17T22:25:04.000Z,st_petersburg,2016-12-17T00:00:00.000Z,51,Tug,St. Petersburg,1
59.88224,30.19495,0,0,88,6,SPB,RU,141,0,KAPITAN SOROKIN,3,345312,31,43,28,5138,39,1,2016-12-17T22:27:04.000Z,st_petersburg,2016-12-17T00:00:00.000Z,51,Tug,St. Petersburg,1
59.88224,30.19495,0,0,88,6,SPB,RU,141,0,KAPITAN SOROKIN,3,345312,31,43,28,5138,39,1,2016-12-17T22:27:05.000Z,st_petersburg,2016-12-17T00:00:00.000Z,51,Tug,St. Petersburg,1
59.88224,30.19495,0,0,88,8,SPB,RU,141,0,KAPITAN SOROKIN,3,345312,31,43,28,5138,39,1,2016-12-17T22:29:04.000Z,st_petersburg,2016-12-17T00:00:00.000Z,51,Tug,St. Petersburg,1
59.88224,30.19495,0,0,88,6,SPB,RU,141,0,KAPITAN SOROKIN,3,345312,31,43,28,5138,39,1,2016-12-17T22:29:04.000Z,st_petersburg,2016-12-17T00:00:00.000Z,51,Tug,St. Petersburg,1
59.88225,30.19495,0,0,88,2,SPB,RU,141,0,KAPITAN SOROKIN,3,345312,31,43,28,5138,39,1,2016-12-17T22:31:03.000Z,st_petersburg,2016-12-17T00:00:00.000Z,51,Tug,St. Petersburg,1
59.88225,30.19495,0,0,88,2,SPB,RU,141,0,KAPITAN SOROKIN,3,345312,31,43,28,5138,39,1,2016-12-17T22:31:04.000Z,st_petersburg,2016-12-17T00:00:00.000Z,51,Tug,St. Petersburg,1
59.88225,30.19495,0,0,88,4,SPB,RU,141,0,KAPITAN SOROKIN,3,345312,31,43,28,5138,39,1,2016-12-17T22:33:03.000Z,st_petersburg,2016-12-17T00:00:00.000Z,51,Tug,St. Petersburg,1
59.88225,30.19495,0,0,88,4,SPB,RU,141,0,KAPITAN SOROKIN,3,345312,31,43,28,5138,39,1,2016-12-17T22:33:04.000Z,st_petersburg,2016-12-17T00:00:00.000Z,51,Tug,St. Petersburg,1
59.88225,30.19498,0,0,88,3,SPB,RU,141,0,KAPITAN SOROKIN,3,345312,31,43,28,5138,39,1,2016-12-17T22:35:03.000Z,st_petersburg,2016-12-17T00:00:00.000Z,51,Tug,St. Petersburg,1
59.88225,30.19498,0,0,88,3,SPB,RU,141,0,KAPITAN SOROKIN,3,345312,31,43,28,5138,39,1,2016-12-17T22:35:04.000Z,st_petersburg,2016-12-17T00:00:00.000Z,51,Tug,St. Petersburg,1
59.88226,30.19497,0,0,88,2,SPB,RU,141,0,KAPITAN SOROKIN,3,345312,31,43,28,5138,39,1,2016-12-17T22:37:04.000Z,st_petersburg,2016-12-17T00:00:00.000Z,51,Tug,St. Petersburg,1
59.88226,30.19497,0,0,88,2,SPB,RU,141,0,KAPITAN SOROKIN,3,345312,31,43,28,5138,39,1,2016-12-17T22:37:05.000Z,st_petersburg,2016-12-17T00:00:00.000Z,51,Tug,St. Petersburg,1
59.88226,30.19497,0,0,88,4,SPB,RU,141,0,KAPITAN SOROKIN,3,345312,31,43,28,5138,39,1,2016-12-17T22:39:03.000Z,st_petersburg,2016-12-17T00:00:00.000Z,51,Tug,St. Petersburg,1
59.88226,30.19497,0,0,88,4,SPB,RU,141,0,KAPITAN SOROKIN,3,345312,31,43,28,5138,39,1,2016-12-17T22:39:04.000Z,st_petersburg,2016-12-17T00:00:00.000Z,51,Tug,St. Petersburg,1
59.88225,30.19495,0,0,88,3,SPB,RU,141,0,KAPITAN SOROKIN,3,345312,31,43,28,5138,39,1,2016-12-17T22:41:04.000Z,st_petersburg,2016-12-17T00:00:00.000Z,51,Tug,St. Petersburg,1
59.88225,30.19495,0,0,88,3,SPB,RU,141,0,KAPITAN SOROKIN,3,345312,31,43,28,5138,39,1,2016-12-17T22:41:04.000Z,st_petersburg,2016-12-17T00:00:00.000Z,51,Tug,St. Petersburg,1
59.88225,30.19497,0,0,88,2,SPB,RU,141,0,KAPITAN SOROKIN,3,345312,31,43,28,5138,39,1,2016-12-17T22:43:03.000Z,st_petersburg,2016-12-17T00:00:00.000Z,51,Tug,St. Petersburg,1
59.88225,30.19497,0,0,88,2,SPB,RU,141,0,KAPITAN SOROKIN,3,345312,31,43,28,5138,39,1,2016-12-17T22:43:04.000Z,st_petersburg,2016-12-17T00:00:00.000Z,51,Tug,St. Petersburg,1
59.88225,30.19497,0,0,88,4,SPB,RU,141,0,KAPITAN SOROKIN,3,345312,31,43,28,5138,39,1,2016-12-17T22:45:05.000Z,st_petersburg,2016-12-17T00:00:00.000Z,51,Tug,St. Petersburg,1
59.88225,30.19497,0,0,88,4,SPB,RU,141,0,KAPITAN SOROKIN,3,345312,31,43,28,5138,39,1,2016-12-17T22:45:05.000Z,st_petersburg,2016-12-17T00:00:00.000Z,51,Tug,St. Petersburg,1
59.88228,30.19494,0,0,88,3,SPB,RU,141,0,KAPITAN SOROKIN,3,345312,31,43,28,5138,39,1,2016-12-17T22:47:03.000Z,st_petersburg,2016-12-17T00:00:00.000Z,51,Tug,St. Petersburg,1
59.88228,30.19494,0,0,88,3,SPB,RU,141,0,KAPITAN SOROKIN,3,345312,31,43,28,5138,39,1,2016-12-17T22:47:04.000Z,st_petersburg,2016-12-17T00:00:00.000Z,51,Tug,St. Petersburg,1
59.88229,30.19492,0,0,88,2,SPB,RU,141,0,KAPITAN SOROKIN,3,345312,31,43,28,5138,39,1,2016-12-17T22:49:03.000Z,st_petersburg,2016-12-17T00:00:00.000Z,51,Tug,St. Petersburg,1
59.88229,30.19492,0,0,88,2,SPB,RU,141,0,KAPITAN SOROKIN,3,345312,31,43,28,5138,39,1,2016-12-17T22:49:04.000Z,st_petersburg,2016-12-17T00:00:00.000Z,51,Tug,St. Petersburg,1
59.88229,30.19492,0,0,88,4,SPB,RU,141,0,KAPITAN SOROKIN,3,345312,31,43,28,5138,39,1,2016-12-17T22:51:03.000Z,st_petersburg,2016-12-17T00:00:00.000Z,51,Tug,St. Petersburg,1
59.88229,30.19492,0,0,88,4,SPB,RU,141,0,KAPITAN SOROKIN,3,345312,31,43,28,5138,39,1,2016-12-17T22:51:04.000Z,st_petersburg,2016-12-17T00:00:00.000Z,51,Tug,St. Petersburg,1
59.88221,30.19494,0,0,88,3,SPB,RU,141,0,KAPITAN SOROKIN,3,345312,31,43,28,5138,39,1,2016-12-17T22:53:03.000Z,st_petersburg,2016-12-17T00:00:00.000Z,51,Tug,St. Petersburg,1
59.88221,30.19494,0,0,88,3,SPB,RU,141,0,KAPITAN SOROKIN,3,345312,31,43,28,5138,39,1,2016-12-17T22:53:04.000Z,st_petersburg,2016-12-17T00:00:00.000Z,51,Tug,St. Petersburg,1
59.88223,30.19495,0,0,88,2,SPB,RU,141,0,KAPITAN SOROKIN,3,345312,31,43,28,5138,39,1,2016-12-17T22:55:03.000Z,st_petersburg,2016-12-17T00:00:00.000Z,51,Tug,St. Petersburg,1
59.88223,30.19495,0,0,88,2,SPB,RU,141,0,KAPITAN SOROKIN,3,345312,31,43,28,5138,39,1,2016-12-17T22:55:04.000Z,st_petersburg,2016-12-17T00:00:00.000Z,51,Tug,St. Petersburg,1
59.88223,30.19495,0,0,88,4,SPB,RU,141,0,KAPITAN SOROKIN,3,345312,31,43,28,5138,39,1,2016-12-17T22:57:04.000Z,st_petersburg,2016-12-17T00:00:00.000Z,51,Tug,St. Petersburg,1
59.88223,30.19495,0,0,88,4,SPB,RU,141,0,KAPITAN SOROKIN,3,345312,31,43,28,5138,39,1,2016-12-17T22:57:04.000Z,st_petersburg,2016-12-17T00:00:00.000Z,51,Tug,St. Petersburg,1
59.88227,30.19493,0,0,88,3,SPB,RU,141,0,KAPITAN SOROKIN,3,345312,31,43,28,5138,39,1,2016-12-17T22:59:03.000Z,st_petersburg,2016-12-17T00:00:00.000Z,51,Tug,St. Petersburg,1
59.88227,30.19493,0,0,88,3,SPB,RU,141,0,KAPITAN SOROKIN,3,345312,31,43,28,5138,39,1,2016-12-17T22:59:04.000Z,st_petersburg,2016-12-17T00:00:00.000Z,51,Tug,St. Petersburg,1
59.88225,30.19494,0,0,88,2,SPB,RU,141,0,KAPITAN SOROKIN,3,345312,31,43,28,5138,39,1,2016-12-17T23:01:03.000Z,st_petersburg,2016-12-17T00:00:00.000Z,51,Tug,St. Petersburg,1
59.88225,30.19494,0,0,88,2,SPB,RU,141,0,KAPITAN SOROKIN,3,345312,31,43,28,5138,39,1,2016-12-17T23:01:04.000Z,st_petersburg,2016-12-17T00:00:00.000Z,51,Tug,St. Petersburg,1
59.88225,30.19494,0,0,88,4,SPB,RU,141,0,KAPITAN SOROKIN,3,345312,31,43,28,5138,39,1,2016-12-17T23:03:03.000Z,st_petersburg,2016-12-17T00:00:00.000Z,51,Tug,St. Petersburg,1
59.88225,30.19494,0,0,88,4,SPB,RU,141,0,KAPITAN SOROKIN,3,345312,31,43,28,5138,39,1,2016-12-17T23:03:04.000Z,st_petersburg,2016-12-17T00:00:00.000Z,51,Tug,St. Petersburg,1
59.88226,30.19493,0,0,88,2,SPB,RU,141,0,KAPITAN SOROKIN,3,345312,31,43,28,5138,39,1,2016-12-17T23:05:03.000Z,st_petersburg,2016-12-17T00:00:00.000Z,51,Tug,St. Petersburg,1
59.88226,30.19493,0,0,88,2,SPB,RU,141,0,KAPITAN SOROKIN,3,345312,31,43,28,5138,39,1,2016-12-17T23:05:04.000Z,st_petersburg,2016-12-17T00:00:00.000Z,51,Tug,St. Petersburg,1
59.88226,30.19493,0,0,88,4,SPB,RU,141,0,KAPITAN SOROKIN,3,345312,31,43,28,5138,39,1,2016-12-17T23:07:03.000Z,st_petersburg,2016-12-17T00:00:00.000Z,51,Tug,St. Petersburg,1
59.88226,30.19493,0,0,88,4,SPB,RU,141,0,KAPITAN SOROKIN,3,345312,31,43,28,5138,39,1,2016-12-17T23:07:04.000Z,st_petersburg,2016-12-17T00:00:00.000Z,51,Tug,St. Petersburg,1
59.88226,30.19493,0,0,88,6,SPB,RU,141,0,KAPITAN SOROKIN,3,345312,31,43,28,5138,39,1,2016-12-17T23:09:03.000Z,st_petersburg,2016-12-17T00:00:00.000Z,51,Tug,St. Petersburg,1
59.88226,30.19493,0,0,88,6,SPB,RU,141,0,KAPITAN SOROKIN,3,345312,31,43,28,5138,39,1,2016-12-17T23:09:04.000Z,st_petersburg,2016-12-17T00:00:00.000Z,51,Tug,St. Petersburg,1
59.88226,30.19493,0,0,88,8,SPB,RU,141,0,KAPITAN SOROKIN,3,345312,31,43,28,5138,39,1,2016-12-17T23:11:03.000Z,st_petersburg,2016-12-17T00:00:00.000Z,51,Tug,St. Petersburg,1
59.88226,30.19493,0,0,88,8,SPB,RU,141,0,KAPITAN SOROKIN,3,345312,31,43,28,5138,39,1,2016-12-17T23:11:04.000Z,st_petersburg,2016-12-17T00:00:00.000Z,51,Tug,St. Petersburg,1
59.88229,30.19496,0,0,88,2,SPB,RU,141,0,KAPITAN SOROKIN,3,345312,31,43,28,5138,39,1,2016-12-17T23:13:03.000Z,st_petersburg,2016-12-17T00:00:00.000Z,51,Tug,St. Petersburg,1
59.88229,30.19496,0,0,88,2,SPB,RU,141,0,KAPITAN SOROKIN,3,345312,31,43,28,5138,39,1,2016-12-17T23:13:04.000Z,st_petersburg,2016-12-17T00:00:00.000Z,51,Tug,St. Petersburg,1
59.88229,30.19496,0,0,88,4,SPB,RU,141,0,KAPITAN SOROKIN,3,345312,31,43,28,5138,39,1,2016-12-17T23:15:04.000Z,st_petersburg,2016-12-17T00:00:00.000Z,51,Tug,St. Petersburg,1
59.88229,30.19496,0,0,88,4,SPB,RU,141,0,KAPITAN SOROKIN,3,345312,31,43,28,5138,39,1,2016-12-17T23:15:05.000Z,st_petersburg,2016-12-17T00:00:00.000Z,51,Tug,St. Petersburg,1
59.88227,30.19494,0,0,88,3,SPB,RU,141,0,KAPITAN SOROKIN,3,345312,31,43,28,5138,39,1,2016-12-17T23:17:03.000Z,st_petersburg,2016-12-17T00:00:00.000Z,51,Tug,St. Petersburg,1
59.88227,30.19494,0,0,88,3,SPB,RU,141,0,KAPITAN SOROKIN,3,345312,31,43,28,5138,39,1,2016-12-17T23:17:04.000Z,st_petersburg,2016-12-17T00:00:00.000Z,51,Tug,St. Petersburg,1
59.88228,30.19494,0,0,88,2,SPB,RU,141,0,KAPITAN SOROKIN,3,345312,31,43,28,5138,39,1,2016-12-17T23:19:04.000Z,st_petersburg,2016-12-17T00:00:00.000Z,51,Tug,St. Petersburg,1
59.88228,30.19494,0,0,88,2,SPB,RU,141,0,KAPITAN SOROKIN,3,345312,31,43,28,5138,39,1,2016-12-17T23:19:04.000Z,st_petersburg,2016-12-17T00:00:00.000Z,51,Tug,St. Petersburg,1
59.88228,30.19494,0,0,88,4,SPB,RU,141,0,KAPITAN SOROKIN,3,345312,31,43,28,5138,39,1,2016-12-17T23:21:03.000Z,st_petersburg,2016-12-17T00:00:00.000Z,51,Tug,St. Petersburg,1
59.88228,30.19494,0,0,88,4,SPB,RU,141,0,KAPITAN SOROKIN,3,345312,31,43,28,5138,39,1,2016-12-17T23:21:04.000Z,st_petersburg,2016-12-17T00:00:00.000Z,51,Tug,St. Petersburg,1
59.88228,30.19495,0,0,88,3,SPB,RU,141,0,KAPITAN SOROKIN,3,345312,31,43,28,5138,39,1,2016-12-17T23:23:04.000Z,st_petersburg,2016-12-17T00:00:00.000Z,51,Tug,St. Petersburg,1
59.88228,30.19495,0,0,88,3,SPB,RU,141,0,KAPITAN SOROKIN,3,345312,31,43,28,5138,39,1,2016-12-17T23:23:05.000Z,st_petersburg,2016-12-17T00:00:00.000Z,51,Tug,St. Petersburg,1
59.88228,30.19495,0,0,88,3,SPB,RU,141,0,KAPITAN SOROKIN,3,345312,31,43,28,5138,39,1,2016-12-17T23:25:03.000Z,st_petersburg,2016-12-17T00:00:00.000Z,51,Tug,St. Petersburg,1
59.88228,30.19495,0,0,88,5,SPB,RU,141,0,KAPITAN SOROKIN,3,345312,31,43,28,5138,39,1,2016-12-17T23:25:04.000Z,st_petersburg,2016-12-17T00:00:00.000Z,51,Tug,St. Petersburg,1
59.88224,30.19496,0,0,88,3,SPB,RU,141,0,KAPITAN SOROKIN,3,345312,31,43,28,5138,39,1,2016-12-17T23:27:03.000Z,st_petersburg,2016-12-17T00:00:00.000Z,51,Tug,St. Petersburg,1
59.88224,30.19496,0,0,88,3,SPB,RU,141,0,KAPITAN SOROKIN,3,345312,31,43,28,5138,39,1,2016-12-17T23:27:04.000Z,st_petersburg,2016-12-17T00:00:00.000Z,51,Tug,St. Petersburg,1
59.88224,30.19499,0,0,88,2,SPB,RU,141,0,KAPITAN SOROKIN,3,345312,31,43,28,5138,39,1,2016-12-17T23:29:03.000Z,st_petersburg,2016-12-17T00:00:00.000Z,51,Tug,St. Petersburg,1
59.88224,30.19499,0,0,88,2,SPB,RU,141,0,KAPITAN SOROKIN,3,345312,31,43,28,5138,39,1,2016-12-17T23:29:04.000Z,st_petersburg,2016-12-17T00:00:00.000Z,51,Tug,St. Petersburg,1
59.88224,30.19499,0,0,88,4,SPB,RU,141,0,KAPITAN SOROKIN,3,345312,31,43,28,5138,39,1,2016-12-17T23:31:04.000Z,st_petersburg,2016-12-17T00:00:00.000Z,51,Tug,St. Petersburg,1
59.88224,30.19499,0,0,88,3,SPB,RU,141,0,KAPITAN SOROKIN,3,345312,31,43,28,5138,39,1,2016-12-17T23:31:04.000Z,st_petersburg,2016-12-17T00:00:00.000Z,51,Tug,St. Petersburg,1
59.88225,30.19494,0,0,88,3,SPB,RU,141,0,KAPITAN SOROKIN,3,345312,31,43,28,5138,39,1,2016-12-17T23:33:03.000Z,st_petersburg,2016-12-17T00:00:00.000Z,51,Tug,St. Petersburg,1
59.88225,30.19494,0,0,88,3,SPB,RU,141,0,KAPITAN SOROKIN,3,345312,31,43,28,5138,39,1,2016-12-17T23:33:04.000Z,st_petersburg,2016-12-17T00:00:00.000Z,51,Tug,St. Petersburg,1
59.88225,30.19492,0,0,88,2,SPB,RU,141,0,KAPITAN SOROKIN,3,345312,31,43,28,5138,39,1,2016-12-17T23:35:03.000Z,st_petersburg,2016-12-17T00:00:00.000Z,51,Tug,St. Petersburg,1
59.88225,30.19492,0,0,88,2,SPB,RU,141,0,KAPITAN SOROKIN,3,345312,31,43,28,5138,39,1,2016-12-17T23:35:04.000Z,st_petersburg,2016-12-17T00:00:00.000Z,51,Tug,St. Petersburg,1
59.88225,30.19492,0,0,88,4,SPB,RU,141,0,KAPITAN SOROKIN,3,345312,31,43,28,5138,39,1,2016-12-17T23:37:03.000Z,st_petersburg,2016-12-17T00:00:00.000Z,51,Tug,St. Petersburg,1
59.88225,30.19492,0,0,88,4,SPB,RU,141,0,KAPITAN SOROKIN,3,345312,31,43,28,5138,39,1,2016-12-17T23:37:04.000Z,st_petersburg,2016-12-17T00:00:00.000Z,51,Tug,St. Petersburg,1
59.88225,30.19492,0,0,88,6,SPB,RU,141,0,KAPITAN SOROKIN,3,345312,31,43,28,5138,39,1,2016-12-17T23:39:03.000Z,st_petersburg,2016-12-17T00:00:00.000Z,51,Tug,St. Petersburg,1
59.88225,30.19492,0,0,88,6,SPB,RU,141,0,KAPITAN SOROKIN,3,345312,31,43,28,5138,39,1,2016-12-17T23:39:04.000Z,st_petersburg,2016-12-17T00:00:00.000Z,51,Tug,St. Petersburg,1
59.88225,30.19492,0,0,88,8,SPB,RU,141,0,KAPITAN SOROKIN,3,345312,31,43,28,5138,39,1,2016-12-17T23:41:04.000Z,st_petersburg,2016-12-17T00:00:00.000Z,51,Tug,St. Petersburg,1
59.88225,30.19492,0,0,88,7,SPB,RU,141,0,KAPITAN SOROKIN,3,345312,31,43,28,5138,39,1,2016-12-17T23:41:04.000Z,st_petersburg,2016-12-17T00:00:00.000Z,51,Tug,St. Petersburg,1
59.88229,30.19492,0,0,88,2,SPB,RU,141,0,KAPITAN SOROKIN,3,345312,31,43,28,5138,39,1,2016-12-17T23:43:03.000Z,st_petersburg,2016-12-17T00:00:00.000Z,51,Tug,St. Petersburg,1
59.88229,30.19492,0,0,88,2,SPB,RU,141,0,KAPITAN SOROKIN,3,345312,31,43,28,5138,39,1,2016-12-17T23:43:05.000Z,st_petersburg,2016-12-17T00:00:00.000Z,51,Tug,St. Petersburg,1
59.88229,30.19492,0,0,88,4,SPB,RU,141,0,KAPITAN SOROKIN,3,345312,31,43,28,5138,39,1,2016-12-17T23:45:03.000Z,st_petersburg,2016-12-17T00:00:00.000Z,51,Tug,St. Petersburg,1
59.88229,30.19492,0,0,88,4,SPB,RU,141,0,KAPITAN SOROKIN,3,345312,31,43,28,5138,39,1,2016-12-17T23:45:04.000Z,st_petersburg,2016-12-17T00:00:00.000Z,51,Tug,St. Petersburg,1
59.88224,30.19492,0,0,88,3,SPB,RU,141,0,KAPITAN SOROKIN,3,345312,31,43,28,5138,39,1,2016-12-17T23:47:05.000Z,st_petersburg,2016-12-17T00:00:00.000Z,51,Tug,St. Petersburg,1
59.88224,30.19492,0,0,88,3,SPB,RU,141,0,KAPITAN SOROKIN,3,345312,31,43,28,5138,39,1,2016-12-17T23:47:05.000Z,st_petersburg,2016-12-17T00:00:00.000Z,51,Tug,St. Petersburg,1
59.88227,30.19495,0,0,88,2,SPB,RU,141,0,KAPITAN SOROKIN,3,345312,31,43,28,5138,39,1,2016-12-17T23:49:04.000Z,st_petersburg,2016-12-17T00:00:00.000Z,51,Tug,St. Petersburg,1
59.88224,30.19492,0,0,88,4,SPB,RU,141,0,KAPITAN SOROKIN,3,345312,31,43,28,5138,39,1,2016-12-17T23:49:05.000Z,st_petersburg,2016-12-17T00:00:00.000Z,51,Tug,St. Petersburg,1
59.88227,30.19495,0,0,88,4,SPB,RU,141,0,KAPITAN SOROKIN,3,345312,31,43,28,5138,39,1,2016-12-17T23:51:03.000Z,st_petersburg,2016-12-17T00:00:00.000Z,51,Tug,St. Petersburg,1
59.88227,30.19495,0,0,88,4,SPB,RU,141,0,KAPITAN SOROKIN,3,345312,31,43,28,5138,39,1,2016-12-17T23:51:04.000Z,st_petersburg,2016-12-17T00:00:00.000Z,51,Tug,St. Petersburg,1
59.88227,30.19492,0,0,88,3,SPB,RU,141,0,KAPITAN SOROKIN,3,345312,31,43,28,5138,39,1,2016-12-17T23:53:04.000Z,st_petersburg,2016-12-17T00:00:00.000Z,51,Tug,St. Petersburg,1
59.88227,30.19492,0,0,88,3,SPB,RU,141,0,KAPITAN SOROKIN,3,345312,31,43,28,5138,39,1,2016-12-17T23:53:05.000Z,st_petersburg,2016-12-17T00:00:00.000Z,51,Tug,St. Petersburg,1
59.88227,30.19492,0,0,88,3,SPB,RU,141,0,KAPITAN SOROKIN,3,345312,31,43,28,5138,39,1,2016-12-17T23:55:03.000Z,st_petersburg,2016-12-17T00:00:00.000Z,51,Tug,St. Petersburg,1
59.88226,30.19495,0,0,88,2,SPB,RU,141,0,KAPITAN SOROKIN,3,345312,31,43,28,5138,39,1,2016-12-17T23:55:04.000Z,st_petersburg,2016-12-17T00:00:00.000Z,51,Tug,St. Petersburg,1
59.88226,30.19495,0,0,88,4,SPB,RU,141,0,KAPITAN SOROKIN,3,345312,31,43,28,5138,39,1,2016-12-17T23:57:03.000Z,st_petersburg,2016-12-17T00:00:00.000Z,51,Tug,St. Petersburg,1
59.88226,30.19495,0,0,88,4,SPB,RU,141,0,KAPITAN SOROKIN,3,345312,31,43,28,5138,39,1,2016-12-17T23:57:04.000Z,st_petersburg,2016-12-17T00:00:00.000Z,51,Tug,St. Petersburg,1
59.88228,30.195,0,0,88,3,SPB,RU,141,0,KAPITAN SOROKIN,3,345312,31,43,28,5138,39,1,2016-12-17T23:59:03.000Z,st_petersburg,2016-12-17T00:00:00.000Z,51,Tug,St. Petersburg,1
59.88228,30.195,0,0,88,3,SPB,RU,141,0,KAPITAN SOROKIN,3,345312,31,43,28,5138,39,1,2016-12-17T23:59:04.000Z,st_petersburg,2016-12-17T00:00:00.000Z,51,Tug,St. Petersburg,1
59.88228,30.195,0,0,88,5,SPB,RU,141,0,KAPITAN SOROKIN,3,345312,31,43,28,5138,39,1,2016-12-18T00:01:07.000Z,st_petersburg,2016-12-18T00:00:00.000Z,51,Tug,St. Petersburg,1
59.88228,30.195,0,0,88,5,SPB,RU,141,0,KAPITAN SOROKIN,3,345312,31,43,28,5138,39,1,2016-12-18T00:01:09.000Z,st_petersburg,2016-12-18T00:00:00.000Z,51,Tug,St. Petersburg,1
59.88228,30.195,0,0,88,7,SPB,RU,141,0,KAPITAN SOROKIN,3,345312,31,43,28,5138,39,1,2016-12-18T00:03:04.000Z,st_petersburg,2016-12-18T00:00:00.000Z,51,Tug,St. Petersburg,1
59.88228,30.195,0,0,88,7,SPB,RU,141,0,KAPITAN SOROKIN,3,345312,31,43,28,5138,39,1,2016-12-18T00:03:04.000Z,st_petersburg,2016-12-18T00:00:00.000Z,51,Tug,St. Petersburg,1
59.88228,30.195,0,0,88,9,SPB,RU,141,0,KAPITAN SOROKIN,3,345312,31,43,28,5138,39,1,2016-12-18T00:05:03.000Z,st_petersburg,2016-12-18T00:00:00.000Z,51,Tug,St. Petersburg,1
59.88228,30.195,0,0,88,9,SPB,RU,141,0,KAPITAN SOROKIN,3,345312,31,43,28,5138,39,1,2016-12-18T00:05:04.000Z,st_petersburg,2016-12-18T00:00:00.000Z,51,Tug,St. Petersburg,1
59.88225,30.19494,0,0,88,3,SPB,RU,141,0,KAPITAN SOROKIN,3,345312,31,43,28,5138,39,1,2016-12-18T00:07:04.000Z,st_petersburg,2016-12-18T00:00:00.000Z,51,Tug,St. Petersburg,1
59.88225,30.19494,0,0,88,3,SPB,RU,141,0,KAPITAN SOROKIN,3,345312,31,43,28,5138,39,1,2016-12-18T00:07:05.000Z,st_petersburg,2016-12-18T00:00:00.000Z,51,Tug,St. Petersburg,1
59.88222,30.19492,0,0,88,2,SPB,RU,141,0,KAPITAN SOROKIN,3,345312,31,43,28,5138,39,1,2016-12-18T00:09:04.000Z,st_petersburg,2016-12-18T00:00:00.000Z,51,Tug,St. Petersburg,1
59.88225,30.19494,0,0,88,4,SPB,RU,141,0,KAPITAN SOROKIN,3,345312,31,43,28,5138,39,1,2016-12-18T00:09:05.000Z,st_petersburg,2016-12-18T00:00:00.000Z,51,Tug,St. Petersburg,1
59.88222,30.19492,0,0,88,4,SPB,RU,141,0,KAPITAN SOROKIN,3,345312,31,43,28,5138,39,1,2016-12-18T00:11:07.000Z,st_petersburg,2016-12-18T00:00:00.000Z,51,Tug,St. Petersburg,1
59.88222,30.19492,0,0,88,3,SPB,RU,141,0,KAPITAN SOROKIN,3,345312,31,43,28,5138,39,1,2016-12-18T00:11:10.000Z,st_petersburg,2016-12-18T00:00:00.000Z,51,Tug,St. Petersburg,1
59.88222,30.19492,0,0,88,6,SPB,RU,141,0,KAPITAN SOROKIN,3,345312,31,43,28,5138,39,1,2016-12-18T00:13:03.000Z,st_petersburg,2016-12-18T00:00:00.000Z,51,Tug,St. Petersburg,1
59.88222,30.19492,0,0,88,6,SPB,RU,141,0,KAPITAN SOROKIN,3,345312,31,43,28,5138,39,1,2016-12-18T00:13:04.000Z,st_petersburg,2016-12-18T00:00:00.000Z,51,Tug,St. Petersburg,1
59.88222,30.19492,0,0,88,8,SPB,RU,141,0,KAPITAN SOROKIN,3,345312,31,43,28,5138,39,1,2016-12-18T00:15:04.000Z,st_petersburg,2016-12-18T00:00:00.000Z,51,Tug,St. Petersburg,1
59.88222,30.19492,0,0,88,8,SPB,RU,141,0,KAPITAN SOROKIN,3,345312,31,43,28,5138,39,1,2016-12-18T00:15:05.000Z,st_petersburg,2016-12-18T00:00:00.000Z,51,Tug,St. Petersburg,1
59.88223,30.19493,0,0,88,2,SPB,RU,141,0,KAPITAN SOROKIN,3,345312,31,43,28,5138,39,1,2016-12-18T00:17:04.000Z,st_petersburg,2016-12-18T00:00:00.000Z,51,Tug,St. Petersburg,1
59.88223,30.19493,0,0,88,2,SPB,RU,141,0,KAPITAN SOROKIN,3,345312,31,43,28,5138,39,1,2016-12-18T00:17:05.000Z,st_petersburg,2016-12-18T00:00:00.000Z,51,Tug,St. Petersburg,1
59.88223,30.19493,0,0,88,4,SPB,RU,141,0,KAPITAN SOROKIN,3,345312,31,43,28,5138,39,1,2016-12-18T00:19:03.000Z,st_petersburg,2016-12-18T00:00:00.000Z,51,Tug,St. Petersburg,1
59.88223,30.19493,0,0,88,4,SPB,RU,141,0,KAPITAN SOROKIN,3,345312,31,43,28,5138,39,1,2016-12-18T00:19:05.000Z,st_petersburg,2016-12-18T00:00:00.000Z,51,Tug,St. Petersburg,1
59.88223,30.19495,0,0,88,3,SPB,RU,141,0,KAPITAN SOROKIN,3,345312,31,43,28,5138,39,1,2016-12-18T00:21:03.000Z,st_petersburg,2016-12-18T00:00:00.000Z,51,Tug,St. Petersburg,1
59.88223,30.19495,0,0,88,3,SPB,RU,141,0,KAPITAN SOROKIN,3,345312,31,43,28,5138,39,1,2016-12-18T00:21:04.000Z,st_petersburg,2016-12-18T00:00:00.000Z,51,Tug,St. Petersburg,1
59.88226,30.19494,0,0,88,2,SPB,RU,141,0,KAPITAN SOROKIN,3,345312,31,43,28,5138,39,1,2016-12-18T00:23:03.000Z,st_petersburg,2016-12-18T00:00:00.000Z,51,Tug,St. Petersburg,1
59.88226,30.19494,0,0,88,2,SPB,RU,141,0,KAPITAN SOROKIN,3,345312,31,43,28,5138,39,1,2016-12-18T00:23:04.000Z,st_petersburg,2016-12-18T00:00:00.000Z,51,Tug,St. Petersburg,1
59.88226,30.19494,0,0,88,4,SPB,RU,141,0,KAPITAN SOROKIN,3,345312,31,43,28,5138,39,1,2016-12-18T00:25:04.000Z,st_petersburg,2016-12-18T00:00:00.000Z,51,Tug,St. Petersburg,1
59.88226,30.19494,0,0,88,4,SPB,RU,141,0,KAPITAN SOROKIN,3,345312,31,43,28,5138,39,1,2016-12-18T00:25:05.000Z,st_petersburg,2016-12-18T00:00:00.000Z,51,Tug,St. Petersburg,1
59.88224,30.19497,0,0,88,3,SPB,RU,141,0,KAPITAN SOROKIN,3,345312,31,43,28,5138,39,1,2016-12-18T00:27:04.000Z,st_petersburg,2016-12-18T00:00:00.000Z,51,Tug,St. Petersburg,1
59.88224,30.19497,0,0,88,3,SPB,RU,141,0,KAPITAN SOROKIN,3,345312,31,43,28,5138,39,1,2016-12-18T00:27:05.000Z,st_petersburg,2016-12-18T00:00:00.000Z,51,Tug,St. Petersburg,1
59.88225,30.19491,0,0,88,2,SPB,RU,141,0,KAPITAN SOROKIN,3,345312,31,43,28,5138,39,1,2016-12-18T00:29:04.000Z,st_petersburg,2016-12-18T00:00:00.000Z,51,Tug,St. Petersburg,1
59.88225,30.19491,0,0,88,2,SPB,RU,141,0,KAPITAN SOROKIN,3,345312,31,43,28,5138,39,1,2016-12-18T00:29:05.000Z,st_petersburg,2016-12-18T00:00:00.000Z,51,Tug,St. Petersburg,1
59.88225,30.19491,0,0,88,4,SPB,RU,141,0,KAPITAN SOROKIN,3,345312,31,43,28,5138,39,1,2016-12-18T00:31:04.000Z,st_petersburg,2016-12-18T00:00:00.000Z,51,Tug,St. Petersburg,1
59.88225,30.19491,0,0,88,4,SPB,RU,141,0,KAPITAN SOROKIN,3,345312,31,43,28,5138,39,1,2016-12-18T00:31:05.000Z,st_petersburg,2016-12-18T00:00:00.000Z,51,Tug,St. Petersburg,1
59.88224,30.1949,0,0,88,3,SPB,RU,141,0,KAPITAN SOROKIN,3,345312,31,43,28,5138,39,1,2016-12-18T00:33:04.000Z,st_petersburg,2016-12-18T00:00:00.000Z,51,Tug,St. Petersburg,1
59.88224,30.1949,0,0,88,3,SPB,RU,141,0,KAPITAN SOROKIN,3,345312,31,43,28,5138,39,1,2016-12-18T00:33:04.000Z,st_petersburg,2016-12-18T00:00:00.000Z,51,Tug,St. Petersburg,1
59.88227,30.19492,0,0,88,2,SPB,RU,141,0,KAPITAN SOROKIN,3,345312,31,43,28,5138,39,1,2016-12-18T00:35:04.000Z,st_petersburg,2016-12-18T00:00:00.000Z,51,Tug,St. Petersburg,1
59.88227,30.19492,0,0,88,2,SPB,RU,141,0,KAPITAN SOROKIN,3,345312,31,43,28,5138,39,1,2016-12-18T00:35:05.000Z,st_petersburg,2016-12-18T00:00:00.000Z,51,Tug,St. Petersburg,1
59.88227,30.19492,0,0,88,4,SPB,RU,141,0,KAPITAN SOROKIN,3,345312,31,43,28,5138,39,1,2016-12-18T00:37:03.000Z,st_petersburg,2016-12-18T00:00:00.000Z,51,Tug,St. Petersburg,1
59.88227,30.19492,0,0,88,4,SPB,RU,141,0,KAPITAN SOROKIN,3,345312,31,43,28,5138,39,1,2016-12-18T00:37:04.000Z,st_petersburg,2016-12-18T00:00:00.000Z,51,Tug,St. Petersburg,1
59.88227,30.19492,0,0,88,6,SPB,RU,141,0,KAPITAN SOROKIN,3,345312,31,43,28,5138,39,1,2016-12-18T00:39:03.000Z,st_petersburg,2016-12-18T00:00:00.000Z,51,Tug,St. Petersburg,1
59.88227,30.19492,0,0,88,6,SPB,RU,141,0,KAPITAN SOROKIN,3,345312,31,43,28,5138,39,1,2016-12-18T00:39:04.000Z,st_petersburg,2016-12-18T00:00:00.000Z,51,Tug,St. Petersburg,1
59.88227,30.19493,0,0,88,2,SPB,RU,141,0,KAPITAN SOROKIN,3,345312,31,43,28,5138,39,1,2016-12-18T00:41:03.000Z,st_petersburg,2016-12-18T00:00:00.000Z,51,Tug,St. Petersburg,1
59.88227,30.19493,0,0,88,2,SPB,RU,141,0,KAPITAN SOROKIN,3,345312,31,43,28,5138,39,1,2016-12-18T00:41:04.000Z,st_petersburg,2016-12-18T00:00:00.000Z,51,Tug,St. Petersburg,1
59.88227,30.19493,0,0,88,4,SPB,RU,141,0,KAPITAN SOROKIN,3,345312,31,43,28,5138,39,1,2016-12-18T00:43:04.000Z,st_petersburg,2016-12-18T00:00:00.000Z,51,Tug,St. Petersburg,1
59.88227,30.19493,0,0,88,4,SPB,RU,141,0,KAPITAN SOROKIN,3,345312,31,43,28,5138,39,1,2016-12-18T00:43:05.000Z,st_petersburg,2016-12-18T00:00:00.000Z,51,Tug,St. Petersburg,1
59.88227,30.19493,0,0,88,6,SPB,RU,141,0,KAPITAN SOROKIN,3,345312,31,43,28,5138,39,1,2016-12-18T00:45:03.000Z,st_petersburg,2016-12-18T00:00:00.000Z,51,Tug,St. Petersburg,1
59.88227,30.19493,0,0,88,6,SPB,RU,141,0,KAPITAN SOROKIN,3,345312,31,43,28,5138,39,1,2016-12-18T00:45:04.000Z,st_petersburg,2016-12-18T00:00:00.000Z,51,Tug,St. Petersburg,1
59.88227,30.19493,0,0,88,8,SPB,RU,141,0,KAPITAN SOROKIN,3,345312,31,43,28,5138,39,1,2016-12-18T00:47:03.000Z,st_petersburg,2016-12-18T00:00:00.000Z,51,Tug,St. Petersburg,1
59.88227,30.19493,0,0,88,8,SPB,RU,141,0,KAPITAN SOROKIN,3,345312,31,43,28,5138,39,1,2016-12-18T00:47:04.000Z,st_petersburg,2016-12-18T00:00:00.000Z,51,Tug,St. Petersburg,1
59.88224,30.19495,0,0,88,4,SPB,RU,141,0,KAPITAN SOROKIN,3,345312,31,43,28,5138,39,1,2016-12-18T00:49:03.000Z,st_petersburg,2016-12-18T00:00:00.000Z,51,Tug,St. Petersburg,1
59.88224,30.19495,0,0,88,4,SPB,RU,141,0,KAPITAN SOROKIN,3,345312,31,43,28,5138,39,1,2016-12-18T00:49:04.000Z,st_petersburg,2016-12-18T00:00:00.000Z,51,Tug,St. Petersburg,1
59.88225,30.19495,0,0,88,3,SPB,RU,141,0,KAPITAN SOROKIN,3,345312,31,43,28,5138,39,1,2016-12-18T00:51:03.000Z,st_petersburg,2016-12-18T00:00:00.000Z,51,Tug,St. Petersburg,1
59.88225,30.19495,0,0,88,2,SPB,RU,141,0,KAPITAN SOROKIN,3,345312,31,43,28,5138,39,1,2016-12-18T00:51:04.000Z,st_petersburg,2016-12-18T00:00:00.000Z,51,Tug,St. Petersburg,1
59.88224,30.19497,0,0,88,2,SPB,RU,141,0,KAPITAN SOROKIN,3,345312,31,43,28,5138,39,1,2016-12-18T00:53:03.000Z,st_petersburg,2016-12-18T00:00:00.000Z,51,Tug,St. Petersburg,1
59.88224,30.19497,0,0,88,2,SPB,RU,141,0,KAPITAN SOROKIN,3,345312,31,43,28,5138,39,1,2016-12-18T00:53:04.000Z,st_petersburg,2016-12-18T00:00:00.000Z,51,Tug,St. Petersburg,1
59.88224,30.19497,0,0,88,4,SPB,RU,141,0,KAPITAN SOROKIN,3,345312,31,43,28,5138,39,1,2016-12-18T00:55:03.000Z,st_petersburg,2016-12-18T00:00:00.000Z,51,Tug,St. Petersburg,1
59.88224,30.19497,0,0,88,4,SPB,RU,141,0,KAPITAN SOROKIN,3,345312,31,43,28,5138,39,1,2016-12-18T00:55:04.000Z,st_petersburg,2016-12-18T00:00:00.000Z,51,Tug,St. Petersburg,1
59.88224,30.19497,0,0,88,6,SPB,RU,141,0,KAPITAN SOROKIN,3,345312,31,43,28,5138,39,1,2016-12-18T00:57:03.000Z,st_petersburg,2016-12-18T00:00:00.000Z,51,Tug,St. Petersburg,1
59.88224,30.19497,0,0,88,6,SPB,RU,141,0,KAPITAN SOROKIN,3,345312,31,43,28,5138,39,1,2016-12-18T00:57:04.000Z,st_petersburg,2016-12-18T00:00:00.000Z,51,Tug,St. Petersburg,1
59.88224,30.19497,0,0,88,8,SPB,RU,141,0,KAPITAN SOROKIN,3,345312,31,43,28,5138,39,1,2016-12-18T00:59:04.000Z,st_petersburg,2016-12-18T00:00:00.000Z,51,Tug,St. Petersburg,1
59.88224,30.19497,0,0,88,8,SPB,RU,141,0,KAPITAN SOROKIN,3,345312,31,43,28,5138,39,1,2016-12-18T00:59:05.000Z,st_petersburg,2016-12-18T00:00:00.000Z,51,Tug,St. Petersburg,1
59.88224,30.19497,0,0,88,10,SPB,RU,141,0,KAPITAN SOROKIN,3,345312,31,43,28,5138,39,1,2016-12-18T01:01:03.000Z,st_petersburg,2016-12-18T00:00:00.000Z,51,Tug,St. Petersburg,1
59.88224,30.19497,0,0,88,10,SPB,RU,141,0,KAPITAN SOROKIN,3,345312,31,43,28,5138,39,1,2016-12-18T01:01:04.000Z,st_petersburg,2016-12-18T00:00:00.000Z,51,Tug,St. Petersburg,1
59.88224,30.19497,0,0,88,12,SPB,RU,141,0,KAPITAN SOROKIN,3,345312,31,43,28,5138,39,1,2016-12-18T01:03:03.000Z,st_petersburg,2016-12-18T00:00:00.000Z,51,Tug,St. Petersburg,1
59.88224,30.19497,0,0,88,12,SPB,RU,141,0,KAPITAN SOROKIN,3,345312,31,43,28,5138,39,1,2016-12-18T01:03:04.000Z,st_petersburg,2016-12-18T00:00:00.000Z,51,Tug,St. Petersburg,1
59.88225,30.19495,0,0,88,3,SPB,RU,141,0,KAPITAN SOROKIN,3,345312,31,43,28,5138,39,1,2016-12-18T01:05:04.000Z,st_petersburg,2016-12-18T00:00:00.000Z,51,Tug,St. Petersburg,1
59.88225,30.19495,0,0,88,3,SPB,RU,141,0,KAPITAN SOROKIN,3,345312,31,43,28,5138,39,1,2016-12-18T01:05:04.000Z,st_petersburg,2016-12-18T00:00:00.000Z,51,Tug,St. Petersburg,1
59.88225,30.19495,0,0,88,5,SPB,RU,141,0,KAPITAN SOROKIN,3,345312,31,43,28,5138,39,1,2016-12-18T01:07:03.000Z,st_petersburg,2016-12-18T00:00:00.000Z,51,Tug,St. Petersburg,1
59.88225,30.19495,0,0,88,5,SPB,RU,141,0,KAPITAN SOROKIN,3,345312,31,43,28,5138,39,1,2016-12-18T01:07:04.000Z,st_petersburg,2016-12-18T00:00:00.000Z,51,Tug,St. Petersburg,1
59.88225,30.19495,0,0,88,7,SPB,RU,141,0,KAPITAN SOROKIN,3,345312,31,43,28,5138,39,1,2016-12-18T01:09:03.000Z,st_petersburg,2016-12-18T00:00:00.000Z,51,Tug,St. Petersburg,1
59.88225,30.19495,0,0,88,7,SPB,RU,141,0,KAPITAN SOROKIN,3,345312,31,43,28,5138,39,1,2016-12-18T01:09:04.000Z,st_petersburg,2016-12-18T00:00:00.000Z,51,Tug,St. Petersburg,1
59.88225,30.19495,0,0,88,9,SPB,RU,141,0,KAPITAN SOROKIN,3,345312,31,43,28,5138,39,1,2016-12-18T01:11:03.000Z,st_petersburg,2016-12-18T00:00:00.000Z,51,Tug,St. Petersburg,1
59.88225,30.19495,0,0,88,9,SPB,RU,141,0,KAPITAN SOROKIN,3,345312,31,43,28,5138,39,1,2016-12-18T01:11:04.000Z,st_petersburg,2016-12-18T00:00:00.000Z,51,Tug,St. Petersburg,1
59.88221,30.19492,0,0,88,3,SPB,RU,141,0,KAPITAN SOROKIN,3,345312,31,43,28,5138,39,1,2016-12-18T01:13:03.000Z,st_petersburg,2016-12-18T00:00:00.000Z,51,Tug,St. Petersburg,1
59.88221,30.19492,0,0,88,2,SPB,RU,141,0,KAPITAN SOROKIN,3,345312,31,43,28,5138,39,1,2016-12-18T01:13:04.000Z,st_petersburg,2016-12-18T00:00:00.000Z,51,Tug,St. Petersburg,1
59.88221,30.19492,0,0,88,5,SPB,RU,141,0,KAPITAN SOROKIN,3,345312,31,43,28,5138,39,1,2016-12-18T01:15:03.000Z,st_petersburg,2016-12-18T00:00:00.000Z,51,Tug,St. Petersburg,1
59.88221,30.19492,0,0,88,5,SPB,RU,141,0,KAPITAN SOROKIN,3,345312,31,43,28,5138,39,1,2016-12-18T01:15:04.000Z,st_petersburg,2016-12-18T00:00:00.000Z,51,Tug,St. Petersburg,1
59.88221,30.19492,0,0,88,7,SPB,RU,141,0,KAPITAN SOROKIN,3,345312,31,43,28,5138,39,1,2016-12-18T01:17:03.000Z,st_petersburg,2016-12-18T00:00:00.000Z,51,Tug,St. Petersburg,1
59.88221,30.19492,0,0,88,7,SPB,RU,141,0,KAPITAN SOROKIN,3,345312,31,43,28,5138,39,1,2016-12-18T01:17:04.000Z,st_petersburg,2016-12-18T00:00:00.000Z,51,Tug,St. Petersburg,1
59.88221,30.19492,0,0,88,9,SPB,RU,141,0,KAPITAN SOROKIN,3,345312,31,43,28,5138,39,1,2016-12-18T01:19:03.000Z,st_petersburg,2016-12-18T00:00:00.000Z,51,Tug,St. Petersburg,1
59.88221,30.19492,0,0,88,9,SPB,RU,141,0,KAPITAN SOROKIN,3,345312,31,43,28,5138,39,1,2016-12-18T01:19:04.000Z,st_petersburg,2016-12-18T00:00:00.000Z,51,Tug,St. Petersburg,1
59.88223,30.19494,0,0,88,3,SPB,RU,141,0,KAPITAN SOROKIN,3,345312,31,43,28,5138,39,1,2016-12-18T01:21:04.000Z,st_petersburg,2016-12-18T00:00:00.000Z,51,Tug,St. Petersburg,1
59.88223,30.19494,0,0,88,3,SPB,RU,141,0,KAPITAN SOROKIN,3,345312,31,43,28,5138,39,1,2016-12-18T01:21:04.000Z,st_petersburg,2016-12-18T00:00:00.000Z,51,Tug,St. Petersburg,1
59.88225,30.19494,0,0,88,4,SPB,RU,141,0,KAPITAN SOROKIN,3,345312,31,43,28,5138,39,1,2016-12-18T01:25:03.000Z,st_petersburg,2016-12-18T00:00:00.000Z,51,Tug,St. Petersburg,1
59.88225,30.19494,0,0,88,4,SPB,RU,141,0,KAPITAN SOROKIN,3,345312,31,43,28,5138,39,1,2016-12-18T01:25:04.000Z,st_petersburg,2016-12-18T00:00:00.000Z,51,Tug,St. Petersburg,1
59.88227,30.19494,0,0,88,2,SPB,RU,141,0,KAPITAN SOROKIN,3,345312,31,43,28,5138,39,1,2016-12-18T01:27:03.000Z,st_petersburg,2016-12-18T00:00:00.000Z,51,Tug,St. Petersburg,1
59.88227,30.19494,0,0,88,2,SPB,RU,141,0,KAPITAN SOROKIN,3,345312,31,43,28,5138,39,1,2016-12-18T01:27:04.000Z,st_petersburg,2016-12-18T00:00:00.000Z,51,Tug,St. Petersburg,1
59.88227,30.19494,0,0,88,4,SPB,RU,141,0,KAPITAN SOROKIN,3,345312,31,43,28,5138,39,1,2016-12-18T01:29:03.000Z,st_petersburg,2016-12-18T00:00:00.000Z,51,Tug,St. Petersburg,1
59.88227,30.19494,0,0,88,4,SPB,RU,141,0,KAPITAN SOROKIN,3,345312,31,43,28,5138,39,1,2016-12-18T01:29:04.000Z,st_petersburg,2016-12-18T00:00:00.000Z,51,Tug,St. Petersburg,1
59.88225,30.19499,0,0,88,3,SPB,RU,141,0,KAPITAN SOROKIN,3,345312,31,43,28,5138,39,1,2016-12-18T01:31:03.000Z,st_petersburg,2016-12-18T00:00:00.000Z,51,Tug,St. Petersburg,1
59.88225,30.19499,0,0,88,1,SPB,RU,141,0,KAPITAN SOROKIN,3,345312,31,43,28,5138,39,1,2016-12-18T01:31:04.000Z,st_petersburg,2016-12-18T00:00:00.000Z,51,Tug,St. Petersburg,1
59.88223,30.19497,0,0,88,2,SPB,RU,141,0,KAPITAN SOROKIN,3,345312,31,43,28,5138,39,1,2016-12-18T01:33:03.000Z,st_petersburg,2016-12-18T00:00:00.000Z,51,Tug,St. Petersburg,1
59.88223,30.19497,0,0,88,2,SPB,RU,141,0,KAPITAN SOROKIN,3,345312,31,43,28,5138,39,1,2016-12-18T01:33:04.000Z,st_petersburg,2016-12-18T00:00:00.000Z,51,Tug,St. Petersburg,1
59.88223,30.19497,0,0,88,4,SPB,RU,141,0,KAPITAN SOROKIN,3,345312,31,43,28,5138,39,1,2016-12-18T01:35:03.000Z,st_petersburg,2016-12-18T00:00:00.000Z,51,Tug,St. Petersburg,1
59.88223,30.19497,0,0,88,4,SPB,RU,141,0,KAPITAN SOROKIN,3,345312,31,43,28,5138,39,1,2016-12-18T01:35:04.000Z,st_petersburg,2016-12-18T00:00:00.000Z,51,Tug,St. Petersburg,1
59.88226,30.19493,0,0,88,2,SPB,RU,141,0,KAPITAN SOROKIN,3,345312,31,43,28,5138,39,1,2016-12-18T01:37:04.000Z,st_petersburg,2016-12-18T00:00:00.000Z,51,Tug,St. Petersburg,1
59.88223,30.19497,0,0,88,4,SPB,RU,141,0,KAPITAN SOROKIN,3,345312,31,43,28,5138,39,1,2016-12-18T01:37:05.000Z,st_petersburg,2016-12-18T00:00:00.000Z,51,Tug,St. Petersburg,1
59.88226,30.19493,0,0,88,4,SPB,RU,141,0,KAPITAN SOROKIN,3,345312,31,43,28,5138,39,1,2016-12-18T01:39:04.000Z,st_petersburg,2016-12-18T00:00:00.000Z,51,Tug,St. Petersburg,1
59.88226,30.19493,0,0,88,4,SPB,RU,141,0,KAPITAN SOROKIN,3,345312,31,43,28,5138,39,1,2016-12-18T01:39:05.000Z,st_petersburg,2016-12-18T00:00:00.000Z,51,Tug,St. Petersburg,1
59.88226,30.19496,0,0,88,3,SPB,RU,141,0,KAPITAN SOROKIN,3,345312,31,43,28,5138,39,1,2016-12-18T01:41:03.000Z,st_petersburg,2016-12-18T00:00:00.000Z,51,Tug,St. Petersburg,1
59.88226,30.19496,0,0,88,3,SPB,RU,141,0,KAPITAN SOROKIN,3,345312,31,43,28,5138,39,1,2016-12-18T01:41:04.000Z,st_petersburg,2016-12-18T00:00:00.000Z,51,Tug,St. Petersburg,1
59.88226,30.19496,0,0,88,5,SPB,RU,141,0,KAPITAN SOROKIN,3,345312,31,43,28,5138,39,1,2016-12-18T01:43:03.000Z,st_petersburg,2016-12-18T00:00:00.000Z,51,Tug,St. Petersburg,1
59.88226,30.19496,0,0,88,5,SPB,RU,141,0,KAPITAN SOROKIN,3,345312,31,43,28,5138,39,1,2016-12-18T01:43:04.000Z,st_petersburg,2016-12-18T00:00:00.000Z,51,Tug,St. Petersburg,1
59.88225,30.19498,0,0,88,3,SPB,RU,141,0,KAPITAN SOROKIN,3,345312,31,43,28,5138,39,1,2016-12-18T01:45:03.000Z,st_petersburg,2016-12-18T00:00:00.000Z,51,Tug,St. Petersburg,1
59.88225,30.19498,0,0,88,3,SPB,RU,141,0,KAPITAN SOROKIN,3,345312,31,43,28,5138,39,1,2016-12-18T01:45:04.000Z,st_petersburg,2016-12-18T00:00:00.000Z,51,Tug,St. Petersburg,1
59.88225,30.19494,0,0,88,2,SPB,RU,141,0,KAPITAN SOROKIN,3,345312,31,43,28,5138,39,1,2016-12-18T01:47:03.000Z,st_petersburg,2016-12-18T00:00:00.000Z,51,Tug,St. Petersburg,1
59.88225,30.19494,0,0,88,2,SPB,RU,141,0,KAPITAN SOROKIN,3,345312,31,43,28,5138,39,1,2016-12-18T01:47:04.000Z,st_petersburg,2016-12-18T00:00:00.000Z,51,Tug,St. Petersburg,1
59.88225,30.19494,0,0,88,4,SPB,RU,141,0,KAPITAN SOROKIN,3,345312,31,43,28,5138,39,1,2016-12-18T01:49:03.000Z,st_petersburg,2016-12-18T00:00:00.000Z,51,Tug,St. Petersburg,1
59.88225,30.19494,0,0,88,4,SPB,RU,141,0,KAPITAN SOROKIN,3,345312,31,43,28,5138,39,1,2016-12-18T01:49:04.000Z,st_petersburg,2016-12-18T00:00:00.000Z,51,Tug,St. Petersburg,1
59.88225,30.19497,0,0,88,2,SPB,RU,141,0,KAPITAN SOROKIN,3,345312,31,43,28,5138,39,1,2016-12-18T01:51:03.000Z,st_petersburg,2016-12-18T00:00:00.000Z,51,Tug,St. Petersburg,1
59.88225,30.19497,0,0,88,2,SPB,RU,141,0,KAPITAN SOROKIN,3,345312,31,43,28,5138,39,1,2016-12-18T01:51:15.000Z,st_petersburg,2016-12-18T00:00:00.000Z,51,Tug,St. Petersburg,1
59.88225,30.19497,0,0,88,4,SPB,RU,141,0,KAPITAN SOROKIN,3,345312,31,43,28,5138,39,1,2016-12-18T01:53:03.000Z,st_petersburg,2016-12-18T00:00:00.000Z,51,Tug,St. Petersburg,1
59.88225,30.19497,0,0,88,2,SPB,RU,141,0,KAPITAN SOROKIN,3,345312,31,43,28,5138,39,1,2016-12-18T01:53:04.000Z,st_petersburg,2016-12-18T00:00:00.000Z,51,Tug,St. Petersburg,1
59.88225,30.19497,0,0,88,6,SPB,RU,141,0,KAPITAN SOROKIN,3,345312,31,43,28,5138,39,1,2016-12-18T01:55:03.000Z,st_petersburg,2016-12-18T00:00:00.000Z,51,Tug,St. Petersburg,1
59.88225,30.19497,0,0,88,6,SPB,RU,141,0,KAPITAN SOROKIN,3,345312,31,43,28,5138,39,1,2016-12-18T01:55:04.000Z,st_petersburg,2016-12-18T00:00:00.000Z,51,Tug,St. Petersburg,1
59.88225,30.19497,0,0,88,8,SPB,RU,141,0,KAPITAN SOROKIN,3,345312,31,43,28,5138,39,1,2016-12-18T01:57:03.000Z,st_petersburg,2016-12-18T00:00:00.000Z,51,Tug,St. Petersburg,1
59.88225,30.19497,0,0,88,8,SPB,RU,141,0,KAPITAN SOROKIN,3,345312,31,43,28,5138,39,1,2016-12-18T01:57:04.000Z,st_petersburg,2016-12-18T00:00:00.000Z,51,Tug,St. Petersburg,1
59.88227,30.19492,0,0,88,2,SPB,RU,141,0,KAPITAN SOROKIN,3,345312,31,43,28,5138,39,1,2016-12-18T01:59:03.000Z,st_petersburg,2016-12-18T00:00:00.000Z,51,Tug,St. Petersburg,1
59.88227,30.19492,0,0,88,1,SPB,RU,141,0,KAPITAN SOROKIN,3,345312,31,43,28,5138,39,1,2016-12-18T01:59:04.000Z,st_petersburg,2016-12-18T00:00:00.000Z,51,Tug,St. Petersburg,1
59.88227,30.19492,0,0,88,4,SPB,RU,141,0,KAPITAN SOROKIN,3,345312,31,43,28,5138,39,1,2016-12-18T02:01:03.000Z,st_petersburg,2016-12-18T00:00:00.000Z,51,Tug,St. Petersburg,1
59.88227,30.19492,0,0,88,4,SPB,RU,141,0,KAPITAN SOROKIN,3,345312,31,43,28,5138,39,1,2016-12-18T02:01:04.000Z,st_petersburg,2016-12-18T00:00:00.000Z,51,Tug,St. Petersburg,1
59.88227,30.19492,0,0,88,6,SPB,RU,141,0,KAPITAN SOROKIN,3,345312,31,43,28,5138,39,1,2016-12-18T02:03:04.000Z,st_petersburg,2016-12-18T00:00:00.000Z,51,Tug,St. Petersburg,1
59.88227,30.19492,0,0,88,6,SPB,RU,141,0,KAPITAN SOROKIN,3,345312,31,43,28,5138,39,1,2016-12-18T02:03:04.000Z,st_petersburg,2016-12-18T00:00:00.000Z,51,Tug,St. Petersburg,1
59.88227,30.19492,0,0,88,8,SPB,RU,141,0,KAPITAN SOROKIN,3,345312,31,43,28,5138,39,1,2016-12-18T02:05:03.000Z,st_petersburg,2016-12-18T00:00:00.000Z,51,Tug,St. Petersburg,1
59.88227,30.19492,0,0,88,8,SPB,RU,141,0,KAPITAN SOROKIN,3,345312,31,43,28,5138,39,1,2016-12-18T02:05:04.000Z,st_petersburg,2016-12-18T00:00:00.000Z,51,Tug,St. Petersburg,1
59.88226,30.19496,0,0,88,2,SPB,RU,141,0,KAPITAN SOROKIN,3,345312,31,43,28,5138,39,1,2016-12-18T02:07:04.000Z,st_petersburg,2016-12-18T00:00:00.000Z,51,Tug,St. Petersburg,1
59.88226,30.19496,0,0,88,2,SPB,RU,141,0,KAPITAN SOROKIN,3,345312,31,43,28,5138,39,1,2016-12-18T02:07:04.000Z,st_petersburg,2016-12-18T00:00:00.000Z,51,Tug,St. Petersburg,1
59.88226,30.19496,0,0,88,4,SPB,RU,141,0,KAPITAN SOROKIN,3,345312,31,43,28,5138,39,1,2016-12-18T02:09:04.000Z,st_petersburg,2016-12-18T00:00:00.000Z,51,Tug,St. Petersburg,1
59.88226,30.19496,0,0,88,4,SPB,RU,141,0,KAPITAN SOROKIN,3,345312,31,43,28,5138,39,1,2016-12-18T02:09:04.000Z,st_petersburg,2016-12-18T00:00:00.000Z,51,Tug,St. Petersburg,1
59.88225,30.19495,0,0,88,3,SPB,RU,141,0,KAPITAN SOROKIN,3,345312,31,43,28,5138,39,1,2016-12-18T02:11:03.000Z,st_petersburg,2016-12-18T00:00:00.000Z,51,Tug,St. Petersburg,1
59.88225,30.19495,0,0,88,3,SPB,RU,141,0,KAPITAN SOROKIN,3,345312,31,43,28,5138,39,1,2016-12-18T02:11:04.000Z,st_petersburg,2016-12-18T00:00:00.000Z,51,Tug,St. Petersburg,1
59.88225,30.19495,0,0,88,5,SPB,RU,141,0,KAPITAN SOROKIN,3,345312,31,43,28,5138,39,1,2016-12-18T02:13:03.000Z,st_petersburg,2016-12-18T00:00:00.000Z,51,Tug,St. Petersburg,1
59.88225,30.19495,0,0,88,5,SPB,RU,141,0,KAPITAN SOROKIN,3,345312,31,43,28,5138,39,1,2016-12-18T02:13:04.000Z,st_petersburg,2016-12-18T00:00:00.000Z,51,Tug,St. Petersburg,1
59.88227,30.19497,0,0,88,3,SPB,RU,141,0,KAPITAN SOROKIN,3,345312,31,43,28,5138,39,1,2016-12-18T02:15:04.000Z,st_petersburg,2016-12-18T00:00:00.000Z,51,Tug,St. Petersburg,1
59.88227,30.19497,0,0,88,3,SPB,RU,141,0,KAPITAN SOROKIN,3,345312,31,43,28,5138,39,1,2016-12-18T02:15:05.000Z,st_petersburg,2016-12-18T00:00:00.000Z,51,Tug,St. Petersburg,1
59.88227,30.19497,0,0,88,5,SPB,RU,141,0,KAPITAN SOROKIN,3,345312,31,43,28,5138,39,1,2016-12-18T02:17:04.000Z,st_petersburg,2016-12-18T00:00:00.000Z,51,Tug,St. Petersburg,1
59.88227,30.19497,0,0,88,5,SPB,RU,141,0,KAPITAN SOROKIN,3,345312,31,43,28,5138,39,1,2016-12-18T02:17:04.000Z,st_petersburg,2016-12-18T00:00:00.000Z,51,Tug,St. Petersburg,1
59.88225,30.19495,0,0,88,4,SPB,RU,141,0,KAPITAN SOROKIN,3,345312,31,43,28,5138,39,1,2016-12-18T02:19:03.000Z,st_petersburg,2016-12-18T00:00:00.000Z,51,Tug,St. Petersburg,1
59.88225,30.19495,0,0,88,4,SPB,RU,141,0,KAPITAN SOROKIN,3,345312,31,43,28,5138,39,1,2016-12-18T02:19:04.000Z,st_petersburg,2016-12-18T00:00:00.000Z,51,Tug,St. Petersburg,1
59.88225,30.19495,0,0,88,6,SPB,RU,141,0,KAPITAN SOROKIN,3,345312,31,43,28,5138,39,1,2016-12-18T02:21:03.000Z,st_petersburg,2016-12-18T00:00:00.000Z,51,Tug,St. Petersburg,1
59.88225,30.19495,0,0,88,6,SPB,RU,141,0,KAPITAN SOROKIN,3,345312,31,43,28,5138,39,1,2016-12-18T02:21:04.000Z,st_petersburg,2016-12-18T00:00:00.000Z,51,Tug,St. Petersburg,1
59.88225,30.19495,0,0,88,8,SPB,RU,141,0,KAPITAN SOROKIN,3,345312,31,43,28,5138,39,1,2016-12-18T02:23:03.000Z,st_petersburg,2016-12-18T00:00:00.000Z,51,Tug,St. Petersburg,1
59.88225,30.19495,0,0,88,8,SPB,RU,141,0,KAPITAN SOROKIN,3,345312,31,43,28,5138,39,1,2016-12-18T02:23:04.000Z,st_petersburg,2016-12-18T00:00:00.000Z,51,Tug,St. Petersburg,1
59.88227,30.19496,0,0,88,2,SPB,RU,141,0,KAPITAN SOROKIN,3,345312,31,43,28,5138,39,1,2016-12-18T02:25:04.000Z,st_petersburg,2016-12-18T00:00:00.000Z,51,Tug,St. Petersburg,1
59.88227,30.19496,0,0,88,2,SPB,RU,141,0,KAPITAN SOROKIN,3,345312,31,43,28,5138,39,1,2016-12-18T02:25:05.000Z,st_petersburg,2016-12-18T00:00:00.000Z,51,Tug,St. Petersburg,1
59.88227,30.19496,0,0,88,2,SPB,RU,141,0,KAPITAN SOROKIN,3,345312,31,43,28,5138,39,1,2016-12-18T02:27:03.000Z,st_petersburg,2016-12-18T00:00:00.000Z,51,Tug,St. Petersburg,1
59.88227,30.19496,0,0,88,3,SPB,RU,141,0,KAPITAN SOROKIN,3,345312,31,43,28,5138,39,1,2016-12-18T02:27:04.000Z,st_petersburg,2016-12-18T00:00:00.000Z,51,Tug,St. Petersburg,1
59.88227,30.19496,0,0,88,6,SPB,RU,141,0,KAPITAN SOROKIN,3,345312,31,43,28,5138,39,1,2016-12-18T02:29:04.000Z,st_petersburg,2016-12-18T00:00:00.000Z,51,Tug,St. Petersburg,1
59.88227,30.19496,0,0,88,6,SPB,RU,141,0,KAPITAN SOROKIN,3,345312,31,43,28,5138,39,1,2016-12-18T02:29:05.000Z,st_petersburg,2016-12-18T00:00:00.000Z,51,Tug,St. Petersburg,1
59.88227,30.19496,0,0,88,7,SPB,RU,141,0,KAPITAN SOROKIN,3,345312,31,43,28,5138,39,1,2016-12-18T02:31:08.000Z,st_petersburg,2016-12-18T00:00:00.000Z,51,Tug,St. Petersburg,1
59.88227,30.19496,0,0,88,8,SPB,RU,141,0,KAPITAN SOROKIN,3,345312,31,43,28,5138,39,1,2016-12-18T02:31:09.000Z,st_petersburg,2016-12-18T00:00:00.000Z,51,Tug,St. Petersburg,1
59.88229,30.19497,0,0,88,2,SPB,RU,141,0,KAPITAN SOROKIN,3,345312,31,43,28,5138,39,1,2016-12-18T02:33:03.000Z,st_petersburg,2016-12-18T00:00:00.000Z,51,Tug,St. Petersburg,1
59.88229,30.19497,0,0,88,2,SPB,RU,141,0,KAPITAN SOROKIN,3,345312,31,43,28,5138,39,1,2016-12-18T02:33:04.000Z,st_petersburg,2016-12-18T00:00:00.000Z,51,Tug,St. Petersburg,1
59.88229,30.19497,0,0,88,4,SPB,RU,141,0,KAPITAN SOROKIN,3,345312,31,43,28,5138,39,1,2016-12-18T02:35:04.000Z,st_petersburg,2016-12-18T00:00:00.000Z,51,Tug,St. Petersburg,1
59.88229,30.19497,0,0,88,4,SPB,RU,141,0,KAPITAN SOROKIN,3,345312,31,43,28,5138,39,1,2016-12-18T02:35:05.000Z,st_petersburg,2016-12-18T00:00:00.000Z,51,Tug,St. Petersburg,1
59.88229,30.19497,0,0,88,6,SPB,RU,141,0,KAPITAN SOROKIN,3,345312,31,43,28,5138,39,1,2016-12-18T02:37:04.000Z,st_petersburg,2016-12-18T00:00:00.000Z,51,Tug,St. Petersburg,1
59.88229,30.19497,0,0,88,4,SPB,RU,141,0,KAPITAN SOROKIN,3,345312,31,43,28,5138,39,1,2016-12-18T02:37:04.000Z,st_petersburg,2016-12-18T00:00:00.000Z,51,Tug,St. Petersburg,1
59.88229,30.19497,0,0,88,8,SPB,RU,141,0,KAPITAN SOROKIN,3,345312,31,43,28,5138,39,1,2016-12-18T02:39:04.000Z,st_petersburg,2016-12-18T00:00:00.000Z,51,Tug,St. Petersburg,1
59.88229,30.19497,0,0,88,8,SPB,RU,141,0,KAPITAN SOROKIN,3,345312,31,43,28,5138,39,1,2016-12-18T02:39:05.000Z,st_petersburg,2016-12-18T00:00:00.000Z,51,Tug,St. Petersburg,1
59.88229,30.19497,0,0,88,8,SPB,RU,141,0,KAPITAN SOROKIN,3,345312,31,43,28,5138,39,1,2016-12-18T02:41:03.000Z,st_petersburg,2016-12-18T00:00:00.000Z,51,Tug,St. Petersburg,1
59.88229,30.19497,0,0,88,9,SPB,RU,141,0,KAPITAN SOROKIN,3,345312,31,43,28,5138,39,1,2016-12-18T02:41:04.000Z,st_petersburg,2016-12-18T00:00:00.000Z,51,Tug,St. Petersburg,1
59.88228,30.19494,0,0,88,4,SPB,RU,141,0,KAPITAN SOROKIN,3,345312,31,43,28,5138,39,1,2016-12-18T02:43:03.000Z,st_petersburg,2016-12-18T00:00:00.000Z,51,Tug,St. Petersburg,1
59.88228,30.19494,0,0,88,4,SPB,RU,141,0,KAPITAN SOROKIN,3,345312,31,43,28,5138,39,1,2016-12-18T02:43:04.000Z,st_petersburg,2016-12-18T00:00:00.000Z,51,Tug,St. Petersburg,1
59.88228,30.19494,0,0,88,6,SPB,RU,141,0,KAPITAN SOROKIN,3,345312,31,43,28,5138,39,1,2016-12-18T02:45:04.000Z,st_petersburg,2016-12-18T00:00:00.000Z,51,Tug,St. Petersburg,1
59.88228,30.19494,0,0,88,6,SPB,RU,141,0,KAPITAN SOROKIN,3,345312,31,43,28,5138,39,1,2016-12-18T02:45:05.000Z,st_petersburg,2016-12-18T00:00:00.000Z,51,Tug,St. Petersburg,1
59.88228,30.19494,0,0,88,8,SPB,RU,141,0,KAPITAN SOROKIN,3,345312,31,43,28,5138,39,1,2016-12-18T02:47:04.000Z,st_petersburg,2016-12-18T00:00:00.000Z,51,Tug,St. Petersburg,1
59.88228,30.19494,0,0,88,6,SPB,RU,141,0,KAPITAN SOROKIN,3,345312,31,43,28,5138,39,1,2016-12-18T02:47:04.000Z,st_petersburg,2016-12-18T00:00:00.000Z,51,Tug,St. Petersburg,1
59.88227,30.19491,0,0,88,2,SPB,RU,141,0,KAPITAN SOROKIN,3,345312,31,43,28,5138,39,1,2016-12-18T02:49:03.000Z,st_petersburg,2016-12-18T00:00:00.000Z,51,Tug,St. Petersburg,1
59.88227,30.19491,0,0,88,2,SPB,RU,141,0,KAPITAN SOROKIN,3,345312,31,43,28,5138,39,1,2016-12-18T02:49:04.000Z,st_petersburg,2016-12-18T00:00:00.000Z,51,Tug,St. Petersburg,1
59.88227,30.19491,0,0,88,4,SPB,RU,141,0,KAPITAN SOROKIN,3,345312,31,43,28,5138,39,1,2016-12-18T02:51:03.000Z,st_petersburg,2016-12-18T00:00:00.000Z,51,Tug,St. Petersburg,1
59.88227,30.19491,0,0,88,4,SPB,RU,141,0,KAPITAN SOROKIN,3,345312,31,43,28,5138,39,1,2016-12-18T02:51:04.000Z,st_petersburg,2016-12-18T00:00:00.000Z,51,Tug,St. Petersburg,1
59.88224,30.19493,0,0,88,3,SPB,RU,141,0,KAPITAN SOROKIN,3,345312,31,43,28,5138,39,1,2016-12-18T02:53:03.000Z,st_petersburg,2016-12-18T00:00:00.000Z,51,Tug,St. Petersburg,1
59.88224,30.19493,0,0,88,3,SPB,RU,141,0,KAPITAN SOROKIN,3,345312,31,43,28,5138,39,1,2016-12-18T02:53:04.000Z,st_petersburg,2016-12-18T00:00:00.000Z,51,Tug,St. Petersburg,1
59.88228,30.19495,0,0,88,2,SPB,RU,141,0,KAPITAN SOROKIN,3,345312,31,43,28,5138,39,1,2016-12-18T02:55:03.000Z,st_petersburg,2016-12-18T00:00:00.000Z,51,Tug,St. Petersburg,1
59.88228,30.19495,0,0,88,2,SPB,RU,141,0,KAPITAN SOROKIN,3,345312,31,43,28,5138,39,1,2016-12-18T02:55:04.000Z,st_petersburg,2016-12-18T00:00:00.000Z,51,Tug,St. Petersburg,1
59.88228,30.19495,0,0,88,4,SPB,RU,141,0,KAPITAN SOROKIN,3,345312,31,43,28,5138,39,1,2016-12-18T02:57:04.000Z,st_petersburg,2016-12-18T00:00:00.000Z,51,Tug,St. Petersburg,1
59.88228,30.19495,0,0,88,4,SPB,RU,141,0,KAPITAN SOROKIN,3,345312,31,43,28,5138,39,1,2016-12-18T02:57:04.000Z,st_petersburg,2016-12-18T00:00:00.000Z,51,Tug,St. Petersburg,1
59.88228,30.19495,0,0,88,6,SPB,RU,141,0,KAPITAN SOROKIN,3,345312,31,43,28,5138,39,1,2016-12-18T02:59:03.000Z,st_petersburg,2016-12-18T00:00:00.000Z,51,Tug,St. Petersburg,1
59.88228,30.19495,0,0,88,6,SPB,RU,141,0,KAPITAN SOROKIN,3,345312,31,43,28,5138,39,1,2016-12-18T02:59:04.000Z,st_petersburg,2016-12-18T00:00:00.000Z,51,Tug,St. Petersburg,1
59.88228,30.19495,0,0,88,8,SPB,RU,141,0,KAPITAN SOROKIN,3,345312,31,43,28,5138,39,1,2016-12-18T03:01:03.000Z,st_petersburg,2016-12-18T00:00:00.000Z,51,Tug,St. Petersburg,1
59.88228,30.19495,0,0,88,8,SPB,RU,141,0,KAPITAN SOROKIN,3,345312,31,43,28,5138,39,1,2016-12-18T03:01:04.000Z,st_petersburg,2016-12-18T00:00:00.000Z,51,Tug,St. Petersburg,1
59.88229,30.19493,0,0,88,2,SPB,RU,141,0,KAPITAN SOROKIN,3,345312,31,43,28,5138,39,1,2016-12-18T03:03:03.000Z,st_petersburg,2016-12-18T00:00:00.000Z,51,Tug,St. Petersburg,1
59.88229,30.19493,0,0,88,2,SPB,RU,141,0,KAPITAN SOROKIN,3,345312,31,43,28,5138,39,1,2016-12-18T03:03:04.000Z,st_petersburg,2016-12-18T00:00:00.000Z,51,Tug,St. Petersburg,1
59.88229,30.19493,0,0,88,4,SPB,RU,141,0,KAPITAN SOROKIN,3,345312,31,43,28,5138,39,1,2016-12-18T03:05:04.000Z,st_petersburg,2016-12-18T00:00:00.000Z,51,Tug,St. Petersburg,1
59.88229,30.19493,0,0,88,4,SPB,RU,141,0,KAPITAN SOROKIN,3,345312,31,43,28,5138,39,1,2016-12-18T03:05:05.000Z,st_petersburg,2016-12-18T00:00:00.000Z,51,Tug,St. Petersburg,1
59.88229,30.19492,0,0,88,3,SPB,RU,141,0,KAPITAN SOROKIN,3,345312,31,43,28,5138,39,1,2016-12-18T03:07:04.000Z,st_petersburg,2016-12-18T00:00:00.000Z,51,Tug,St. Petersburg,1
59.88229,30.19492,0,0,88,3,SPB,RU,141,0,KAPITAN SOROKIN,3,345312,31,43,28,5138,39,1,2016-12-18T03:07:05.000Z,st_petersburg,2016-12-18T00:00:00.000Z,51,Tug,St. Petersburg,1
59.88225,30.19495,0,0,88,2,SPB,RU,141,0,KAPITAN SOROKIN,3,345312,31,43,28,5138,39,1,2016-12-18T03:09:04.000Z,st_petersburg,2016-12-18T00:00:00.000Z,51,Tug,St. Petersburg,1
59.88229,30.19492,0,0,88,3,SPB,RU,141,0,KAPITAN SOROKIN,3,345312,31,43,28,5138,39,1,2016-12-18T03:09:04.000Z,st_petersburg,2016-12-18T00:00:00.000Z,51,Tug,St. Petersburg,1
59.88225,30.19495,0,0,88,4,SPB,RU,141,0,KAPITAN SOROKIN,3,345312,31,43,28,5138,39,1,2016-12-18T03:11:03.000Z,st_petersburg,2016-12-18T00:00:00.000Z,51,Tug,St. Petersburg,1
59.88225,30.19495,0,0,88,4,SPB,RU,141,0,KAPITAN SOROKIN,3,345312,31,43,28,5138,39,1,2016-12-18T03:11:04.000Z,st_petersburg,2016-12-18T00:00:00.000Z,51,Tug,St. Petersburg,1
59.88224,30.19492,0,0,88,3,SPB,RU,141,0,KAPITAN SOROKIN,3,345312,31,43,28,5138,39,1,2016-12-18T03:13:03.000Z,st_petersburg,2016-12-18T00:00:00.000Z,51,Tug,St. Petersburg,1
59.88224,30.19492,0,0,88,3,SPB,RU,141,0,KAPITAN SOROKIN,3,345312,31,43,28,5138,39,1,2016-12-18T03:13:04.000Z,st_petersburg,2016-12-18T00:00:00.000Z,51,Tug,St. Petersburg,1
59.88223,30.19493,0,0,88,2,SPB,RU,141,0,KAPITAN SOROKIN,3,345312,31,43,28,5138,39,1,2016-12-18T03:15:04.000Z,st_petersburg,2016-12-18T00:00:00.000Z,51,Tug,St. Petersburg,1
59.88224,30.19492,0,0,88,3,SPB,RU,141,0,KAPITAN SOROKIN,3,345312,31,43,28,5138,39,1,2016-12-18T03:15:05.000Z,st_petersburg,2016-12-18T00:00:00.000Z,51,Tug,St. Petersburg,1
59.88223,30.19493,0,0,88,4,SPB,RU,141,0,KAPITAN SOROKIN,3,345312,31,43,28,5138,39,1,2016-12-18T03:17:04.000Z,st_petersburg,2016-12-18T00:00:00.000Z,51,Tug,St. Petersburg,1
59.88223,30.19493,0,0,88,4,SPB,RU,141,0,KAPITAN SOROKIN,3,345312,31,43,28,5138,39,1,2016-12-18T03:17:05.000Z,st_petersburg,2016-12-18T00:00:00.000Z,51,Tug,St. Petersburg,1
59.88225,30.19495,0,0,88,2,SPB,RU,141,0,KAPITAN SOROKIN,3,345312,31,43,28,5138,39,1,2016-12-18T03:19:03.000Z,st_petersburg,2016-12-18T00:00:00.000Z,51,Tug,St. Petersburg,1
59.88225,30.19495,0,0,88,2,SPB,RU,141,0,KAPITAN SOROKIN,3,345312,31,43,28,5138,39,1,2016-12-18T03:19:04.000Z,st_petersburg,2016-12-18T00:00:00.000Z,51,Tug,St. Petersburg,1
59.88225,30.19495,0,0,88,4,SPB,RU,141,0,KAPITAN SOROKIN,3,345312,31,43,28,5138,39,1,2016-12-18T03:21:03.000Z,st_petersburg,2016-12-18T00:00:00.000Z,51,Tug,St. Petersburg,1
59.88225,30.19495,0,0,88,3,SPB,RU,141,0,KAPITAN SOROKIN,3,345312,31,43,28,5138,39,1,2016-12-18T03:21:04.000Z,st_petersburg,2016-12-18T00:00:00.000Z,51,Tug,St. Petersburg,1
59.88225,30.19495,0,0,88,6,SPB,RU,141,0,KAPITAN SOROKIN,3,345312,31,43,28,5138,39,1,2016-12-18T03:23:04.000Z,st_petersburg,2016-12-18T00:00:00.000Z,51,Tug,St. Petersburg,1
59.88225,30.19495,0,0,88,6,SPB,RU,141,0,KAPITAN SOROKIN,3,345312,31,43,28,5138,39,1,2016-12-18T03:23:04.000Z,st_petersburg,2016-12-18T00:00:00.000Z,51,Tug,St. Petersburg,1
59.88225,30.19495,0,0,88,8,SPB,RU,141,0,KAPITAN SOROKIN,3,345312,31,43,28,5138,39,1,2016-12-18T03:25:03.000Z,st_petersburg,2016-12-18T00:00:00.000Z,51,Tug,St. Petersburg,1
59.88225,30.19495,0,0,88,8,SPB,RU,141,0,KAPITAN SOROKIN,3,345312,31,43,28,5138,39,1,2016-12-18T03:25:04.000Z,st_petersburg,2016-12-18T00:00:00.000Z,51,Tug,St. Petersburg,1
59.88227,30.1949,0,0,88,2,SPB,RU,141,0,KAPITAN SOROKIN,3,345312,31,43,28,5138,39,1,2016-12-18T03:27:04.000Z,st_petersburg,2016-12-18T00:00:00.000Z,51,Tug,St. Petersburg,1
59.88227,30.1949,0,0,88,2,SPB,RU,141,0,KAPITAN SOROKIN,3,345312,31,43,28,5138,39,1,2016-12-18T03:27:05.000Z,st_petersburg,2016-12-18T00:00:00.000Z,51,Tug,St. Petersburg,1
59.88227,30.1949,0,0,88,4,SPB,RU,141,0,KAPITAN SOROKIN,3,345312,31,43,28,5138,39,1,2016-12-18T03:29:03.000Z,st_petersburg,2016-12-18T00:00:00.000Z,51,Tug,St. Petersburg,1
59.88227,30.1949,0,0,88,4,SPB,RU,141,0,KAPITAN SOROKIN,3,345312,31,43,28,5138,39,1,2016-12-18T03:29:05.000Z,st_petersburg,2016-12-18T00:00:00.000Z,51,Tug,St. Petersburg,1
59.88227,30.1949,0,0,88,6,SPB,RU,141,0,KAPITAN SOROKIN,3,345312,31,43,28,5138,39,1,2016-12-18T03:31:04.000Z,st_petersburg,2016-12-18T00:00:00.000Z,51,Tug,St. Petersburg,1
59.88227,30.1949,0,0,88,5,SPB,RU,141,0,KAPITAN SOROKIN,3,345312,31,43,28,5138,39,1,2016-12-18T03:31:04.000Z,st_petersburg,2016-12-18T00:00:00.000Z,51,Tug,St. Petersburg,1
59.88227,30.1949,0,0,88,8,SPB,RU,141,0,KAPITAN SOROKIN,3,345312,31,43,28,5138,39,1,2016-12-18T03:33:03.000Z,st_petersburg,2016-12-18T00:00:00.000Z,51,Tug,St. Petersburg,1
59.88227,30.1949,0,0,88,6,SPB,RU,141,0,KAPITAN SOROKIN,3,345312,31,43,28,5138,39,1,2016-12-18T03:33:04.000Z,st_petersburg,2016-12-18T00:00:00.000Z,51,Tug,St. Petersburg,1
59.88227,30.19493,0,0,88,2,SPB,RU,141,0,KAPITAN SOROKIN,3,345312,31,43,28,5138,39,1,2016-12-18T03:35:03.000Z,st_petersburg,2016-12-18T00:00:00.000Z,51,Tug,St. Petersburg,1
59.88227,30.19493,0,0,88,2,SPB,RU,141,0,KAPITAN SOROKIN,3,345312,31,43,28,5138,39,1,2016-12-18T03:35:04.000Z,st_petersburg,2016-12-18T00:00:00.000Z,51,Tug,St. Petersburg,1
59.88227,30.19493,0,0,88,4,SPB,RU,141,0,KAPITAN SOROKIN,3,345312,31,43,28,5138,39,1,2016-12-18T03:37:04.000Z,st_petersburg,2016-12-18T00:00:00.000Z,51,Tug,St. Petersburg,1
59.88227,30.19493,0,0,88,3,SPB,RU,141,0,KAPITAN SOROKIN,3,345312,31,43,28,5138,39,1,2016-12-18T03:37:05.000Z,st_petersburg,2016-12-18T00:00:00.000Z,51,Tug,St. Petersburg,1
59.88229,30.19495,0,0,88,3,SPB,RU,141,0,KAPITAN SOROKIN,3,345312,31,43,28,5138,39,1,2016-12-18T03:39:04.000Z,st_petersburg,2016-12-18T00:00:00.000Z,51,Tug,St. Petersburg,1
59.88229,30.19495,0,0,88,3,SPB,RU,141,0,KAPITAN SOROKIN,3,345312,31,43,28,5138,39,1,2016-12-18T03:39:05.000Z,st_petersburg,2016-12-18T00:00:00.000Z,51,Tug,St. Petersburg,1
59.88229,30.19495,0,0,88,3,SPB,RU,141,0,KAPITAN SOROKIN,3,345312,31,43,28,5138,39,1,2016-12-18T03:41:03.000Z,st_petersburg,2016-12-18T00:00:00.000Z,51,Tug,St. Petersburg,1
59.88227,30.19496,0,0,88,2,SPB,RU,141,0,KAPITAN SOROKIN,3,345312,31,43,28,5138,39,1,2016-12-18T03:41:04.000Z,st_petersburg,2016-12-18T00:00:00.000Z,51,Tug,St. Petersburg,1
59.88227,30.19496,0,0,88,4,SPB,RU,141,0,KAPITAN SOROKIN,3,345312,31,43,28,5138,39,1,2016-12-18T03:43:03.000Z,st_petersburg,2016-12-18T00:00:00.000Z,51,Tug,St. Petersburg,1
59.88227,30.19496,0,0,88,3,SPB,RU,141,0,KAPITAN SOROKIN,3,345312,31,43,28,5138,39,1,2016-12-18T03:43:04.000Z,st_petersburg,2016-12-18T00:00:00.000Z,51,Tug,St. Petersburg,1
59.88225,30.19494,0,0,88,3,SPB,RU,141,0,KAPITAN SOROKIN,3,345312,31,43,28,5138,39,1,2016-12-18T03:45:03.000Z,st_petersburg,2016-12-18T00:00:00.000Z,51,Tug,St. Petersburg,1
59.88225,30.19494,0,0,88,3,SPB,RU,141,0,KAPITAN SOROKIN,3,345312,31,43,28,5138,39,1,2016-12-18T03:45:04.000Z,st_petersburg,2016-12-18T00:00:00.000Z,51,Tug,St. Petersburg,1
59.88225,30.19494,0,0,88,5,SPB,RU,141,0,KAPITAN SOROKIN,3,345312,31,43,28,5138,39,1,2016-12-18T03:47:03.000Z,st_petersburg,2016-12-18T00:00:00.000Z,51,Tug,St. Petersburg,1
59.88225,30.19494,0,0,88,4,SPB,RU,141,0,KAPITAN SOROKIN,3,345312,31,43,28,5138,39,1,2016-12-18T03:47:04.000Z,st_petersburg,2016-12-18T00:00:00.000Z,51,Tug,St. Petersburg,1
59.88225,30.19494,0,0,88,7,SPB,RU,141,0,KAPITAN SOROKIN,3,345312,31,43,28,5138,39,1,2016-12-18T03:49:04.000Z,st_petersburg,2016-12-18T00:00:00.000Z,51,Tug,St. Petersburg,1
59.88225,30.19494,0,0,88,7,SPB,RU,141,0,KAPITAN SOROKIN,3,345312,31,43,28,5138,39,1,2016-12-18T03:49:05.000Z,st_petersburg,2016-12-18T00:00:00.000Z,51,Tug,St. Petersburg,1
59.88225,30.19494,0,0,88,9,SPB,RU,141,0,KAPITAN SOROKIN,3,345312,31,43,28,5138,39,1,2016-12-18T03:51:03.000Z,st_petersburg,2016-12-18T00:00:00.000Z,51,Tug,St. Petersburg,1
59.88225,30.19494,0,0,88,9,SPB,RU,141,0,KAPITAN SOROKIN,3,345312,31,43,28,5138,39,1,2016-12-18T03:51:04.000Z,st_petersburg,2016-12-18T00:00:00.000Z,51,Tug,St. Petersburg,1
59.88226,30.19495,0,0,88,3,SPB,RU,141,0,KAPITAN SOROKIN,3,345312,31,43,28,5138,39,1,2016-12-18T03:53:03.000Z,st_petersburg,2016-12-18T00:00:00.000Z,51,Tug,St. Petersburg,1
59.88226,30.19495,0,0,88,3,SPB,RU,141,0,KAPITAN SOROKIN,3,345312,31,43,28,5138,39,1,2016-12-18T03:53:04.000Z,st_petersburg,2016-12-18T00:00:00.000Z,51,Tug,St. Petersburg,1
59.88227,30.19496,0,0,88,2,SPB,RU,141,0,KAPITAN SOROKIN,3,345312,31,43,28,5138,39,1,2016-12-18T03:55:03.000Z,st_petersburg,2016-12-18T00:00:00.000Z,51,Tug,St. Petersburg,1
59.88227,30.19496,0,0,88,2,SPB,RU,141,0,KAPITAN SOROKIN,3,345312,31,43,28,5138,39,1,2016-12-18T03:55:04.000Z,st_petersburg,2016-12-18T00:00:00.000Z,51,Tug,St. Petersburg,1
59.88227,30.19496,0,0,88,4,SPB,RU,141,0,KAPITAN SOROKIN,3,345312,31,43,28,5138,39,1,2016-12-18T03:57:04.000Z,st_petersburg,2016-12-18T00:00:00.000Z,51,Tug,St. Petersburg,1
59.88227,30.19496,0,0,88,4,SPB,RU,141,0,KAPITAN SOROKIN,3,345312,31,43,28,5138,39,1,2016-12-18T03:57:05.000Z,st_petersburg,2016-12-18T00:00:00.000Z,51,Tug,St. Petersburg,1
59.88225,30.19495,0,0,88,3,SPB,RU,141,0,KAPITAN SOROKIN,3,345312,31,43,28,5138,39,1,2016-12-18T03:59:03.000Z,st_petersburg,2016-12-18T00:00:00.000Z,51,Tug,St. Petersburg,1
59.88225,30.19495,0,0,88,3,SPB,RU,141,0,KAPITAN SOROKIN,3,345312,31,43,28,5138,39,1,2016-12-18T03:59:04.000Z,st_petersburg,2016-12-18T00:00:00.000Z,51,Tug,St. Petersburg,1
59.88228,30.19493,0,0,88,2,SPB,RU,141,0,KAPITAN SOROKIN,3,345312,31,43,28,5138,39,1,2016-12-18T04:01:03.000Z,st_petersburg,2016-12-18T00:00:00.000Z,51,Tug,St. Petersburg,1
59.88225,30.19495,0,0,88,4,SPB,RU,141,0,KAPITAN SOROKIN,3,345312,31,43,28,5138,39,1,2016-12-18T04:01:04.000Z,st_petersburg,2016-12-18T00:00:00.000Z,51,Tug,St. Petersburg,1
59.88228,30.19493,0,0,88,2,SPB,RU,141,0,KAPITAN SOROKIN,3,345312,31,43,28,5138,39,1,2016-12-18T04:03:04.000Z,st_petersburg,2016-12-18T00:00:00.000Z,51,Tug,St. Petersburg,1
59.88228,30.19493,0,0,88,2,SPB,RU,141,0,KAPITAN SOROKIN,3,345312,31,43,28,5138,39,1,2016-12-18T04:03:07.000Z,st_petersburg,2016-12-18T00:00:00.000Z,51,Tug,St. Petersburg,1
59.88227,30.19493,0,0,88,3,SPB,RU,141,0,KAPITAN SOROKIN,3,345312,31,43,28,5138,39,1,2016-12-18T04:05:03.000Z,st_petersburg,2016-12-18T00:00:00.000Z,51,Tug,St. Petersburg,1
59.88227,30.19493,0,0,88,2,SPB,RU,141,0,KAPITAN SOROKIN,3,345312,31,43,28,5138,39,1,2016-12-18T04:05:04.000Z,st_petersburg,2016-12-18T00:00:00.000Z,51,Tug,St. Petersburg,1
59.88225,30.19494,0,0,88,2,SPB,RU,141,0,KAPITAN SOROKIN,3,345312,31,43,28,5138,39,1,2016-12-18T04:07:03.000Z,st_petersburg,2016-12-18T00:00:00.000Z,51,Tug,St. Petersburg,1
59.88225,30.19494,0,0,88,2,SPB,RU,141,0,KAPITAN SOROKIN,3,345312,31,43,28,5138,39,1,2016-12-18T04:07:04.000Z,st_petersburg,2016-12-18T00:00:00.000Z,51,Tug,St. Petersburg,1
59.88225,30.19494,0,0,88,4,SPB,RU,141,0,KAPITAN SOROKIN,3,345312,31,43,28,5138,39,1,2016-12-18T04:09:04.000Z,st_petersburg,2016-12-18T00:00:00.000Z,51,Tug,St. Petersburg,1
59.88225,30.19494,0,0,88,4,SPB,RU,141,0,KAPITAN SOROKIN,3,345312,31,43,28,5138,39,1,2016-12-18T04:09:04.000Z,st_petersburg,2016-12-18T00:00:00.000Z,51,Tug,St. Petersburg,1
59.88228,30.19495,0,0,88,3,SPB,RU,141,0,KAPITAN SOROKIN,3,345312,31,43,28,5138,39,1,2016-12-18T04:11:03.000Z,st_petersburg,2016-12-18T00:00:00.000Z,51,Tug,St. Petersburg,1
59.88228,30.19495,0,0,88,3,SPB,RU,141,0,KAPITAN SOROKIN,3,345312,31,43,28,5138,39,1,2016-12-18T04:11:04.000Z,st_petersburg,2016-12-18T00:00:00.000Z,51,Tug,St. Petersburg,1
59.88225,30.19493,0,0,88,2,SPB,RU,141,0,KAPITAN SOROKIN,3,345312,31,43,28,5138,39,1,2016-12-18T04:13:03.000Z,st_petersburg,2016-12-18T00:00:00.000Z,51,Tug,St. Petersburg,1
59.88225,30.19493,0,0,88,2,SPB,RU,141,0,KAPITAN SOROKIN,3,345312,31,43,28,5138,39,1,2016-12-18T04:13:04.000Z,st_petersburg,2016-12-18T00:00:00.000Z,51,Tug,St. Petersburg,1
59.88225,30.19493,0,0,88,4,SPB,RU,141,0,KAPITAN SOROKIN,3,345312,31,43,28,5138,39,1,2016-12-18T04:15:03.000Z,st_petersburg,2016-12-18T00:00:00.000Z,51,Tug,St. Petersburg,1
59.88225,30.19493,0,0,88,4,SPB,RU,141,0,KAPITAN SOROKIN,3,345312,31,43,28,5138,39,1,2016-12-18T04:15:04.000Z,st_petersburg,2016-12-18T00:00:00.000Z,51,Tug,St. Petersburg,1
59.88227,30.19493,0,0,88,2,SPB,RU,141,0,KAPITAN SOROKIN,3,345312,31,43,28,5138,39,1,2016-12-18T04:17:03.000Z,st_petersburg,2016-12-18T00:00:00.000Z,51,Tug,St. Petersburg,1
59.88227,30.19493,0,0,88,2,SPB,RU,141,0,KAPITAN SOROKIN,3,345312,31,43,28,5138,39,1,2016-12-18T04:17:04.000Z,st_petersburg,2016-12-18T00:00:00.000Z,51,Tug,St. Petersburg,1
59.88227,30.19493,0,0,88,4,SPB,RU,141,0,KAPITAN SOROKIN,3,345312,31,43,28,5138,39,1,2016-12-18T04:19:03.000Z,st_petersburg,2016-12-18T00:00:00.000Z,51,Tug,St. Petersburg,1
59.88227,30.19493,0,0,88,4,SPB,RU,141,0,KAPITAN SOROKIN,3,345312,31,43,28,5138,39,1,2016-12-18T04:19:04.000Z,st_petersburg,2016-12-18T00:00:00.000Z,51,Tug,St. Petersburg,1
59.88227,30.19493,0,0,88,6,SPB,RU,141,0,KAPITAN SOROKIN,3,345312,31,43,28,5138,39,1,2016-12-18T04:21:04.000Z,st_petersburg,2016-12-18T00:00:00.000Z,51,Tug,St. Petersburg,1
59.88227,30.19493,0,0,88,6,SPB,RU,141,0,KAPITAN SOROKIN,3,345312,31,43,28,5138,39,1,2016-12-18T04:21:05.000Z,st_petersburg,2016-12-18T00:00:00.000Z,51,Tug,St. Petersburg,1
59.88227,30.19493,0,0,88,8,SPB,RU,141,0,KAPITAN SOROKIN,3,345312,31,43,28,5138,39,1,2016-12-18T04:23:05.000Z,st_petersburg,2016-12-18T00:00:00.000Z,51,Tug,St. Petersburg,1
59.88227,30.19493,0,0,88,8,SPB,RU,141,0,KAPITAN SOROKIN,3,345312,31,43,28,5138,39,1,2016-12-18T04:23:06.000Z,st_petersburg,2016-12-18T00:00:00.000Z,51,Tug,St. Petersburg,1
59.88227,30.19494,0,0,88,2,SPB,RU,141,0,KAPITAN SOROKIN,3,345312,31,43,28,5138,39,1,2016-12-18T04:25:03.000Z,st_petersburg,2016-12-18T00:00:00.000Z,51,Tug,St. Petersburg,1
59.88227,30.19494,0,0,88,2,SPB,RU,141,0,KAPITAN SOROKIN,3,345312,31,43,28,5138,39,1,2016-12-18T04:25:04.000Z,st_petersburg,2016-12-18T00:00:00.000Z,51,Tug,St. Petersburg,1
59.88227,30.19494,0,0,88,4,SPB,RU,141,0,KAPITAN SOROKIN,3,345312,31,43,28,5138,39,1,2016-12-18T04:27:04.000Z,st_petersburg,2016-12-18T00:00:00.000Z,51,Tug,St. Petersburg,1
59.88227,30.19494,0,0,88,4,SPB,RU,141,0,KAPITAN SOROKIN,3,345312,31,43,28,5138,39,1,2016-12-18T04:27:05.000Z,st_petersburg,2016-12-18T00:00:00.000Z,51,Tug,St. Petersburg,1
59.88226,30.19495,0,0,88,2,SPB,RU,141,0,KAPITAN SOROKIN,3,345312,31,43,28,5138,39,1,2016-12-18T04:29:05.000Z,st_petersburg,2016-12-18T00:00:00.000Z,51,Tug,St. Petersburg,1
59.88226,30.19495,0,0,88,1,SPB,RU,141,0,KAPITAN SOROKIN,3,345312,31,43,28,5138,39,1,2016-12-18T04:29:06.000Z,st_petersburg,2016-12-18T00:00:00.000Z,51,Tug,St. Petersburg,1
59.88227,30.19493,0,0,88,2,SPB,RU,141,0,KAPITAN SOROKIN,3,345312,31,43,28,5138,39,1,2016-12-18T04:31:03.000Z,st_petersburg,2016-12-18T00:00:00.000Z,51,Tug,St. Petersburg,1
59.88227,30.19493,0,0,88,2,SPB,RU,141,0,KAPITAN SOROKIN,3,345312,31,43,28,5138,39,1,2016-12-18T04:31:04.000Z,st_petersburg,2016-12-18T00:00:00.000Z,51,Tug,St. Petersburg,1
59.88227,30.19493,0,0,88,4,SPB,RU,141,0,KAPITAN SOROKIN,3,345312,31,43,28,5138,39,1,2016-12-18T04:33:03.000Z,st_petersburg,2016-12-18T00:00:00.000Z,51,Tug,St. Petersburg,1
59.88227,30.19493,0,0,88,4,SPB,RU,141,0,KAPITAN SOROKIN,3,345312,31,43,28,5138,39,1,2016-12-18T04:33:04.000Z,st_petersburg,2016-12-18T00:00:00.000Z,51,Tug,St. Petersburg,1
59.88226,30.19494,0,0,88,3,SPB,RU,141,0,KAPITAN SOROKIN,3,345312,31,43,28,5138,39,1,2016-12-18T04:35:03.000Z,st_petersburg,2016-12-18T00:00:00.000Z,51,Tug,St. Petersburg,1
59.88226,30.19494,0,0,88,3,SPB,RU,141,0,KAPITAN SOROKIN,3,345312,31,43,28,5138,39,1,2016-12-18T04:35:04.000Z,st_petersburg,2016-12-18T00:00:00.000Z,51,Tug,St. Petersburg,1
59.88225,30.19495,0,0,88,2,SPB,RU,141,0,KAPITAN SOROKIN,3,345312,31,43,28,5138,39,1,2016-12-18T04:37:04.000Z,st_petersburg,2016-12-18T00:00:00.000Z,51,Tug,St. Petersburg,1
59.88225,30.19495,0,0,88,2,SPB,RU,141,0,KAPITAN SOROKIN,3,345312,31,43,28,5138,39,1,2016-12-18T04:37:05.000Z,st_petersburg,2016-12-18T00:00:00.000Z,51,Tug,St. Petersburg,1
59.88225,30.19495,0,0,88,4,SPB,RU,141,0,KAPITAN SOROKIN,3,345312,31,43,28,5138,39,1,2016-12-18T04:39:03.000Z,st_petersburg,2016-12-18T00:00:00.000Z,51,Tug,St. Petersburg,1
59.88225,30.19495,0,0,88,4,SPB,RU,141,0,KAPITAN SOROKIN,3,345312,31,43,28,5138,39,1,2016-12-18T04:39:04.000Z,st_petersburg,2016-12-18T00:00:00.000Z,51,Tug,St. Petersburg,1
59.88225,30.19495,0,0,88,3,SPB,RU,141,0,KAPITAN SOROKIN,3,345312,31,43,28,5138,39,1,2016-12-18T04:41:04.000Z,st_petersburg,2016-12-18T00:00:00.000Z,51,Tug,St. Petersburg,1
59.88225,30.19495,0,0,88,3,SPB,RU,141,0,KAPITAN SOROKIN,3,345312,31,43,28,5138,39,1,2016-12-18T04:41:04.000Z,st_petersburg,2016-12-18T00:00:00.000Z,51,Tug,St. Petersburg,1
59.88225,30.19495,0,0,88,5,SPB,RU,141,0,KAPITAN SOROKIN,3,345312,31,43,28,5138,39,1,2016-12-18T04:43:04.000Z,st_petersburg,2016-12-18T00:00:00.000Z,51,Tug,St. Petersburg,1
59.88225,30.19495,0,0,88,3,SPB,RU,141,0,KAPITAN SOROKIN,3,345312,31,43,28,5138,39,1,2016-12-18T04:43:05.000Z,st_petersburg,2016-12-18T00:00:00.000Z,51,Tug,St. Petersburg,1
59.88225,30.19495,0,0,88,7,SPB,RU,141,0,KAPITAN SOROKIN,3,345312,31,43,28,5138,39,1,2016-12-18T04:45:04.000Z,st_petersburg,2016-12-18T00:00:00.000Z,51,Tug,St. Petersburg,1
59.88225,30.19495,0,0,88,7,SPB,RU,141,0,KAPITAN SOROKIN,3,345312,31,43,28,5138,39,1,2016-12-18T04:45:04.000Z,st_petersburg,2016-12-18T00:00:00.000Z,51,Tug,St. Petersburg,1
59.88225,30.19495,0,0,88,9,SPB,RU,141,0,KAPITAN SOROKIN,3,345312,31,43,28,5138,39,1,2016-12-18T04:47:03.000Z,st_petersburg,2016-12-18T00:00:00.000Z,51,Tug,St. Petersburg,1
59.88225,30.19495,0,0,88,9,SPB,RU,141,0,KAPITAN SOROKIN,3,345312,31,43,28,5138,39,1,2016-12-18T04:47:04.000Z,st_petersburg,2016-12-18T00:00:00.000Z,51,Tug,St. Petersburg,1
59.88226,30.19496,0,0,88,3,SPB,RU,141,0,KAPITAN SOROKIN,3,345312,31,43,28,5138,39,1,2016-12-18T04:49:03.000Z,st_petersburg,2016-12-18T00:00:00.000Z,51,Tug,St. Petersburg,1
59.88226,30.19496,0,0,88,3,SPB,RU,141,0,KAPITAN SOROKIN,3,345312,31,43,28,5138,39,1,2016-12-18T04:49:04.000Z,st_petersburg,2016-12-18T00:00:00.000Z,51,Tug,St. Petersburg,1
59.88228,30.19494,0,0,88,2,SPB,RU,141,0,KAPITAN SOROKIN,3,345312,31,43,28,5138,39,1,2016-12-18T04:51:03.000Z,st_petersburg,2016-12-18T00:00:00.000Z,51,Tug,St. Petersburg,1
59.88228,30.19494,0,0,88,2,SPB,RU,141,0,KAPITAN SOROKIN,3,345312,31,43,28,5138,39,1,2016-12-18T04:51:04.000Z,st_petersburg,2016-12-18T00:00:00.000Z,51,Tug,St. Petersburg,1
59.88228,30.19494,0,0,88,4,SPB,RU,141,0,KAPITAN SOROKIN,3,345312,31,43,28,5138,39,1,2016-12-18T04:53:03.000Z,st_petersburg,2016-12-18T00:00:00.000Z,51,Tug,St. Petersburg,1
59.88228,30.19494,0,0,88,4,SPB,RU,141,0,KAPITAN SOROKIN,3,345312,31,43,28,5138,39,1,2016-12-18T04:53:04.000Z,st_petersburg,2016-12-18T00:00:00.000Z,51,Tug,St. Petersburg,1
59.88225,30.19496,0,0,88,3,SPB,RU,141,0,KAPITAN SOROKIN,3,345312,31,43,28,5138,39,1,2016-12-18T04:55:04.000Z,st_petersburg,2016-12-18T00:00:00.000Z,51,Tug,St. Petersburg,1
59.88225,30.19496,0,0,88,3,SPB,RU,141,0,KAPITAN SOROKIN,3,345312,31,43,28,5138,39,1,2016-12-18T04:55:05.000Z,st_petersburg,2016-12-18T00:00:00.000Z,51,Tug,St. Petersburg,1
59.88225,30.19494,0,0,88,2,SPB,RU,141,0,KAPITAN SOROKIN,3,345312,31,43,28,5138,39,1,2016-12-18T04:57:03.000Z,st_petersburg,2016-12-18T00:00:00.000Z,51,Tug,St. Petersburg,1
59.88225,30.19494,0,0,88,2,SPB,RU,141,0,KAPITAN SOROKIN,3,345312,31,43,28,5138,39,1,2016-12-18T04:57:04.000Z,st_petersburg,2016-12-18T00:00:00.000Z,51,Tug,St. Petersburg,1
59.88225,30.19494,0,0,88,4,SPB,RU,141,0,KAPITAN SOROKIN,3,345312,31,43,28,5138,39,1,2016-12-18T04:59:03.000Z,st_petersburg,2016-12-18T00:00:00.000Z,51,Tug,St. Petersburg,1
59.88225,30.19494,0,0,88,4,SPB,RU,141,0,KAPITAN SOROKIN,3,345312,31,43,28,5138,39,1,2016-12-18T04:59:04.000Z,st_petersburg,2016-12-18T00:00:00.000Z,51,Tug,St. Petersburg,1
59.88225,30.19494,0,0,88,3,SPB,RU,141,0,KAPITAN SOROKIN,3,345312,31,43,28,5138,39,1,2016-12-18T05:01:03.000Z,st_petersburg,2016-12-18T00:00:00.000Z,51,Tug,St. Petersburg,1
59.88225,30.19494,0,0,88,1,SPB,RU,141,0,KAPITAN SOROKIN,3,345312,31,43,28,5138,39,1,2016-12-18T05:01:04.000Z,st_petersburg,2016-12-18T00:00:00.000Z,51,Tug,St. Petersburg,1
59.88225,30.19494,0,0,88,5,SPB,RU,141,0,KAPITAN SOROKIN,3,345312,31,43,28,5138,39,1,2016-12-18T05:03:03.000Z,st_petersburg,2016-12-18T00:00:00.000Z,51,Tug,St. Petersburg,1
59.88225,30.19494,0,0,88,5,SPB,RU,141,0,KAPITAN SOROKIN,3,345312,31,43,28,5138,39,1,2016-12-18T05:03:04.000Z,st_petersburg,2016-12-18T00:00:00.000Z,51,Tug,St. Petersburg,1
59.88225,30.19497,0,0,88,3,SPB,RU,141,0,KAPITAN SOROKIN,3,345312,31,43,28,5138,39,1,2016-12-18T05:05:03.000Z,st_petersburg,2016-12-18T00:00:00.000Z,51,Tug,St. Petersburg,1
59.88225,30.19497,0,0,88,1,SPB,RU,141,0,KAPITAN SOROKIN,3,345312,31,43,28,5138,39,1,2016-12-18T05:05:04.000Z,st_petersburg,2016-12-18T00:00:00.000Z,51,Tug,St. Petersburg,1
59.88225,30.19493,0,0,88,2,SPB,RU,141,0,KAPITAN SOROKIN,3,345312,31,43,28,5138,39,1,2016-12-18T05:07:03.000Z,st_petersburg,2016-12-18T00:00:00.000Z,51,Tug,St. Petersburg,1
59.88225,30.19493,0,0,88,2,SPB,RU,141,0,KAPITAN SOROKIN,3,345312,31,43,28,5138,39,1,2016-12-18T05:07:04.000Z,st_petersburg,2016-12-18T00:00:00.000Z,51,Tug,St. Petersburg,1
59.88225,30.19493,0,0,88,4,SPB,RU,141,0,KAPITAN SOROKIN,3,345312,31,43,28,5138,39,1,2016-12-18T05:09:04.000Z,st_petersburg,2016-12-18T00:00:00.000Z,51,Tug,St. Petersburg,1
59.88225,30.19493,0,0,88,4,SPB,RU,141,0,KAPITAN SOROKIN,3,345312,31,43,28,5138,39,1,2016-12-18T05:09:04.000Z,st_petersburg,2016-12-18T00:00:00.000Z,51,Tug,St. Petersburg,1
59.88225,30.19492,0,0,88,2,SPB,RU,141,0,KAPITAN SOROKIN,3,345312,31,43,28,5138,39,1,2016-12-18T05:11:03.000Z,st_petersburg,2016-12-18T00:00:00.000Z,51,Tug,St. Petersburg,1
59.88225,30.19493,0,0,88,4,SPB,RU,141,0,KAPITAN SOROKIN,3,345312,31,43,28,5138,39,1,2016-12-18T05:11:04.000Z,st_petersburg,2016-12-18T00:00:00.000Z,51,Tug,St. Petersburg,1
59.88225,30.19492,0,0,88,4,SPB,RU,141,0,KAPITAN SOROKIN,3,345312,31,43,28,5138,39,1,2016-12-18T05:13:03.000Z,st_petersburg,2016-12-18T00:00:00.000Z,51,Tug,St. Petersburg,1
59.88225,30.19492,0,0,88,3,SPB,RU,141,0,KAPITAN SOROKIN,3,345312,31,43,28,5138,39,1,2016-12-18T05:13:04.000Z,st_petersburg,2016-12-18T00:00:00.000Z,51,Tug,St. Petersburg,1
59.88223,30.19494,0,0,88,3,SPB,RU,141,0,KAPITAN SOROKIN,3,345312,31,43,28,5138,39,1,2016-12-18T05:15:04.000Z,st_petersburg,2016-12-18T00:00:00.000Z,51,Tug,St. Petersburg,1
59.88223,30.19494,0,0,88,3,SPB,RU,141,0,KAPITAN SOROKIN,3,345312,31,43,28,5138,39,1,2016-12-18T05:15:05.000Z,st_petersburg,2016-12-18T00:00:00.000Z,51,Tug,St. Petersburg,1
59.88227,30.19495,0,0,88,2,SPB,RU,141,0,KAPITAN SOROKIN,3,345312,31,43,28,5138,39,1,2016-12-18T05:17:04.000Z,st_petersburg,2016-12-18T00:00:00.000Z,51,Tug,St. Petersburg,1
59.88223,30.19494,0,0,88,3,SPB,RU,141,0,KAPITAN SOROKIN,3,345312,31,43,28,5138,39,1,2016-12-18T05:17:04.000Z,st_petersburg,2016-12-18T00:00:00.000Z,51,Tug,St. Petersburg,1
59.88227,30.19495,0,0,88,4,SPB,RU,141,0,KAPITAN SOROKIN,3,345312,31,43,28,5138,39,1,2016-12-18T05:19:03.000Z,st_petersburg,2016-12-18T00:00:00.000Z,51,Tug,St. Petersburg,1
59.88227,30.19495,0,0,88,4,SPB,RU,141,0,KAPITAN SOROKIN,3,345312,31,43,28,5138,39,1,2016-12-18T05:19:04.000Z,st_petersburg,2016-12-18T00:00:00.000Z,51,Tug,St. Petersburg,1
59.88226,30.19494,0,0,88,2,SPB,RU,141,0,KAPITAN SOROKIN,3,345312,31,43,28,5138,39,1,2016-12-18T05:21:04.000Z,st_petersburg,2016-12-18T00:00:00.000Z,51,Tug,St. Petersburg,1
59.88226,30.19494,0,0,88,2,SPB,RU,141,0,KAPITAN SOROKIN,3,345312,31,43,28,5138,39,1,2016-12-18T05:21:04.000Z,st_petersburg,2016-12-18T00:00:00.000Z,51,Tug,St. Petersburg,1
59.88226,30.19494,0,0,88,4,SPB,RU,141,0,KAPITAN SOROKIN,3,345312,31,43,28,5138,39,1,2016-12-18T05:23:04.000Z,st_petersburg,2016-12-18T00:00:00.000Z,51,Tug,St. Petersburg,1
59.88226,30.19494,0,0,88,4,SPB,RU,141,0,KAPITAN SOROKIN,3,345312,31,43,28,5138,39,1,2016-12-18T05:23:05.000Z,st_petersburg,2016-12-18T00:00:00.000Z,51,Tug,St. Petersburg,1
59.88227,30.19494,0,0,88,3,SPB,RU,141,0,KAPITAN SOROKIN,3,345312,31,43,28,5138,39,1,2016-12-18T05:25:03.000Z,st_petersburg,2016-12-18T00:00:00.000Z,51,Tug,St. Petersburg,1
59.88227,30.19494,0,0,88,3,SPB,RU,141,0,KAPITAN SOROKIN,3,345312,31,43,28,5138,39,1,2016-12-18T05:25:04.000Z,st_petersburg,2016-12-18T00:00:00.000Z,51,Tug,St. Petersburg,1
59.88226,30.19495,0,0,88,2,SPB,RU,141,0,KAPITAN SOROKIN,3,345312,31,43,28,5138,39,1,2016-12-18T05:27:04.000Z,st_petersburg,2016-12-18T00:00:00.000Z,51,Tug,St. Petersburg,1
59.88227,30.19494,0,0,88,4,SPB,RU,141,0,KAPITAN SOROKIN,3,345312,31,43,28,5138,39,1,2016-12-18T05:27:04.000Z,st_petersburg,2016-12-18T00:00:00.000Z,51,Tug,St. Petersburg,1
59.88226,30.19495,0,0,88,2,SPB,RU,141,0,KAPITAN SOROKIN,3,345312,31,43,28,5138,39,1,2016-12-18T05:29:03.000Z,st_petersburg,2016-12-18T00:00:00.000Z,51,Tug,St. Petersburg,1
59.88226,30.19495,0,0,88,4,SPB,RU,141,0,KAPITAN SOROKIN,3,345312,31,43,28,5138,39,1,2016-12-18T05:29:04.000Z,st_petersburg,2016-12-18T00:00:00.000Z,51,Tug,St. Petersburg,1
59.88226,30.19495,0,0,88,5,SPB,RU,141,0,KAPITAN SOROKIN,3,345312,31,43,28,5138,39,1,2016-12-18T05:31:04.000Z,st_petersburg,2016-12-18T00:00:00.000Z,51,Tug,St. Petersburg,1
59.88226,30.19495,0,0,88,6,SPB,RU,141,0,KAPITAN SOROKIN,3,345312,31,43,28,5138,39,1,2016-12-18T05:31:04.000Z,st_petersburg,2016-12-18T00:00:00.000Z,51,Tug,St. Petersburg,1
59.88225,30.19493,0,0,88,2,SPB,RU,141,0,KAPITAN SOROKIN,3,345312,31,43,28,5138,39,1,2016-12-18T05:33:03.000Z,st_petersburg,2016-12-18T00:00:00.000Z,51,Tug,St. Petersburg,1
59.88226,30.19495,0,0,88,7,SPB,RU,141,0,KAPITAN SOROKIN,3,345312,31,43,28,5138,39,1,2016-12-18T05:33:04.000Z,st_petersburg,2016-12-18T00:00:00.000Z,51,Tug,St. Petersburg,1
59.88225,30.19493,0,0,88,4,SPB,RU,141,0,KAPITAN SOROKIN,3,345312,31,43,28,5138,39,1,2016-12-18T05:35:03.000Z,st_petersburg,2016-12-18T00:00:00.000Z,51,Tug,St. Petersburg,1
59.88225,30.19493,0,0,88,4,SPB,RU,141,0,KAPITAN SOROKIN,3,345312,31,43,28,5138,39,1,2016-12-18T05:35:04.000Z,st_petersburg,2016-12-18T00:00:00.000Z,51,Tug,St. Petersburg,1
59.88225,30.19494,0,0,88,3,SPB,RU,141,0,KAPITAN SOROKIN,3,345312,31,43,28,5138,39,1,2016-12-18T05:37:04.000Z,st_petersburg,2016-12-18T00:00:00.000Z,51,Tug,St. Petersburg,1
59.88225,30.19494,0,0,88,3,SPB,RU,141,0,KAPITAN SOROKIN,3,345312,31,43,28,5138,39,1,2016-12-18T05:37:05.000Z,st_petersburg,2016-12-18T00:00:00.000Z,51,Tug,St. Petersburg,1
59.88225,30.19495,0,0,88,2,SPB,RU,141,0,KAPITAN SOROKIN,3,345312,31,43,28,5138,39,1,2016-12-18T05:39:03.000Z,st_petersburg,2016-12-18T00:00:00.000Z,51,Tug,St. Petersburg,1
59.88225,30.19495,0,0,88,2,SPB,RU,141,0,KAPITAN SOROKIN,3,345312,31,43,28,5138,39,1,2016-12-18T05:39:04.000Z,st_petersburg,2016-12-18T00:00:00.000Z,51,Tug,St. Petersburg,1
59.88225,30.19495,0,0,88,4,SPB,RU,141,0,KAPITAN SOROKIN,3,345312,31,43,28,5138,39,1,2016-12-18T05:41:03.000Z,st_petersburg,2016-12-18T00:00:00.000Z,51,Tug,St. Petersburg,1
59.88225,30.19495,0,0,88,3,SPB,RU,141,0,KAPITAN SOROKIN,3,345312,31,43,28,5138,39,1,2016-12-18T05:41:04.000Z,st_petersburg,2016-12-18T00:00:00.000Z,51,Tug,St. Petersburg,1
59.88226,30.19495,0,0,88,2,SPB,RU,141,0,KAPITAN SOROKIN,3,345312,31,43,28,5138,39,1,2016-12-18T05:43:03.000Z,st_petersburg,2016-12-18T00:00:00.000Z,51,Tug,St. Petersburg,1
59.88226,30.19495,0,0,88,2,SPB,RU,141,0,KAPITAN SOROKIN,3,345312,31,43,28,5138,39,1,2016-12-18T05:43:04.000Z,st_petersburg,2016-12-18T00:00:00.000Z,51,Tug,St. Petersburg,1
59.88226,30.19495,0,0,88,4,SPB,RU,141,0,KAPITAN SOROKIN,3,345312,31,43,28,5138,39,1,2016-12-18T05:45:03.000Z,st_petersburg,2016-12-18T00:00:00.000Z,51,Tug,St. Petersburg,1
59.88226,30.19495,0,0,88,4,SPB,RU,141,0,KAPITAN SOROKIN,3,345312,31,43,28,5138,39,1,2016-12-18T05:45:04.000Z,st_petersburg,2016-12-18T00:00:00.000Z,51,Tug,St. Petersburg,1
59.88229,30.19492,0,0,88,3,SPB,RU,141,0,KAPITAN SOROKIN,3,345312,31,43,28,5138,39,1,2016-12-18T05:47:03.000Z,st_petersburg,2016-12-18T00:00:00.000Z,51,Tug,St. Petersburg,1
59.88226,30.19495,0,0,88,4,SPB,RU,141,0,KAPITAN SOROKIN,3,345312,31,43,28,5138,39,1,2016-12-18T05:47:04.000Z,st_petersburg,2016-12-18T00:00:00.000Z,51,Tug,St. Petersburg,1
59.88226,30.19495,0,0,88,2,SPB,RU,141,0,KAPITAN SOROKIN,3,345312,31,43,28,5138,39,1,2016-12-18T05:49:03.000Z,st_petersburg,2016-12-18T00:00:00.000Z,51,Tug,St. Petersburg,1
59.88226,30.19495,0,0,88,1,SPB,RU,141,0,KAPITAN SOROKIN,3,345312,31,43,28,5138,39,1,2016-12-18T05:49:03.000Z,st_petersburg,2016-12-18T00:00:00.000Z,51,Tug,St. Petersburg,1
59.88226,30.19495,0,0,88,4,SPB,RU,141,0,KAPITAN SOROKIN,3,345312,31,43,28,5138,39,1,2016-12-18T05:51:03.000Z,st_petersburg,2016-12-18T00:00:00.000Z,51,Tug,St. Petersburg,1
59.88226,30.19495,0,0,88,4,SPB,RU,141,0,KAPITAN SOROKIN,3,345312,31,43,28,5138,39,1,2016-12-18T05:51:04.000Z,st_petersburg,2016-12-18T00:00:00.000Z,51,Tug,St. Petersburg,1
59.88223,30.19494,0,0,88,3,SPB,RU,141,0,KAPITAN SOROKIN,3,345312,31,43,28,5138,39,1,2016-12-18T05:53:03.000Z,st_petersburg,2016-12-18T00:00:00.000Z,51,Tug,St. Petersburg,1
59.88223,30.19494,0,0,88,3,SPB,RU,141,0,KAPITAN SOROKIN,3,345312,31,43,28,5138,39,1,2016-12-18T05:53:04.000Z,st_petersburg,2016-12-18T00:00:00.000Z,51,Tug,St. Petersburg,1
59.88225,30.19491,0,0,88,2,SPB,RU,141,0,KAPITAN SOROKIN,3,345312,31,43,28,5138,39,1,2016-12-18T05:55:03.000Z,st_petersburg,2016-12-18T00:00:00.000Z,51,Tug,St. Petersburg,1
59.88225,30.19491,0,0,88,2,SPB,RU,141,0,KAPITAN SOROKIN,3,345312,31,43,28,5138,39,1,2016-12-18T05:55:04.000Z,st_petersburg,2016-12-18T00:00:00.000Z,51,Tug,St. Petersburg,1
59.88225,30.19491,0,0,88,4,SPB,RU,141,0,KAPITAN SOROKIN,3,345312,31,43,28,5138,39,1,2016-12-18T05:57:04.000Z,st_petersburg,2016-12-18T00:00:00.000Z,51,Tug,St. Petersburg,1
59.88225,30.19491,0,0,88,4,SPB,RU,141,0,KAPITAN SOROKIN,3,345312,31,43,28,5138,39,1,2016-12-18T05:57:04.000Z,st_petersburg,2016-12-18T00:00:00.000Z,51,Tug,St. Petersburg,1
59.88225,30.19493,0,0,88,3,SPB,RU,141,0,KAPITAN SOROKIN,3,345312,31,43,28,5138,39,1,2016-12-18T05:59:04.000Z,st_petersburg,2016-12-18T00:00:00.000Z,51,Tug,St. Petersburg,1
59.88225,30.19493,0,0,88,3,SPB,RU,141,0,KAPITAN SOROKIN,3,345312,31,43,28,5138,39,1,2016-12-18T05:59:05.000Z,st_petersburg,2016-12-18T00:00:00.000Z,51,Tug,St. Petersburg,1
59.88225,30.19493,0,0,88,5,SPB,RU,141,0,KAPITAN SOROKIN,3,345312,31,43,28,5138,39,1,2016-12-18T06:01:03.000Z,st_petersburg,2016-12-18T00:00:00.000Z,51,Tug,St. Petersburg,1
59.88225,30.19493,0,0,88,5,SPB,RU,141,0,KAPITAN SOROKIN,3,345312,31,43,28,5138,39,1,2016-12-18T06:01:05.000Z,st_petersburg,2016-12-18T00:00:00.000Z,51,Tug,St. Petersburg,1
59.88225,30.19493,0,0,88,7,SPB,RU,141,0,KAPITAN SOROKIN,3,345312,31,43,28,5138,39,1,2016-12-18T06:03:04.000Z,st_petersburg,2016-12-18T00:00:00.000Z,51,Tug,St. Petersburg,1
59.88225,30.19493,0,0,88,5,SPB,RU,141,0,KAPITAN SOROKIN,3,345312,31,43,28,5138,39,1,2016-12-18T06:03:05.000Z,st_petersburg,2016-12-18T00:00:00.000Z,51,Tug,St. Petersburg,1
59.88225,30.19493,0,0,88,9,SPB,RU,141,0,KAPITAN SOROKIN,3,345312,31,43,28,5138,39,1,2016-12-18T06:05:04.000Z,st_petersburg,2016-12-18T00:00:00.000Z,51,Tug,St. Petersburg,1
59.88225,30.19493,0,0,88,9,SPB,RU,141,0,KAPITAN SOROKIN,3,345312,31,43,28,5138,39,1,2016-12-18T06:05:06.000Z,st_petersburg,2016-12-18T00:00:00.000Z,51,Tug,St. Petersburg,1
59.88227,30.19492,0,0,88,3,SPB,RU,141,0,KAPITAN SOROKIN,3,345312,31,43,28,5138,39,1,2016-12-18T06:07:04.000Z,st_petersburg,2016-12-18T00:00:00.000Z,51,Tug,St. Petersburg,1
59.88227,30.19492,0,0,88,3,SPB,RU,141,0,KAPITAN SOROKIN,3,345312,31,43,28,5138,39,1,2016-12-18T06:07:05.000Z,st_petersburg,2016-12-18T00:00:00.000Z,51,Tug,St. Petersburg,1
59.88227,30.19495,0,0,88,2,SPB,RU,141,0,KAPITAN SOROKIN,3,345312,31,43,28,5138,39,1,2016-12-18T06:09:03.000Z,st_petersburg,2016-12-18T00:00:00.000Z,51,Tug,St. Petersburg,1
59.88227,30.19495,0,0,88,2,SPB,RU,141,0,KAPITAN SOROKIN,3,345312,31,43,28,5138,39,1,2016-12-18T06:09:04.000Z,st_petersburg,2016-12-18T00:00:00.000Z,51,Tug,St. Petersburg,1
59.88227,30.19495,0,0,88,4,SPB,RU,141,0,KAPITAN SOROKIN,3,345312,31,43,28,5138,39,1,2016-12-18T06:11:04.000Z,st_petersburg,2016-12-18T00:00:00.000Z,51,Tug,St. Petersburg,1
59.88227,30.19495,0,0,88,4,SPB,RU,141,0,KAPITAN SOROKIN,3,345312,31,43,28,5138,39,1,2016-12-18T06:11:05.000Z,st_petersburg,2016-12-18T00:00:00.000Z,51,Tug,St. Petersburg,1
59.88227,30.19495,0,0,88,6,SPB,RU,141,0,KAPITAN SOROKIN,3,345312,31,43,28,5138,39,1,2016-12-18T06:13:03.000Z,st_petersburg,2016-12-18T00:00:00.000Z,51,Tug,St. Petersburg,1
59.88227,30.19495,0,0,88,6,SPB,RU,141,0,KAPITAN SOROKIN,3,345312,31,43,28,5138,39,1,2016-12-18T06:13:04.000Z,st_petersburg,2016-12-18T00:00:00.000Z,51,Tug,St. Petersburg,1
59.88227,30.19495,0,0,88,8,SPB,RU,141,0,KAPITAN SOROKIN,3,345312,31,43,28,5138,39,1,2016-12-18T06:15:03.000Z,st_petersburg,2016-12-18T00:00:00.000Z,51,Tug,St. Petersburg,1
59.88227,30.19495,0,0,88,8,SPB,RU,141,0,KAPITAN SOROKIN,3,345312,31,43,28,5138,39,1,2016-12-18T06:15:04.000Z,st_petersburg,2016-12-18T00:00:00.000Z,51,Tug,St. Petersburg,1
59.88224,30.19492,0,0,88,2,SPB,RU,141,0,KAPITAN SOROKIN,3,345312,31,43,28,5138,39,1,2016-12-18T06:17:03.000Z,st_petersburg,2016-12-18T00:00:00.000Z,51,Tug,St. Petersburg,1
59.88224,30.19492,0,0,88,2,SPB,RU,141,0,KAPITAN SOROKIN,3,345312,31,43,28,5138,39,1,2016-12-18T06:17:04.000Z,st_petersburg,2016-12-18T00:00:00.000Z,51,Tug,St. Petersburg,1
59.88224,30.19492,0,0,88,4,SPB,RU,141,0,KAPITAN SOROKIN,3,345312,31,43,28,5138,39,1,2016-12-18T06:19:04.000Z,st_petersburg,2016-12-18T00:00:00.000Z,51,Tug,St. Petersburg,1
59.88224,30.19492,0,0,88,4,SPB,RU,141,0,KAPITAN SOROKIN,3,345312,31,43,28,5138,39,1,2016-12-18T06:19:05.000Z,st_petersburg,2016-12-18T00:00:00.000Z,51,Tug,St. Petersburg,1
59.88225,30.19492,0,0,88,3,SPB,RU,141,0,KAPITAN SOROKIN,3,345312,31,43,28,5138,39,1,2016-12-18T06:21:03.000Z,st_petersburg,2016-12-18T00:00:00.000Z,51,Tug,St. Petersburg,1
59.88225,30.19492,0,0,88,3,SPB,RU,141,0,KAPITAN SOROKIN,3,345312,31,43,28,5138,39,1,2016-12-18T06:21:04.000Z,st_petersburg,2016-12-18T00:00:00.000Z,51,Tug,St. Petersburg,1
59.88224,30.19491,0,0,88,2,SPB,RU,141,0,KAPITAN SOROKIN,3,345312,31,43,28,5138,39,1,2016-12-18T06:23:03.000Z,st_petersburg,2016-12-18T00:00:00.000Z,51,Tug,St. Petersburg,1
59.88224,30.19491,0,0,88,2,SPB,RU,141,0,KAPITAN SOROKIN,3,345312,31,43,28,5138,39,1,2016-12-18T06:23:04.000Z,st_petersburg,2016-12-18T00:00:00.000Z,51,Tug,St. Petersburg,1
59.88224,30.19491,0,0,88,4,SPB,RU,141,0,KAPITAN SOROKIN,3,345312,31,43,28,5138,39,1,2016-12-18T06:25:04.000Z,st_petersburg,2016-12-18T00:00:00.000Z,51,Tug,St. Petersburg,1
59.88224,30.19491,0,0,88,4,SPB,RU,141,0,KAPITAN SOROKIN,3,345312,31,43,28,5138,39,1,2016-12-18T06:25:05.000Z,st_petersburg,2016-12-18T00:00:00.000Z,51,Tug,St. Petersburg,1
59.88224,30.19491,0,0,88,6,SPB,RU,141,0,KAPITAN SOROKIN,3,345312,31,43,28,5138,39,1,2016-12-18T06:27:04.000Z,st_petersburg,2016-12-18T00:00:00.000Z,51,Tug,St. Petersburg,1
59.88224,30.19491,0,0,88,6,SPB,RU,141,0,KAPITAN SOROKIN,3,345312,31,43,28,5138,39,1,2016-12-18T06:27:05.000Z,st_petersburg,2016-12-18T00:00:00.000Z,51,Tug,St. Petersburg,1
59.88224,30.19491,0,0,88,8,SPB,RU,141,0,KAPITAN SOROKIN,3,345312,31,43,28,5138,39,1,2016-12-18T06:29:04.000Z,st_petersburg,2016-12-18T00:00:00.000Z,51,Tug,St. Petersburg,1
59.88224,30.19491,0,0,88,8,SPB,RU,141,0,KAPITAN SOROKIN,3,345312,31,43,28,5138,39,1,2016-12-18T06:29:05.000Z,st_petersburg,2016-12-18T00:00:00.000Z,51,Tug,St. Petersburg,1
59.88227,30.19494,0,0,88,2,SPB,RU,141,0,KAPITAN SOROKIN,3,345312,31,43,28,5138,39,1,2016-12-18T06:31:04.000Z,st_petersburg,2016-12-18T00:00:00.000Z,51,Tug,St. Petersburg,1
59.88227,30.19494,0,0,88,2,SPB,RU,141,0,KAPITAN SOROKIN,3,345312,31,43,28,5138,39,1,2016-12-18T06:31:05.000Z,st_petersburg,2016-12-18T00:00:00.000Z,51,Tug,St. Petersburg,1
59.88227,30.19494,0,0,88,3,SPB,RU,141,0,KAPITAN SOROKIN,3,345312,31,43,28,5138,39,1,2016-12-18T06:33:03.000Z,st_petersburg,2016-12-18T00:00:00.000Z,51,Tug,St. Petersburg,1
59.88227,30.19494,0,0,88,4,SPB,RU,141,0,KAPITAN SOROKIN,3,345312,31,43,28,5138,39,1,2016-12-18T06:33:04.000Z,st_petersburg,2016-12-18T00:00:00.000Z,51,Tug,St. Petersburg,1
59.88227,30.19494,0,0,88,6,SPB,RU,141,0,KAPITAN SOROKIN,3,345312,31,43,28,5138,39,1,2016-12-18T06:35:04.000Z,st_petersburg,2016-12-18T00:00:00.000Z,51,Tug,St. Petersburg,1
59.88227,30.19494,0,0,88,6,SPB,RU,141,0,KAPITAN SOROKIN,3,345312,31,43,28,5138,39,1,2016-12-18T06:35:04.000Z,st_petersburg,2016-12-18T00:00:00.000Z,51,Tug,St. Petersburg,1
59.88227,30.19494,0,0,88,8,SPB,RU,141,0,KAPITAN SOROKIN,3,345312,31,43,28,5138,39,1,2016-12-18T06:37:03.000Z,st_petersburg,2016-12-18T00:00:00.000Z,51,Tug,St. Petersburg,1
59.88227,30.19494,0,0,88,7,SPB,RU,141,0,KAPITAN SOROKIN,3,345312,31,43,28,5138,39,1,2016-12-18T06:37:03.000Z,st_petersburg,2016-12-18T00:00:00.000Z,51,Tug,St. Petersburg,1
59.88228,30.19493,0,0,88,2,SPB,RU,141,0,KAPITAN SOROKIN,3,345312,31,43,28,5138,39,1,2016-12-18T06:39:03.000Z,st_petersburg,2016-12-18T00:00:00.000Z,51,Tug,St. Petersburg,1
59.88228,30.19493,0,0,88,2,SPB,RU,141,0,KAPITAN SOROKIN,3,345312,31,43,28,5138,39,1,2016-12-18T06:39:04.000Z,st_petersburg,2016-12-18T00:00:00.000Z,51,Tug,St. Petersburg,1
59.88228,30.19493,0,0,88,4,SPB,RU,141,0,KAPITAN SOROKIN,3,345312,31,43,28,5138,39,1,2016-12-18T06:41:03.000Z,st_petersburg,2016-12-18T00:00:00.000Z,51,Tug,St. Petersburg,1
59.88228,30.19493,0,0,88,4,SPB,RU,141,0,KAPITAN SOROKIN,3,345312,31,43,28,5138,39,1,2016-12-18T06:41:04.000Z,st_petersburg,2016-12-18T00:00:00.000Z,51,Tug,St. Petersburg,1
59.88225,30.19495,0,0,88,3,SPB,RU,141,0,KAPITAN SOROKIN,3,345312,31,43,28,5138,39,1,2016-12-18T06:43:03.000Z,st_petersburg,2016-12-18T00:00:00.000Z,51,Tug,St. Petersburg,1
59.88225,30.19495,0,0,88,3,SPB,RU,141,0,KAPITAN SOROKIN,3,345312,31,43,28,5138,39,1,2016-12-18T06:43:04.000Z,st_petersburg,2016-12-18T00:00:00.000Z,51,Tug,St. Petersburg,1
59.88225,30.19497,0,0,88,2,SPB,RU,141,0,KAPITAN SOROKIN,3,345312,31,43,28,5138,39,1,2016-12-18T06:45:03.000Z,st_petersburg,2016-12-18T00:00:00.000Z,51,Tug,St. Petersburg,1
59.88225,30.19497,0,0,88,2,SPB,RU,141,0,KAPITAN SOROKIN,3,345312,31,43,28,5138,39,1,2016-12-18T06:45:04.000Z,st_petersburg,2016-12-18T00:00:00.000Z,51,Tug,St. Petersburg,1
59.88225,30.19497,0,0,88,4,SPB,RU,141,0,KAPITAN SOROKIN,3,345312,31,43,28,5138,39,1,2016-12-18T06:47:03.000Z,st_petersburg,2016-12-18T00:00:00.000Z,51,Tug,St. Petersburg,1
59.88225,30.19497,0,0,88,4,SPB,RU,141,0,KAPITAN SOROKIN,3,345312,31,43,28,5138,39,1,2016-12-18T06:47:04.000Z,st_petersburg,2016-12-18T00:00:00.000Z,51,Tug,St. Petersburg,1
59.88224,30.19493,0,0,88,3,SPB,RU,141,0,KAPITAN SOROKIN,3,345312,31,43,28,5138,39,1,2016-12-18T06:49:03.000Z,st_petersburg,2016-12-18T00:00:00.000Z,51,Tug,St. Petersburg,1
59.88224,30.19493,0,0,88,3,SPB,RU,141,0,KAPITAN SOROKIN,3,345312,31,43,28,5138,39,1,2016-12-18T06:49:04.000Z,st_petersburg,2016-12-18T00:00:00.000Z,51,Tug,St. Petersburg,1
59.88224,30.19493,0,0,88,5,SPB,RU,141,0,KAPITAN SOROKIN,3,345312,31,43,28,5138,39,1,2016-12-18T06:51:03.000Z,st_petersburg,2016-12-18T00:00:00.000Z,51,Tug,St. Petersburg,1
59.88224,30.19493,0,0,88,5,SPB,RU,141,0,KAPITAN SOROKIN,3,345312,31,43,28,5138,39,1,2016-12-18T06:51:04.000Z,st_petersburg,2016-12-18T00:00:00.000Z,51,Tug,St. Petersburg,1
59.88224,30.19493,0,0,88,7,SPB,RU,141,0,KAPITAN SOROKIN,3,345312,31,43,28,5138,39,1,2016-12-18T06:53:03.000Z,st_petersburg,2016-12-18T00:00:00.000Z,51,Tug,St. Petersburg,1
59.88224,30.19493,0,0,88,7,SPB,RU,141,0,KAPITAN SOROKIN,3,345312,31,43,28,5138,39,1,2016-12-18T06:53:04.000Z,st_petersburg,2016-12-18T00:00:00.000Z,51,Tug,St. Petersburg,1
59.88224,30.19493,0,0,88,9,SPB,RU,141,0,KAPITAN SOROKIN,3,345312,31,43,28,5138,39,1,2016-12-18T06:55:03.000Z,st_petersburg,2016-12-18T00:00:00.000Z,51,Tug,St. Petersburg,1
59.88224,30.19493,0,0,88,9,SPB,RU,141,0,KAPITAN SOROKIN,3,345312,31,43,28,5138,39,1,2016-12-18T06:55:04.000Z,st_petersburg,2016-12-18T00:00:00.000Z,51,Tug,St. Petersburg,1
59.88226,30.19495,0,0,88,3,SPB,RU,141,0,KAPITAN SOROKIN,3,345312,31,43,28,5138,39,1,2016-12-18T06:57:03.000Z,st_petersburg,2016-12-18T00:00:00.000Z,51,Tug,St. Petersburg,1
59.88226,30.19495,0,0,88,3,SPB,RU,141,0,KAPITAN SOROKIN,3,345312,31,43,28,5138,39,1,2016-12-18T06:57:04.000Z,st_petersburg,2016-12-18T00:00:00.000Z,51,Tug,St. Petersburg,1
59.88223,30.19496,0,0,88,2,SPB,RU,141,0,KAPITAN SOROKIN,3,345312,31,43,28,5138,39,1,2016-12-18T06:59:03.000Z,st_petersburg,2016-12-18T00:00:00.000Z,51,Tug,St. Petersburg,1
59.88226,30.19495,0,0,88,4,SPB,RU,141,0,KAPITAN SOROKIN,3,345312,31,43,28,5138,39,1,2016-12-18T06:59:04.000Z,st_petersburg,2016-12-18T00:00:00.000Z,51,Tug,St. Petersburg,1
59.88223,30.19496,0,0,88,3,SPB,RU,141,0,KAPITAN SOROKIN,3,345312,31,43,28,5138,39,1,2016-12-18T07:01:03.000Z,st_petersburg,2016-12-18T00:00:00.000Z,51,Tug,St. Petersburg,1
59.88223,30.19496,0,0,88,2,SPB,RU,141,0,KAPITAN SOROKIN,3,345312,31,43,28,5138,39,1,2016-12-18T07:01:03.000Z,st_petersburg,2016-12-18T00:00:00.000Z,51,Tug,St. Petersburg,1
59.88226,30.19492,0,0,88,3,SPB,RU,141,0,KAPITAN SOROKIN,3,345312,31,43,28,5138,39,1,2016-12-18T07:03:03.000Z,st_petersburg,2016-12-18T00:00:00.000Z,51,Tug,St. Petersburg,1
59.88226,30.19492,0,0,88,3,SPB,RU,141,0,KAPITAN SOROKIN,3,345312,31,43,28,5138,39,1,2016-12-18T07:03:04.000Z,st_petersburg,2016-12-18T00:00:00.000Z,51,Tug,St. Petersburg,1
59.88223,30.19492,0,0,88,2,SPB,RU,141,0,KAPITAN SOROKIN,3,345312,31,43,28,5138,39,1,2016-12-18T07:05:03.000Z,st_petersburg,2016-12-18T00:00:00.000Z,51,Tug,St. Petersburg,1
59.88223,30.19492,0,0,88,2,SPB,RU,141,0,KAPITAN SOROKIN,3,345312,31,43,28,5138,39,1,2016-12-18T07:05:05.000Z,st_petersburg,2016-12-18T00:00:00.000Z,51,Tug,St. Petersburg,1
59.88223,30.19492,0,0,88,4,SPB,RU,141,0,KAPITAN SOROKIN,3,345312,31,43,28,5138,39,1,2016-12-18T07:07:04.000Z,st_petersburg,2016-12-18T00:00:00.000Z,51,Tug,St. Petersburg,1
59.88223,30.19492,0,0,88,2,SPB,RU,141,0,KAPITAN SOROKIN,3,345312,31,43,28,5138,39,1,2016-12-18T07:07:04.000Z,st_petersburg,2016-12-18T00:00:00.000Z,51,Tug,St. Petersburg,1
59.88226,30.19493,0,0,88,3,SPB,RU,141,0,KAPITAN SOROKIN,3,345312,31,43,28,5138,39,1,2016-12-18T07:09:04.000Z,st_petersburg,2016-12-18T00:00:00.000Z,51,Tug,St. Petersburg,1
59.88223,30.19492,0,0,88,4,SPB,RU,141,0,KAPITAN SOROKIN,3,345312,31,43,28,5138,39,1,2016-12-18T07:09:05.000Z,st_petersburg,2016-12-18T00:00:00.000Z,51,Tug,St. Petersburg,1
59.88225,30.19497,0,0,88,2,SPB,RU,141,0,KAPITAN SOROKIN,3,345312,31,43,28,5138,39,1,2016-12-18T07:11:03.000Z,st_petersburg,2016-12-18T00:00:00.000Z,51,Tug,St. Petersburg,1
59.88225,30.19497,0,0,88,2,SPB,RU,141,0,KAPITAN SOROKIN,3,345312,31,43,28,5138,39,1,2016-12-18T07:11:04.000Z,st_petersburg,2016-12-18T00:00:00.000Z,51,Tug,St. Petersburg,1
59.88225,30.19497,0,0,88,4,SPB,RU,141,0,KAPITAN SOROKIN,3,345312,31,43,28,5138,39,1,2016-12-18T07:13:04.000Z,st_petersburg,2016-12-18T00:00:00.000Z,51,Tug,St. Petersburg,1
59.88225,30.19497,0,0,88,2,SPB,RU,141,0,KAPITAN SOROKIN,3,345312,31,43,28,5138,39,1,2016-12-18T07:13:04.000Z,st_petersburg,2016-12-18T00:00:00.000Z,51,Tug,St. Petersburg,1
59.88227,30.19489,0,0,88,3,SPB,RU,141,0,KAPITAN SOROKIN,3,345312,31,43,28,5138,39,1,2016-12-18T07:15:03.000Z,st_petersburg,2016-12-18T00:00:00.000Z,51,Tug,St. Petersburg,1
59.88227,30.19489,0,0,88,3,SPB,RU,141,0,KAPITAN SOROKIN,3,345312,31,43,28,5138,39,1,2016-12-18T07:15:04.000Z,st_petersburg,2016-12-18T00:00:00.000Z,51,Tug,St. Petersburg,1
59.88227,30.19493,0,0,88,2,SPB,RU,141,0,KAPITAN SOROKIN,3,345312,31,43,28,5138,39,1,2016-12-18T07:17:03.000Z,st_petersburg,2016-12-18T00:00:00.000Z,51,Tug,St. Petersburg,1
59.88227,30.19493,0,0,88,2,SPB,RU,141,0,KAPITAN SOROKIN,3,345312,31,43,28,5138,39,1,2016-12-18T07:17:04.000Z,st_petersburg,2016-12-18T00:00:00.000Z,51,Tug,St. Petersburg,1
59.88227,30.19493,0,0,88,4,SPB,RU,141,0,KAPITAN SOROKIN,3,345312,31,43,28,5138,39,1,2016-12-18T07:19:04.000Z,st_petersburg,2016-12-18T00:00:00.000Z,51,Tug,St. Petersburg,1
59.88227,30.19493,0,0,88,3,SPB,RU,141,0,KAPITAN SOROKIN,3,345312,31,43,28,5138,39,1,2016-12-18T07:19:04.000Z,st_petersburg,2016-12-18T00:00:00.000Z,51,Tug,St. Petersburg,1
59.88225,30.19493,0,0,88,2,SPB,RU,141,0,KAPITAN SOROKIN,3,345312,31,43,28,5138,39,1,2016-12-18T07:21:03.000Z,st_petersburg,2016-12-18T00:00:00.000Z,51,Tug,St. Petersburg,1
59.88225,30.19493,0,0,88,2,SPB,RU,141,0,KAPITAN SOROKIN,3,345312,31,43,28,5138,39,1,2016-12-18T07:21:04.000Z,st_petersburg,2016-12-18T00:00:00.000Z,51,Tug,St. Petersburg,1
59.88225,30.19493,0,0,88,4,SPB,RU,141,0,KAPITAN SOROKIN,3,345312,31,43,28,5138,39,1,2016-12-18T07:23:03.000Z,st_petersburg,2016-12-18T00:00:00.000Z,51,Tug,St. Petersburg,1
59.88225,30.19493,0,0,88,4,SPB,RU,141,0,KAPITAN SOROKIN,3,345312,31,43,28,5138,39,1,2016-12-18T07:23:04.000Z,st_petersburg,2016-12-18T00:00:00.000Z,51,Tug,St. Petersburg,1
59.88227,30.19494,0,0,88,3,SPB,RU,141,0,KAPITAN SOROKIN,3,345312,31,43,28,5138,39,1,2016-12-18T07:25:04.000Z,st_petersburg,2016-12-18T00:00:00.000Z,51,Tug,St. Petersburg,1
59.88227,30.19494,0,0,88,3,SPB,RU,141,0,KAPITAN SOROKIN,3,345312,31,43,28,5138,39,1,2016-12-18T07:25:05.000Z,st_petersburg,2016-12-18T00:00:00.000Z,51,Tug,St. Petersburg,1
59.88227,30.19494,0,0,88,2,SPB,RU,141,0,KAPITAN SOROKIN,3,345312,31,43,28,5138,39,1,2016-12-18T07:27:04.000Z,st_petersburg,2016-12-18T00:00:00.000Z,51,Tug,St. Petersburg,1
59.88227,30.19494,0,0,88,2,SPB,RU,141,0,KAPITAN SOROKIN,3,345312,31,43,28,5138,39,1,2016-12-18T07:27:04.000Z,st_petersburg,2016-12-18T00:00:00.000Z,51,Tug,St. Petersburg,1
59.88227,30.19494,0,0,88,4,SPB,RU,141,0,KAPITAN SOROKIN,3,345312,31,43,28,5138,39,1,2016-12-18T07:29:03.000Z,st_petersburg,2016-12-18T00:00:00.000Z,51,Tug,St. Petersburg,1
59.88227,30.19494,0,0,88,2,SPB,RU,141,0,KAPITAN SOROKIN,3,345312,31,43,28,5138,39,1,2016-12-18T07:29:04.000Z,st_petersburg,2016-12-18T00:00:00.000Z,51,Tug,St. Petersburg,1
59.88227,30.19494,0,0,88,5,SPB,RU,141,0,KAPITAN SOROKIN,3,345312,31,43,28,5138,39,1,2016-12-18T07:31:03.000Z,st_petersburg,2016-12-18T00:00:00.000Z,51,Tug,St. Petersburg,1
59.88227,30.19494,0,0,88,6,SPB,RU,141,0,KAPITAN SOROKIN,3,345312,31,43,28,5138,39,1,2016-12-18T07:31:04.000Z,st_petersburg,2016-12-18T00:00:00.000Z,51,Tug,St. Petersburg,1
59.88227,30.19494,0,0,88,8,SPB,RU,141,0,KAPITAN SOROKIN,3,345312,31,43,28,5138,39,1,2016-12-18T07:33:03.000Z,st_petersburg,2016-12-18T00:00:00.000Z,51,Tug,St. Petersburg,1
59.88227,30.19494,0,0,88,8,SPB,RU,141,0,KAPITAN SOROKIN,3,345312,31,43,28,5138,39,1,2016-12-18T07:33:04.000Z,st_petersburg,2016-12-18T00:00:00.000Z,51,Tug,St. Petersburg,1
59.88226,30.19496,0,0,88,2,SPB,RU,141,0,KAPITAN SOROKIN,3,345312,31,43,28,5138,39,1,2016-12-18T07:35:03.000Z,st_petersburg,2016-12-18T00:00:00.000Z,51,Tug,St. Petersburg,1
59.88226,30.19496,0,0,88,2,SPB,RU,141,0,KAPITAN SOROKIN,3,345312,31,43,28,5138,39,1,2016-12-18T07:35:04.000Z,st_petersburg,2016-12-18T00:00:00.000Z,51,Tug,St. Petersburg,1
59.88226,30.19496,0,0,88,4,SPB,RU,141,0,KAPITAN SOROKIN,3,345312,31,43,28,5138,39,1,2016-12-18T07:37:03.000Z,st_petersburg,2016-12-18T00:00:00.000Z,51,Tug,St. Petersburg,1
59.88226,30.19496,0,0,88,3,SPB,RU,141,0,KAPITAN SOROKIN,3,345312,31,43,28,5138,39,1,2016-12-18T07:37:03.000Z,st_petersburg,2016-12-18T00:00:00.000Z,51,Tug,St. Petersburg,1
59.88227,30.19496,0,0,88,3,SPB,RU,141,0,KAPITAN SOROKIN,3,345312,31,43,28,5138,39,1,2016-12-18T07:39:03.000Z,st_petersburg,2016-12-18T00:00:00.000Z,51,Tug,St. Petersburg,1
59.88227,30.19496,0,0,88,3,SPB,RU,141,0,KAPITAN SOROKIN,3,345312,31,43,28,5138,39,1,2016-12-18T07:39:04.000Z,st_petersburg,2016-12-18T00:00:00.000Z,51,Tug,St. Petersburg,1
59.88227,30.19496,0,0,88,5,SPB,RU,141,0,KAPITAN SOROKIN,3,345312,31,43,28,5138,39,1,2016-12-18T07:41:04.000Z,st_petersburg,2016-12-18T00:00:00.000Z,51,Tug,St. Petersburg,1
59.88227,30.19496,0,0,88,5,SPB,RU,141,0,KAPITAN SOROKIN,3,345312,31,43,28,5138,39,1,2016-12-18T07:41:04.000Z,st_petersburg,2016-12-18T00:00:00.000Z,51,Tug,St. Petersburg,1
59.88227,30.19496,0,0,88,3,SPB,RU,141,0,KAPITAN SOROKIN,3,345312,31,43,28,5138,39,1,2016-12-18T07:43:03.000Z,st_petersburg,2016-12-18T00:00:00.000Z,51,Tug,St. Petersburg,1
59.88227,30.19496,0,0,88,3,SPB,RU,141,0,KAPITAN SOROKIN,3,345312,31,43,28,5138,39,1,2016-12-18T07:43:04.000Z,st_petersburg,2016-12-18T00:00:00.000Z,51,Tug,St. Petersburg,1
59.88225,30.19493,0,0,88,2,SPB,RU,141,0,KAPITAN SOROKIN,3,345312,31,43,28,5138,39,1,2016-12-18T07:45:03.000Z,st_petersburg,2016-12-18T00:00:00.000Z,51,Tug,St. Petersburg,1
59.88225,30.19493,0,0,88,2,SPB,RU,141,0,KAPITAN SOROKIN,3,345312,31,43,28,5138,39,1,2016-12-18T07:45:04.000Z,st_petersburg,2016-12-18T00:00:00.000Z,51,Tug,St. Petersburg,1
59.88225,30.19493,0,0,88,4,SPB,RU,141,0,KAPITAN SOROKIN,3,345312,31,43,28,5138,39,1,2016-12-18T07:47:05.000Z,st_petersburg,2016-12-18T00:00:00.000Z,51,Tug,St. Petersburg,1
59.88225,30.19493,0,0,88,2,SPB,RU,141,0,KAPITAN SOROKIN,3,345312,31,43,28,5138,39,1,2016-12-18T07:47:06.000Z,st_petersburg,2016-12-18T00:00:00.000Z,51,Tug,St. Petersburg,1
59.88225,30.19495,0,0,88,3,SPB,RU,141,0,KAPITAN SOROKIN,3,345312,31,43,28,5138,39,1,2016-12-18T07:49:04.000Z,st_petersburg,2016-12-18T00:00:00.000Z,51,Tug,St. Petersburg,1
59.88225,30.19495,0,0,88,3,SPB,RU,141,0,KAPITAN SOROKIN,3,345312,31,43,28,5138,39,1,2016-12-18T07:49:05.000Z,st_petersburg,2016-12-18T00:00:00.000Z,51,Tug,St. Petersburg,1
59.88225,30.19495,0,0,88,5,SPB,RU,141,0,KAPITAN SOROKIN,3,345312,31,43,28,5138,39,1,2016-12-18T07:51:03.000Z,st_petersburg,2016-12-18T00:00:00.000Z,51,Tug,St. Petersburg,1
59.88225,30.19495,0,0,88,5,SPB,RU,141,0,KAPITAN SOROKIN,3,345312,31,43,28,5138,39,1,2016-12-18T07:51:04.000Z,st_petersburg,2016-12-18T00:00:00.000Z,51,Tug,St. Petersburg,1
59.88228,30.19496,0,0,88,3,SPB,RU,141,0,KAPITAN SOROKIN,3,345312,31,43,28,5138,39,1,2016-12-18T07:53:03.000Z,st_petersburg,2016-12-18T00:00:00.000Z,51,Tug,St. Petersburg,1
59.88228,30.19496,0,0,88,2,SPB,RU,141,0,KAPITAN SOROKIN,3,345312,31,43,28,5138,39,1,2016-12-18T07:53:04.000Z,st_petersburg,2016-12-18T00:00:00.000Z,51,Tug,St. Petersburg,1
59.88226,30.19492,0,0,88,2,SPB,RU,141,0,KAPITAN SOROKIN,3,345312,31,43,28,5138,39,1,2016-12-18T07:55:03.000Z,st_petersburg,2016-12-18T00:00:00.000Z,51,Tug,St. Petersburg,1
59.88226,30.19492,0,0,88,2,SPB,RU,141,0,KAPITAN SOROKIN,3,345312,31,43,28,5138,39,1,2016-12-18T07:55:04.000Z,st_petersburg,2016-12-18T00:00:00.000Z,51,Tug,St. Petersburg,1
59.88226,30.19492,0,0,88,4,SPB,RU,141,0,KAPITAN SOROKIN,3,345312,31,43,28,5138,39,1,2016-12-18T07:57:03.000Z,st_petersburg,2016-12-18T00:00:00.000Z,51,Tug,St. Petersburg,1
59.88226,30.19492,0,0,88,2,SPB,RU,141,0,KAPITAN SOROKIN,3,345312,31,43,28,5138,39,1,2016-12-18T07:57:04.000Z,st_petersburg,2016-12-18T00:00:00.000Z,51,Tug,St. Petersburg,1
59.88224,30.19496,0,0,88,2,SPB,RU,141,0,KAPITAN SOROKIN,3,345312,31,43,28,5138,39,1,2016-12-18T08:01:04.000Z,st_petersburg,2016-12-18T00:00:00.000Z,51,Tug,St. Petersburg,1
59.88228,30.19492,0,0,88,4,SPB,RU,141,0,KAPITAN SOROKIN,3,345312,31,43,28,5138,39,1,2016-12-18T08:01:04.000Z,st_petersburg,2016-12-18T00:00:00.000Z,51,Tug,St. Petersburg,1
59.88224,30.19496,0,0,88,4,SPB,RU,141,0,KAPITAN SOROKIN,3,345312,31,43,28,5138,39,1,2016-12-18T08:03:03.000Z,st_petersburg,2016-12-18T00:00:00.000Z,51,Tug,St. Petersburg,1
59.88224,30.19496,0,0,88,4,SPB,RU,141,0,KAPITAN SOROKIN,3,345312,31,43,28,5138,39,1,2016-12-18T08:03:04.000Z,st_petersburg,2016-12-18T00:00:00.000Z,51,Tug,St. Petersburg,1
59.88223,30.19492,0,0,88,3,SPB,RU,141,0,KAPITAN SOROKIN,3,345312,31,43,28,5138,39,1,2016-12-18T08:05:04.000Z,st_petersburg,2016-12-18T00:00:00.000Z,51,Tug,St. Petersburg,1
59.88223,30.19492,0,0,88,3,SPB,RU,141,0,KAPITAN SOROKIN,3,345312,31,43,28,5138,39,1,2016-12-18T08:05:04.000Z,st_petersburg,2016-12-18T00:00:00.000Z,51,Tug,St. Petersburg,1
59.88223,30.19492,0,0,88,5,SPB,RU,141,0,KAPITAN SOROKIN,3,345312,31,43,28,5138,39,1,2016-12-18T08:07:03.000Z,st_petersburg,2016-12-18T00:00:00.000Z,51,Tug,St. Petersburg,1
59.88223,30.19492,0,0,88,5,SPB,RU,141,0,KAPITAN SOROKIN,3,345312,31,43,28,5138,39,1,2016-12-18T08:07:04.000Z,st_petersburg,2016-12-18T00:00:00.000Z,51,Tug,St. Petersburg,1
59.88223,30.19495,0,0,88,3,SPB,RU,141,0,KAPITAN SOROKIN,3,345312,31,43,28,5138,39,1,2016-12-18T08:09:04.000Z,st_petersburg,2016-12-18T00:00:00.000Z,51,Tug,St. Petersburg,1
59.88223,30.19495,0,0,88,3,SPB,RU,141,0,KAPITAN SOROKIN,3,345312,31,43,28,5138,39,1,2016-12-18T08:09:05.000Z,st_petersburg,2016-12-18T00:00:00.000Z,51,Tug,St. Petersburg,1
59.88223,30.19495,0,0,88,5,SPB,RU,141,0,KAPITAN SOROKIN,3,345312,31,43,28,5138,39,1,2016-12-18T08:11:04.000Z,st_petersburg,2016-12-18T00:00:00.000Z,51,Tug,St. Petersburg,1
59.88223,30.19495,0,0,88,5,SPB,RU,141,0,KAPITAN SOROKIN,3,345312,31,43,28,5138,39,1,2016-12-18T08:11:04.000Z,st_petersburg,2016-12-18T00:00:00.000Z,51,Tug,St. Petersburg,1
59.88223,30.19495,0,0,88,7,SPB,RU,141,0,KAPITAN SOROKIN,3,345312,31,43,28,5138,39,1,2016-12-18T08:13:03.000Z,st_petersburg,2016-12-18T00:00:00.000Z,51,Tug,St. Petersburg,1
59.88223,30.19495,0,0,88,7,SPB,RU,141,0,KAPITAN SOROKIN,3,345312,31,43,28,5138,39,1,2016-12-18T08:13:04.000Z,st_petersburg,2016-12-18T00:00:00.000Z,51,Tug,St. Petersburg,1
59.88223,30.19495,0,0,88,9,SPB,RU,141,0,KAPITAN SOROKIN,3,345312,31,43,28,5138,39,1,2016-12-18T08:15:03.000Z,st_petersburg,2016-12-18T00:00:00.000Z,51,Tug,St. Petersburg,1
59.88223,30.19495,0,0,88,8,SPB,RU,141,0,KAPITAN SOROKIN,3,345312,31,43,28,5138,39,1,2016-12-18T08:15:04.000Z,st_petersburg,2016-12-18T00:00:00.000Z,51,Tug,St. Petersburg,1
59.88224,30.19494,0,0,88,3,SPB,RU,141,0,KAPITAN SOROKIN,3,345312,31,43,28,5138,39,1,2016-12-18T08:17:03.000Z,st_petersburg,2016-12-18T00:00:00.000Z,51,Tug,St. Petersburg,1
59.88224,30.19494,0,0,88,3,SPB,RU,141,0,KAPITAN SOROKIN,3,345312,31,43,28,5138,39,1,2016-12-18T08:17:04.000Z,st_petersburg,2016-12-18T00:00:00.000Z,51,Tug,St. Petersburg,1
59.88224,30.19495,0,0,88,2,SPB,RU,141,0,KAPITAN SOROKIN,3,345312,31,43,28,5138,39,1,2016-12-18T08:19:04.000Z,st_petersburg,2016-12-18T00:00:00.000Z,51,Tug,St. Petersburg,1
59.88224,30.19495,0,0,88,2,SPB,RU,141,0,KAPITAN SOROKIN,3,345312,31,43,28,5138,39,1,2016-12-18T08:19:05.000Z,st_petersburg,2016-12-18T00:00:00.000Z,51,Tug,St. Petersburg,1
59.88224,30.19495,0,0,88,4,SPB,RU,141,0,KAPITAN SOROKIN,3,345312,31,43,28,5138,39,1,2016-12-18T08:21:03.000Z,st_petersburg,2016-12-18T00:00:00.000Z,51,Tug,St. Petersburg,1
59.88224,30.19495,0,0,88,4,SPB,RU,141,0,KAPITAN SOROKIN,3,345312,31,43,28,5138,39,1,2016-12-18T08:21:04.000Z,st_petersburg,2016-12-18T00:00:00.000Z,51,Tug,St. Petersburg,1
59.88227,30.19494,0,0,88,2,SPB,RU,141,0,KAPITAN SOROKIN,3,345312,31,43,28,5138,39,1,2016-12-18T08:23:03.000Z,st_petersburg,2016-12-18T00:00:00.000Z,51,Tug,St. Petersburg,1
59.88227,30.19494,0,0,88,2,SPB,RU,141,0,KAPITAN SOROKIN,3,345312,31,43,28,5138,39,1,2016-12-18T08:23:04.000Z,st_petersburg,2016-12-18T00:00:00.000Z,51,Tug,St. Petersburg,1
59.88227,30.19494,0,0,88,4,SPB,RU,141,0,KAPITAN SOROKIN,3,345312,31,43,28,5138,39,1,2016-12-18T08:25:03.000Z,st_petersburg,2016-12-18T00:00:00.000Z,51,Tug,St. Petersburg,1
59.88227,30.19494,0,0,88,4,SPB,RU,141,0,KAPITAN SOROKIN,3,345312,31,43,28,5138,39,1,2016-12-18T08:25:04.000Z,st_petersburg,2016-12-18T00:00:00.000Z,51,Tug,St. Petersburg,1
59.88225,30.19492,0,0,88,3,SPB,RU,141,0,KAPITAN SOROKIN,3,345312,31,43,28,5138,39,1,2016-12-18T08:27:03.000Z,st_petersburg,2016-12-18T00:00:00.000Z,51,Tug,St. Petersburg,1
59.88225,30.19492,0,0,88,3,SPB,RU,141,0,KAPITAN SOROKIN,3,345312,31,43,28,5138,39,1,2016-12-18T08:27:04.000Z,st_petersburg,2016-12-18T00:00:00.000Z,51,Tug,St. Petersburg,1
59.88225,30.19492,0,0,88,5,SPB,RU,141,0,KAPITAN SOROKIN,3,345312,31,43,28,5138,39,1,2016-12-18T08:29:04.000Z,st_petersburg,2016-12-18T00:00:00.000Z,51,Tug,St. Petersburg,1
59.88225,30.19492,0,0,88,5,SPB,RU,141,0,KAPITAN SOROKIN,3,345312,31,43,28,5138,39,1,2016-12-18T08:29:04.000Z,st_petersburg,2016-12-18T00:00:00.000Z,51,Tug,St. Petersburg,1
59.88226,30.19495,0,0,88,2,SPB,RU,141,0,KAPITAN SOROKIN,3,345312,31,43,28,5138,39,1,2016-12-18T08:31:04.000Z,st_petersburg,2016-12-18T00:00:00.000Z,51,Tug,St. Petersburg,1
59.88226,30.19495,0,0,88,3,SPB,RU,141,0,KAPITAN SOROKIN,3,345312,31,43,28,5138,39,1,2016-12-18T08:31:04.000Z,st_petersburg,2016-12-18T00:00:00.000Z,51,Tug,St. Petersburg,1
59.88226,30.19495,0,0,88,5,SPB,RU,141,0,KAPITAN SOROKIN,3,345312,31,43,28,5138,39,1,2016-12-18T08:33:03.000Z,st_petersburg,2016-12-18T00:00:00.000Z,51,Tug,St. Petersburg,1
59.88226,30.19495,0,0,88,5,SPB,RU,141,0,KAPITAN SOROKIN,3,345312,31,43,28,5138,39,1,2016-12-18T08:33:04.000Z,st_petersburg,2016-12-18T00:00:00.000Z,51,Tug,St. Petersburg,1
59.88226,30.19495,0,0,88,7,SPB,RU,141,0,KAPITAN SOROKIN,3,345312,31,43,28,5138,39,1,2016-12-18T08:35:04.000Z,st_petersburg,2016-12-18T00:00:00.000Z,51,Tug,St. Petersburg,1
59.88226,30.19495,0,0,88,7,SPB,RU,141,0,KAPITAN SOROKIN,3,345312,31,43,28,5138,39,1,2016-12-18T08:35:04.000Z,st_petersburg,2016-12-18T00:00:00.000Z,51,Tug,St. Petersburg,1
59.88226,30.19495,0,0,88,9,SPB,RU,141,0,KAPITAN SOROKIN,3,345312,31,43,28,5138,39,1,2016-12-18T08:37:03.000Z,st_petersburg,2016-12-18T00:00:00.000Z,51,Tug,St. Petersburg,1
59.88226,30.19495,0,0,88,9,SPB,RU,141,0,KAPITAN SOROKIN,3,345312,31,43,28,5138,39,1,2016-12-18T08:37:04.000Z,st_petersburg,2016-12-18T00:00:00.000Z,51,Tug,St. Petersburg,1
59.88225,30.19494,0,0,88,3,SPB,RU,141,0,KAPITAN SOROKIN,3,345312,31,43,28,5138,39,1,2016-12-18T08:39:03.000Z,st_petersburg,2016-12-18T00:00:00.000Z,51,Tug,St. Petersburg,1
59.88225,30.19494,0,0,88,3,SPB,RU,141,0,KAPITAN SOROKIN,3,345312,31,43,28,5138,39,1,2016-12-18T08:39:04.000Z,st_petersburg,2016-12-18T00:00:00.000Z,51,Tug,St. Petersburg,1
59.88227,30.19494,0,0,88,2,SPB,RU,141,0,KAPITAN SOROKIN,3,345312,31,43,28,5138,39,1,2016-12-18T08:41:03.000Z,st_petersburg,2016-12-18T00:00:00.000Z,51,Tug,St. Petersburg,1
59.88225,30.19494,0,0,88,3,SPB,RU,141,0,KAPITAN SOROKIN,3,345312,31,43,28,5138,39,1,2016-12-18T08:41:05.000Z,st_petersburg,2016-12-18T00:00:00.000Z,51,Tug,St. Petersburg,1
59.88227,30.19494,0,0,88,4,SPB,RU,141,0,KAPITAN SOROKIN,3,345312,31,43,28,5138,39,1,2016-12-18T08:43:04.000Z,st_petersburg,2016-12-18T00:00:00.000Z,51,Tug,St. Petersburg,1
59.88227,30.19494,0,0,88,3,SPB,RU,141,0,KAPITAN SOROKIN,3,345312,31,43,28,5138,39,1,2016-12-18T08:43:04.000Z,st_petersburg,2016-12-18T00:00:00.000Z,51,Tug,St. Petersburg,1
59.88225,30.19493,0,0,88,3,SPB,RU,141,0,KAPITAN SOROKIN,3,345312,31,43,28,5138,39,1,2016-12-18T08:45:03.000Z,st_petersburg,2016-12-18T00:00:00.000Z,51,Tug,St. Petersburg,1
59.88225,30.19493,0,0,88,3,SPB,RU,141,0,KAPITAN SOROKIN,3,345312,31,43,28,5138,39,1,2016-12-18T08:45:04.000Z,st_petersburg,2016-12-18T00:00:00.000Z,51,Tug,St. Petersburg,1
59.88226,30.19488,0,0,88,2,SPB,RU,141,0,KAPITAN SOROKIN,3,345312,31,43,28,5138,39,1,2016-12-18T08:47:03.000Z,st_petersburg,2016-12-18T00:00:00.000Z,51,Tug,St. Petersburg,1
59.88226,30.19488,0,0,88,2,SPB,RU,141,0,KAPITAN SOROKIN,3,345312,31,43,28,5138,39,1,2016-12-18T08:47:04.000Z,st_petersburg,2016-12-18T00:00:00.000Z,51,Tug,St. Petersburg,1
59.88226,30.19488,0,0,88,4,SPB,RU,141,0,KAPITAN SOROKIN,3,345312,31,43,28,5138,39,1,2016-12-18T08:49:04.000Z,st_petersburg,2016-12-18T00:00:00.000Z,51,Tug,St. Petersburg,1
59.88226,30.19488,0,0,88,4,SPB,RU,141,0,KAPITAN SOROKIN,3,345312,31,43,28,5138,39,1,2016-12-18T08:49:05.000Z,st_petersburg,2016-12-18T00:00:00.000Z,51,Tug,St. Petersburg,1
59.88224,30.1949,0,0,88,3,SPB,RU,141,0,KAPITAN SOROKIN,3,345312,31,43,28,5138,39,1,2016-12-18T08:51:04.000Z,st_petersburg,2016-12-18T00:00:00.000Z,51,Tug,St. Petersburg,1
59.88224,30.1949,0,0,88,3,SPB,RU,141,0,KAPITAN SOROKIN,3,345312,31,43,28,5138,39,1,2016-12-18T08:51:04.000Z,st_petersburg,2016-12-18T00:00:00.000Z,51,Tug,St. Petersburg,1
59.88223,30.19493,0,0,88,2,SPB,RU,141,0,KAPITAN SOROKIN,3,345312,31,43,28,5138,39,1,2016-12-18T08:53:03.000Z,st_petersburg,2016-12-18T00:00:00.000Z,51,Tug,St. Petersburg,1
59.88223,30.19493,0,0,88,2,SPB,RU,141,0,KAPITAN SOROKIN,3,345312,31,43,28,5138,39,1,2016-12-18T08:53:04.000Z,st_petersburg,2016-12-18T00:00:00.000Z,51,Tug,St. Petersburg,1
59.88223,30.19493,0,0,88,4,SPB,RU,141,0,KAPITAN SOROKIN,3,345312,31,43,28,5138,39,1,2016-12-18T08:55:04.000Z,st_petersburg,2016-12-18T00:00:00.000Z,51,Tug,St. Petersburg,1
59.88223,30.19493,0,0,88,4,SPB,RU,141,0,KAPITAN SOROKIN,3,345312,31,43,28,5138,39,1,2016-12-18T08:55:05.000Z,st_petersburg,2016-12-18T00:00:00.000Z,51,Tug,St. Petersburg,1
59.88226,30.19493,0,0,88,3,SPB,RU,141,0,KAPITAN SOROKIN,3,345312,31,43,28,5138,39,1,2016-12-18T08:57:04.000Z,st_petersburg,2016-12-18T00:00:00.000Z,51,Tug,St. Petersburg,1
59.88226,30.19493,0,0,88,3,SPB,RU,141,0,KAPITAN SOROKIN,3,345312,31,43,28,5138,39,1,2016-12-18T08:57:05.000Z,st_petersburg,2016-12-18T00:00:00.000Z,51,Tug,St. Petersburg,1
59.88226,30.19493,0,0,88,5,SPB,RU,141,0,KAPITAN SOROKIN,3,345312,31,43,28,5138,39,1,2016-12-18T08:59:04.000Z,st_petersburg,2016-12-18T00:00:00.000Z,51,Tug,St. Petersburg,1
59.88226,30.19493,0,0,88,4,SPB,RU,141,0,KAPITAN SOROKIN,3,345312,31,43,28,5138,39,1,2016-12-18T08:59:04.000Z,st_petersburg,2016-12-18T00:00:00.000Z,51,Tug,St. Petersburg,1
59.88226,30.19493,0,0,88,6,SPB,RU,141,0,KAPITAN SOROKIN,3,345312,31,43,28,5138,39,1,2016-12-18T09:01:04.000Z,st_petersburg,2016-12-18T00:00:00.000Z,51,Tug,St. Petersburg,1
59.88226,30.19493,0,0,88,7,SPB,RU,141,0,KAPITAN SOROKIN,3,345312,31,43,28,5138,39,1,2016-12-18T09:01:05.000Z,st_petersburg,2016-12-18T00:00:00.000Z,51,Tug,St. Petersburg,1
59.88226,30.19493,0,0,88,9,SPB,RU,141,0,KAPITAN SOROKIN,3,345312,31,43,28,5138,39,1,2016-12-18T09:03:04.000Z,st_petersburg,2016-12-18T00:00:00.000Z,51,Tug,St. Petersburg,1
59.88226,30.19493,0,0,88,9,SPB,RU,141,0,KAPITAN SOROKIN,3,345312,31,43,28,5138,39,1,2016-12-18T09:03:05.000Z,st_petersburg,2016-12-18T00:00:00.000Z,51,Tug,St. Petersburg,1
59.88226,30.19493,0,0,88,9,SPB,RU,141,0,KAPITAN SOROKIN,3,345312,31,43,28,5138,39,1,2016-12-18T09:05:03.000Z,st_petersburg,2016-12-18T00:00:00.000Z,51,Tug,St. Petersburg,1
59.88227,30.19494,0,0,88,3,SPB,RU,141,0,KAPITAN SOROKIN,3,345312,31,43,28,5138,39,1,2016-12-18T09:05:04.000Z,st_petersburg,2016-12-18T00:00:00.000Z,51,Tug,St. Petersburg,1
59.88227,30.19496,0,0,88,2,SPB,RU,141,0,KAPITAN SOROKIN,3,345312,31,43,28,5138,39,1,2016-12-18T09:07:03.000Z,st_petersburg,2016-12-18T00:00:00.000Z,51,Tug,St. Petersburg,1
59.88227,30.19496,0,0,88,2,SPB,RU,141,0,KAPITAN SOROKIN,3,345312,31,43,28,5138,39,1,2016-12-18T09:07:04.000Z,st_petersburg,2016-12-18T00:00:00.000Z,51,Tug,St. Petersburg,1
59.88227,30.19496,0,0,88,4,SPB,RU,141,0,KAPITAN SOROKIN,3,345312,31,43,28,5138,39,1,2016-12-18T09:09:03.000Z,st_petersburg,2016-12-18T00:00:00.000Z,51,Tug,St. Petersburg,1
59.88227,30.19496,0,0,88,4,SPB,RU,141,0,KAPITAN SOROKIN,3,345312,31,43,28,5138,39,1,2016-12-18T09:09:04.000Z,st_petersburg,2016-12-18T00:00:00.000Z,51,Tug,St. Petersburg,1
59.88227,30.19494,0,0,88,3,SPB,RU,141,0,KAPITAN SOROKIN,3,345312,31,43,28,5138,39,1,2016-12-18T09:11:03.000Z,st_petersburg,2016-12-18T00:00:00.000Z,51,Tug,St. Petersburg,1
59.88227,30.19494,0,0,88,2,SPB,RU,141,0,KAPITAN SOROKIN,3,345312,31,43,28,5138,39,1,2016-12-18T09:11:04.000Z,st_petersburg,2016-12-18T00:00:00.000Z,51,Tug,St. Petersburg,1
59.88225,30.19493,0,0,88,2,SPB,RU,141,0,KAPITAN SOROKIN,3,345312,31,43,28,5138,39,1,2016-12-18T09:13:03.000Z,st_petersburg,2016-12-18T00:00:00.000Z,51,Tug,St. Petersburg,1
59.88225,30.19493,0,0,88,2,SPB,RU,141,0,KAPITAN SOROKIN,3,345312,31,43,28,5138,39,1,2016-12-18T09:13:04.000Z,st_petersburg,2016-12-18T00:00:00.000Z,51,Tug,St. Petersburg,1
59.88225,30.19493,0,0,88,2,SPB,RU,141,0,KAPITAN SOROKIN,3,345312,31,43,28,5138,39,1,2016-12-18T09:15:04.000Z,st_petersburg,2016-12-18T00:00:00.000Z,51,Tug,St. Petersburg,1
59.88225,30.19493,0,0,88,4,SPB,RU,141,0,KAPITAN SOROKIN,3,345312,31,43,28,5138,39,1,2016-12-18T09:15:05.000Z,st_petersburg,2016-12-18T00:00:00.000Z,51,Tug,St. Petersburg,1
59.88227,30.19495,0,0,88,3,SPB,RU,141,0,KAPITAN SOROKIN,3,345312,31,43,28,5138,39,1,2016-12-18T09:17:03.000Z,st_petersburg,2016-12-18T00:00:00.000Z,51,Tug,St. Petersburg,1
59.88227,30.19495,0,0,88,3,SPB,RU,141,0,KAPITAN SOROKIN,3,345312,31,43,28,5138,39,1,2016-12-18T09:17:04.000Z,st_petersburg,2016-12-18T00:00:00.000Z,51,Tug,St. Petersburg,1
59.88227,30.19495,0,0,88,2,SPB,RU,141,0,KAPITAN SOROKIN,3,345312,31,43,28,5138,39,1,2016-12-18T09:19:03.000Z,st_petersburg,2016-12-18T00:00:00.000Z,51,Tug,St. Petersburg,1
59.88227,30.19495,0,0,88,2,SPB,RU,141,0,KAPITAN SOROKIN,3,345312,31,43,28,5138,39,1,2016-12-18T09:19:04.000Z,st_petersburg,2016-12-18T00:00:00.000Z,51,Tug,St. Petersburg,1
59.88227,30.19495,0,0,88,4,SPB,RU,141,0,KAPITAN SOROKIN,3,345312,31,43,28,5138,39,1,2016-12-18T09:21:03.000Z,st_petersburg,2016-12-18T00:00:00.000Z,51,Tug,St. Petersburg,1
59.88227,30.19495,0,0,88,2,SPB,RU,141,0,KAPITAN SOROKIN,3,345312,31,43,28,5138,39,1,2016-12-18T09:21:04.000Z,st_petersburg,2016-12-18T00:00:00.000Z,51,Tug,St. Petersburg,1
59.88228,30.19494,0,0,88,3,SPB,RU,141,0,KAPITAN SOROKIN,3,345312,31,43,28,5138,39,1,2016-12-18T09:23:03.000Z,st_petersburg,2016-12-18T00:00:00.000Z,51,Tug,St. Petersburg,1
59.88228,30.19494,0,0,88,3,SPB,RU,141,0,KAPITAN SOROKIN,3,345312,31,43,28,5138,39,1,2016-12-18T09:23:04.000Z,st_petersburg,2016-12-18T00:00:00.000Z,51,Tug,St. Petersburg,1
59.88228,30.19494,0,0,88,5,SPB,RU,141,0,KAPITAN SOROKIN,3,345312,31,43,28,5138,39,1,2016-12-18T09:25:04.000Z,st_petersburg,2016-12-18T00:00:00.000Z,51,Tug,St. Petersburg,1
59.88228,30.19494,0,0,88,5,SPB,RU,141,0,KAPITAN SOROKIN,3,345312,31,43,28,5138,39,1,2016-12-18T09:25:05.000Z,st_petersburg,2016-12-18T00:00:00.000Z,51,Tug,St. Petersburg,1
59.88225,30.19495,0,0,88,3,SPB,RU,141,0,KAPITAN SOROKIN,3,345312,31,43,28,5138,39,1,2016-12-18T09:27:04.000Z,st_petersburg,2016-12-18T00:00:00.000Z,51,Tug,St. Petersburg,1
59.88225,30.19495,0,0,88,3,SPB,RU,141,0,KAPITAN SOROKIN,3,345312,31,43,28,5138,39,1,2016-12-18T09:27:05.000Z,st_petersburg,2016-12-18T00:00:00.000Z,51,Tug,St. Petersburg,1
59.88226,30.19493,0,0,88,2,SPB,RU,141,0,KAPITAN SOROKIN,3,345312,31,43,28,5138,39,1,2016-12-18T09:29:04.000Z,st_petersburg,2016-12-18T00:00:00.000Z,51,Tug,St. Petersburg,1
59.88226,30.19493,0,0,88,2,SPB,RU,141,0,KAPITAN SOROKIN,3,345312,31,43,28,5138,39,1,2016-12-18T09:29:05.000Z,st_petersburg,2016-12-18T00:00:00.000Z,51,Tug,St. Petersburg,1
59.88226,30.19493,0,0,88,4,SPB,RU,141,0,KAPITAN SOROKIN,3,345312,31,43,28,5138,39,1,2016-12-18T09:31:03.000Z,st_petersburg,2016-12-18T00:00:00.000Z,51,Tug,St. Petersburg,1
59.88226,30.19493,0,0,88,2,SPB,RU,141,0,KAPITAN SOROKIN,3,345312,31,43,28,5138,39,1,2016-12-18T09:31:04.000Z,st_petersburg,2016-12-18T00:00:00.000Z,51,Tug,St. Petersburg,1
59.88227,30.19493,0,0,88,3,SPB,RU,141,0,KAPITAN SOROKIN,3,345312,31,43,28,5138,39,1,2016-12-18T09:33:04.000Z,st_petersburg,2016-12-18T00:00:00.000Z,51,Tug,St. Petersburg,1
59.88227,30.19493,0,0,88,3,SPB,RU,141,0,KAPITAN SOROKIN,3,345312,31,43,28,5138,39,1,2016-12-18T09:33:04.000Z,st_petersburg,2016-12-18T00:00:00.000Z,51,Tug,St. Petersburg,1
59.88227,30.19493,0,0,88,5,SPB,RU,141,0,KAPITAN SOROKIN,3,345312,31,43,28,5138,39,1,2016-12-18T09:35:03.000Z,st_petersburg,2016-12-18T00:00:00.000Z,51,Tug,St. Petersburg,1
59.88227,30.19493,0,0,88,5,SPB,RU,141,0,KAPITAN SOROKIN,3,345312,31,43,28,5138,39,1,2016-12-18T09:35:04.000Z,st_petersburg,2016-12-18T00:00:00.000Z,51,Tug,St. Petersburg,1
59.88225,30.19495,0,0,88,3,SPB,RU,141,0,KAPITAN SOROKIN,3,345312,31,43,28,5138,39,1,2016-12-18T09:37:03.000Z,st_petersburg,2016-12-18T00:00:00.000Z,51,Tug,St. Petersburg,1
59.88225,30.19495,0,0,88,3,SPB,RU,141,0,KAPITAN SOROKIN,3,345312,31,43,28,5138,39,1,2016-12-18T09:37:05.000Z,st_petersburg,2016-12-18T00:00:00.000Z,51,Tug,St. Petersburg,1
59.88225,30.19495,0,0,88,5,SPB,RU,141,0,KAPITAN SOROKIN,3,345312,31,43,28,5138,39,1,2016-12-18T09:39:03.000Z,st_petersburg,2016-12-18T00:00:00.000Z,51,Tug,St. Petersburg,1
59.88225,30.19495,0,0,88,5,SPB,RU,141,0,KAPITAN SOROKIN,3,345312,31,43,28,5138,39,1,2016-12-18T09:39:04.000Z,st_petersburg,2016-12-18T00:00:00.000Z,51,Tug,St. Petersburg,1
59.88225,30.19495,0,0,88,7,SPB,RU,141,0,KAPITAN SOROKIN,3,345312,31,43,28,5138,39,1,2016-12-18T09:41:03.000Z,st_petersburg,2016-12-18T00:00:00.000Z,51,Tug,St. Petersburg,1
59.88225,30.19495,0,0,88,7,SPB,RU,141,0,KAPITAN SOROKIN,3,345312,31,43,28,5138,39,1,2016-12-18T09:41:04.000Z,st_petersburg,2016-12-18T00:00:00.000Z,51,Tug,St. Petersburg,1
59.88225,30.19495,0,0,88,9,SPB,RU,141,0,KAPITAN SOROKIN,3,345312,31,43,28,5138,39,1,2016-12-18T09:43:03.000Z,st_petersburg,2016-12-18T00:00:00.000Z,51,Tug,St. Petersburg,1
59.88225,30.19495,0,0,88,9,SPB,RU,141,0,KAPITAN SOROKIN,3,345312,31,43,28,5138,39,1,2016-12-18T09:43:04.000Z,st_petersburg,2016-12-18T00:00:00.000Z,51,Tug,St. Petersburg,1
59.88227,30.19493,0,0,88,3,SPB,RU,141,0,KAPITAN SOROKIN,3,345312,31,43,28,5138,39,1,2016-12-18T09:45:04.000Z,st_petersburg,2016-12-18T00:00:00.000Z,51,Tug,St. Petersburg,1
59.88227,30.19493,0,0,88,3,SPB,RU,141,0,KAPITAN SOROKIN,3,345312,31,43,28,5138,39,1,2016-12-18T09:45:05.000Z,st_petersburg,2016-12-18T00:00:00.000Z,51,Tug,St. Petersburg,1
59.88227,30.19495,0,0,88,2,SPB,RU,141,0,KAPITAN SOROKIN,3,345312,31,43,28,5138,39,1,2016-12-18T09:47:03.000Z,st_petersburg,2016-12-18T00:00:00.000Z,51,Tug,St. Petersburg,1
59.88227,30.19493,0,0,88,3,SPB,RU,141,0,KAPITAN SOROKIN,3,345312,31,43,28,5138,39,1,2016-12-18T09:47:04.000Z,st_petersburg,2016-12-18T00:00:00.000Z,51,Tug,St. Petersburg,1
59.88227,30.19495,0,0,88,4,SPB,RU,141,0,KAPITAN SOROKIN,3,345312,31,43,28,5138,39,1,2016-12-18T09:49:03.000Z,st_petersburg,2016-12-18T00:00:00.000Z,51,Tug,St. Petersburg,1
59.88227,30.19495,0,0,88,3,SPB,RU,141,0,KAPITAN SOROKIN,3,345312,31,43,28,5138,39,1,2016-12-18T09:49:04.000Z,st_petersburg,2016-12-18T00:00:00.000Z,51,Tug,St. Petersburg,1
59.88227,30.19493,0,0,88,2,SPB,RU,141,0,KAPITAN SOROKIN,3,345312,31,43,28,5138,39,1,2016-12-18T09:51:03.000Z,st_petersburg,2016-12-18T00:00:00.000Z,51,Tug,St. Petersburg,1
59.88227,30.19493,0,0,88,2,SPB,RU,141,0,KAPITAN SOROKIN,3,345312,31,43,28,5138,39,1,2016-12-18T09:51:04.000Z,st_petersburg,2016-12-18T00:00:00.000Z,51,Tug,St. Petersburg,1
59.88227,30.19493,0,0,88,4,SPB,RU,141,0,KAPITAN SOROKIN,3,345312,31,43,28,5138,39,1,2016-12-18T09:53:03.000Z,st_petersburg,2016-12-18T00:00:00.000Z,51,Tug,St. Petersburg,1
59.88227,30.19493,0,0,88,4,SPB,RU,141,0,KAPITAN SOROKIN,3,345312,31,43,28,5138,39,1,2016-12-18T09:53:04.000Z,st_petersburg,2016-12-18T00:00:00.000Z,51,Tug,St. Petersburg,1
59.88227,30.19493,0,0,88,6,SPB,RU,141,0,KAPITAN SOROKIN,3,345312,31,43,28,5138,39,1,2016-12-18T09:55:03.000Z,st_petersburg,2016-12-18T00:00:00.000Z,51,Tug,St. Petersburg,1
59.88227,30.19493,0,0,88,6,SPB,RU,141,0,KAPITAN SOROKIN,3,345312,31,43,28,5138,39,1,2016-12-18T09:55:04.000Z,st_petersburg,2016-12-18T00:00:00.000Z,51,Tug,St. Petersburg,1
59.88227,30.19493,0,0,88,8,SPB,RU,141,0,KAPITAN SOROKIN,3,345312,31,43,28,5138,39,1,2016-12-18T09:57:03.000Z,st_petersburg,2016-12-18T00:00:00.000Z,51,Tug,St. Petersburg,1
59.88227,30.19493,0,0,88,8,SPB,RU,141,0,KAPITAN SOROKIN,3,345312,31,43,28,5138,39,1,2016-12-18T09:57:04.000Z,st_petersburg,2016-12-18T00:00:00.000Z,51,Tug,St. Petersburg,1
59.88226,30.19495,0,0,88,2,SPB,RU,141,0,KAPITAN SOROKIN,3,345312,31,43,28,5138,39,1,2016-12-18T09:59:04.000Z,st_petersburg,2016-12-18T00:00:00.000Z,51,Tug,St. Petersburg,1
59.88226,30.19495,0,0,88,2,SPB,RU,141,0,KAPITAN SOROKIN,3,345312,31,43,28,5138,39,1,2016-12-18T09:59:04.000Z,st_petersburg,2016-12-18T00:00:00.000Z,51,Tug,St. Petersburg,1
59.88226,30.19495,0,0,88,4,SPB,RU,141,0,KAPITAN SOROKIN,3,345312,31,43,28,5138,39,1,2016-12-18T10:01:04.000Z,st_petersburg,2016-12-18T00:00:00.000Z,51,Tug,St. Petersburg,1
59.88226,30.19495,0,0,88,4,SPB,RU,141,0,KAPITAN SOROKIN,3,345312,31,43,28,5138,39,1,2016-12-18T10:01:04.000Z,st_petersburg,2016-12-18T00:00:00.000Z,51,Tug,St. Petersburg,1
59.88226,30.19495,0,0,88,4,SPB,RU,141,0,KAPITAN SOROKIN,3,345312,31,43,28,5138,39,1,2016-12-18T10:03:03.000Z,st_petersburg,2016-12-18T00:00:00.000Z,51,Tug,St. Petersburg,1
59.88223,30.19495,0,0,88,3,SPB,RU,141,0,KAPITAN SOROKIN,3,345312,31,43,28,5138,39,1,2016-12-18T10:03:04.000Z,st_petersburg,2016-12-18T00:00:00.000Z,51,Tug,St. Petersburg,1
59.88223,30.19495,0,0,88,5,SPB,RU,141,0,KAPITAN SOROKIN,3,345312,31,43,28,5138,39,1,2016-12-18T10:05:03.000Z,st_petersburg,2016-12-18T00:00:00.000Z,51,Tug,St. Petersburg,1
59.88223,30.19495,0,0,88,5,SPB,RU,141,0,KAPITAN SOROKIN,3,345312,31,43,28,5138,39,1,2016-12-18T10:05:04.000Z,st_petersburg,2016-12-18T00:00:00.000Z,51,Tug,St. Petersburg,1
59.88225,30.19497,0,0,88,3,SPB,RU,141,0,KAPITAN SOROKIN,3,345312,31,43,28,5138,39,1,2016-12-18T10:07:03.000Z,st_petersburg,2016-12-18T00:00:00.000Z,51,Tug,St. Petersburg,1
59.88225,30.19497,0,0,88,3,SPB,RU,141,0,KAPITAN SOROKIN,3,345312,31,43,28,5138,39,1,2016-12-18T10:07:04.000Z,st_petersburg,2016-12-18T00:00:00.000Z,51,Tug,St. Petersburg,1
59.88225,30.19497,0,0,88,5,SPB,RU,141,0,KAPITAN SOROKIN,3,345312,31,43,28,5138,39,1,2016-12-18T10:09:04.000Z,st_petersburg,2016-12-18T00:00:00.000Z,51,Tug,St. Petersburg,1
59.88225,30.19497,0,0,88,5,SPB,RU,141,0,KAPITAN SOROKIN,3,345312,31,43,28,5138,39,1,2016-12-18T10:09:05.000Z,st_petersburg,2016-12-18T00:00:00.000Z,51,Tug,St. Petersburg,1
59.88225,30.19497,0,0,88,7,SPB,RU,141,0,KAPITAN SOROKIN,3,345312,31,43,28,5138,39,1,2016-12-18T10:11:04.000Z,st_petersburg,2016-12-18T00:00:00.000Z,51,Tug,St. Petersburg,1
59.88225,30.19497,0,0,88,6,SPB,RU,141,0,KAPITAN SOROKIN,3,345312,31,43,28,5138,39,1,2016-12-18T10:11:05.000Z,st_petersburg,2016-12-18T00:00:00.000Z,51,Tug,St. Petersburg,1
59.88225,30.19497,0,0,88,9,SPB,RU,141,0,KAPITAN SOROKIN,3,345312,31,43,28,5138,39,1,2016-12-18T10:13:03.000Z,st_petersburg,2016-12-18T00:00:00.000Z,51,Tug,St. Petersburg,1
59.88225,30.19497,0,0,88,9,SPB,RU,141,0,KAPITAN SOROKIN,3,345312,31,43,28,5138,39,1,2016-12-18T10:13:04.000Z,st_petersburg,2016-12-18T00:00:00.000Z,51,Tug,St. Petersburg,1
59.88225,30.19497,0,0,88,11,SPB,RU,141,0,KAPITAN SOROKIN,3,345312,31,43,28,5138,39,1,2016-12-18T10:15:03.000Z,st_petersburg,2016-12-18T00:00:00.000Z,51,Tug,St. Petersburg,1
59.88225,30.19497,0,0,88,9,SPB,RU,141,0,KAPITAN SOROKIN,3,345312,31,43,28,5138,39,1,2016-12-18T10:15:04.000Z,st_petersburg,2016-12-18T00:00:00.000Z,51,Tug,St. Petersburg,1
59.88227,30.19494,0,0,88,2,SPB,RU,141,0,KAPITAN SOROKIN,3,345312,31,43,28,5138,39,1,2016-12-18T10:17:04.000Z,st_petersburg,2016-12-18T00:00:00.000Z,51,Tug,St. Petersburg,1
59.88227,30.19494,0,0,88,2,SPB,RU,141,0,KAPITAN SOROKIN,3,345312,31,43,28,5138,39,1,2016-12-18T10:17:04.000Z,st_petersburg,2016-12-18T00:00:00.000Z,51,Tug,St. Petersburg,1
59.88227,30.19494,0,0,88,4,SPB,RU,141,0,KAPITAN SOROKIN,3,345312,31,43,28,5138,39,1,2016-12-18T10:19:04.000Z,st_petersburg,2016-12-18T00:00:00.000Z,51,Tug,St. Petersburg,1
59.88227,30.19494,0,0,88,4,SPB,RU,141,0,KAPITAN SOROKIN,3,345312,31,43,28,5138,39,1,2016-12-18T10:19:05.000Z,st_petersburg,2016-12-18T00:00:00.000Z,51,Tug,St. Petersburg,1
59.88227,30.19494,0,0,88,6,SPB,RU,141,0,KAPITAN SOROKIN,3,345312,31,43,28,5138,39,1,2016-12-18T10:21:03.000Z,st_petersburg,2016-12-18T00:00:00.000Z,51,Tug,St. Petersburg,1
59.88227,30.19494,0,0,88,6,SPB,RU,141,0,KAPITAN SOROKIN,3,345312,31,43,28,5138,39,1,2016-12-18T10:21:04.000Z,st_petersburg,2016-12-18T00:00:00.000Z,51,Tug,St. Petersburg,1
59.88227,30.19494,0,0,88,8,SPB,RU,141,0,KAPITAN SOROKIN,3,345312,31,43,28,5138,39,1,2016-12-18T10:23:03.000Z,st_petersburg,2016-12-18T00:00:00.000Z,51,Tug,St. Petersburg,1
59.88227,30.19494,0,0,88,8,SPB,RU,141,0,KAPITAN SOROKIN,3,345312,31,43,28,5138,39,1,2016-12-18T10:23:04.000Z,st_petersburg,2016-12-18T00:00:00.000Z,51,Tug,St. Petersburg,1
59.88219,30.19498,0,0,88,2,SPB,RU,141,0,KAPITAN SOROKIN,3,345312,31,43,28,5138,39,1,2016-12-18T10:25:04.000Z,st_petersburg,2016-12-18T00:00:00.000Z,51,Tug,St. Petersburg,1
59.88227,30.19494,0,0,88,8,SPB,RU,141,0,KAPITAN SOROKIN,3,345312,31,43,28,5138,39,1,2016-12-18T10:25:05.000Z,st_petersburg,2016-12-18T00:00:00.000Z,51,Tug,St. Petersburg,1
59.88219,30.19498,0,0,88,4,SPB,RU,141,0,KAPITAN SOROKIN,3,345312,31,43,28,5138,39,1,2016-12-18T10:27:04.000Z,st_petersburg,2016-12-18T00:00:00.000Z,51,Tug,St. Petersburg,1
59.88219,30.19498,0,0,88,4,SPB,RU,141,0,KAPITAN SOROKIN,3,345312,31,43,28,5138,39,1,2016-12-18T10:27:04.000Z,st_petersburg,2016-12-18T00:00:00.000Z,51,Tug,St. Petersburg,1
59.88219,30.19498,0,0,88,6,SPB,RU,141,0,KAPITAN SOROKIN,3,345312,31,43,28,5138,39,1,2016-12-18T10:29:04.000Z,st_petersburg,2016-12-18T00:00:00.000Z,51,Tug,St. Petersburg,1
59.88219,30.19498,0,0,88,6,SPB,RU,141,0,KAPITAN SOROKIN,3,345312,31,43,28,5138,39,1,2016-12-18T10:29:05.000Z,st_petersburg,2016-12-18T00:00:00.000Z,51,Tug,St. Petersburg,1
59.88219,30.19498,0,0,88,8,SPB,RU,141,0,KAPITAN SOROKIN,3,345312,31,43,28,5138,39,1,2016-12-18T10:31:02.000Z,st_petersburg,2016-12-18T00:00:00.000Z,51,Tug,St. Petersburg,1
59.88219,30.19498,0,0,88,8,SPB,RU,141,0,KAPITAN SOROKIN,3,345312,31,43,28,5138,39,1,2016-12-18T10:31:04.000Z,st_petersburg,2016-12-18T00:00:00.000Z,51,Tug,St. Petersburg,1
59.88228,30.19491,0,0,88,2,SPB,RU,141,0,KAPITAN SOROKIN,3,345312,31,43,28,5138,39,1,2016-12-18T10:33:03.000Z,st_petersburg,2016-12-18T00:00:00.000Z,51,Tug,St. Petersburg,1
59.88228,30.19491,0,0,88,2,SPB,RU,141,0,KAPITAN SOROKIN,3,345312,31,43,28,5138,39,1,2016-12-18T10:33:04.000Z,st_petersburg,2016-12-18T00:00:00.000Z,51,Tug,St. Petersburg,1
59.88228,30.19491,0,0,88,4,SPB,RU,141,0,KAPITAN SOROKIN,3,345312,31,43,28,5138,39,1,2016-12-18T10:35:03.000Z,st_petersburg,2016-12-18T00:00:00.000Z,51,Tug,St. Petersburg,1
59.88228,30.19491,0,0,88,4,SPB,RU,141,0,KAPITAN SOROKIN,3,345312,31,43,28,5138,39,1,2016-12-18T10:35:04.000Z,st_petersburg,2016-12-18T00:00:00.000Z,51,Tug,St. Petersburg,1
59.88228,30.19491,0,0,88,6,SPB,RU,141,0,KAPITAN SOROKIN,3,345312,31,43,28,5138,39,1,2016-12-18T10:37:03.000Z,st_petersburg,2016-12-18T00:00:00.000Z,51,Tug,St. Petersburg,1
59.88228,30.19491,0,0,88,4,SPB,RU,141,0,KAPITAN SOROKIN,3,345312,31,43,28,5138,39,1,2016-12-18T10:37:04.000Z,st_petersburg,2016-12-18T00:00:00.000Z,51,Tug,St. Petersburg,1
59.88227,30.19494,0,0,88,4,SPB,RU,141,0,KAPITAN SOROKIN,3,345312,31,43,28,5138,39,1,2016-12-18T10:41:04.000Z,st_petersburg,2016-12-18T00:00:00.000Z,51,Tug,St. Petersburg,1
59.88227,30.19494,0,0,88,4,SPB,RU,141,0,KAPITAN SOROKIN,3,345312,31,43,28,5138,39,1,2016-12-18T10:41:05.000Z,st_petersburg,2016-12-18T00:00:00.000Z,51,Tug,St. Petersburg,1
59.88227,30.19494,0,0,88,4,SPB,RU,141,0,KAPITAN SOROKIN,3,345312,31,43,28,5138,39,1,2016-12-18T10:43:03.000Z,st_petersburg,2016-12-18T00:00:00.000Z,51,Tug,St. Petersburg,1
59.88229,30.1949,0,0,88,3,SPB,RU,141,0,KAPITAN SOROKIN,3,345312,31,43,28,5138,39,1,2016-12-18T10:43:04.000Z,st_petersburg,2016-12-18T00:00:00.000Z,51,Tug,St. Petersburg,1
59.88228,30.19493,0,0,88,2,SPB,RU,141,0,KAPITAN SOROKIN,3,345312,31,43,28,5138,39,1,2016-12-18T10:45:04.000Z,st_petersburg,2016-12-18T00:00:00.000Z,51,Tug,St. Petersburg,1
59.88228,30.19493,0,0,88,2,SPB,RU,141,0,KAPITAN SOROKIN,3,345312,31,43,28,5138,39,1,2016-12-18T10:45:05.000Z,st_petersburg,2016-12-18T00:00:00.000Z,51,Tug,St. Petersburg,1
59.88228,30.19493,0,0,88,4,SPB,RU,141,0,KAPITAN SOROKIN,3,345312,31,43,28,5138,39,1,2016-12-18T10:47:04.000Z,st_petersburg,2016-12-18T00:00:00.000Z,51,Tug,St. Petersburg,1
59.88228,30.19493,0,0,88,4,SPB,RU,141,0,KAPITAN SOROKIN,3,345312,31,43,28,5138,39,1,2016-12-18T10:47:05.000Z,st_petersburg,2016-12-18T00:00:00.000Z,51,Tug,St. Petersburg,1
59.88223,30.19497,0,0,88,2,SPB,RU,141,0,KAPITAN SOROKIN,3,345312,31,43,28,5138,39,1,2016-12-18T10:49:03.000Z,st_petersburg,2016-12-18T00:00:00.000Z,51,Tug,St. Petersburg,1
59.88228,30.19493,0,0,88,4,SPB,RU,141,0,KAPITAN SOROKIN,3,345312,31,43,28,5138,39,1,2016-12-18T10:49:04.000Z,st_petersburg,2016-12-18T00:00:00.000Z,51,Tug,St. Petersburg,1
59.88223,30.19497,0,0,88,4,SPB,RU,141,0,KAPITAN SOROKIN,3,345312,31,43,28,5138,39,1,2016-12-18T10:51:04.000Z,st_petersburg,2016-12-18T00:00:00.000Z,51,Tug,St. Petersburg,1
59.88223,30.19497,0,0,88,4,SPB,RU,141,0,KAPITAN SOROKIN,3,345312,31,43,28,5138,39,1,2016-12-18T10:51:04.000Z,st_petersburg,2016-12-18T00:00:00.000Z,51,Tug,St. Petersburg,1
59.88225,30.19496,0,0,88,3,SPB,RU,141,0,KAPITAN SOROKIN,3,345312,31,43,28,5138,39,1,2016-12-18T10:53:03.000Z,st_petersburg,2016-12-18T00:00:00.000Z,51,Tug,St. Petersburg,1
59.88225,30.19496,0,0,88,3,SPB,RU,141,0,KAPITAN SOROKIN,3,345312,31,43,28,5138,39,1,2016-12-18T10:53:04.000Z,st_petersburg,2016-12-18T00:00:00.000Z,51,Tug,St. Petersburg,1
59.88227,30.19494,0,0,88,2,SPB,RU,141,0,KAPITAN SOROKIN,3,345312,31,43,28,5138,39,1,2016-12-18T10:55:03.000Z,st_petersburg,2016-12-18T00:00:00.000Z,51,Tug,St. Petersburg,1
59.88227,30.19494,0,0,88,2,SPB,RU,141,0,KAPITAN SOROKIN,3,345312,31,43,28,5138,39,1,2016-12-18T10:55:04.000Z,st_petersburg,2016-12-18T00:00:00.000Z,51,Tug,St. Petersburg,1
59.88227,30.19494,0,0,88,4,SPB,RU,141,0,KAPITAN SOROKIN,3,345312,31,43,28,5138,39,1,2016-12-18T10:57:03.000Z,st_petersburg,2016-12-18T00:00:00.000Z,51,Tug,St. Petersburg,1
59.88227,30.19494,0,0,88,4,SPB,RU,141,0,KAPITAN SOROKIN,3,345312,31,43,28,5138,39,1,2016-12-18T10:57:03.000Z,st_petersburg,2016-12-18T00:00:00.000Z,51,Tug,St. Petersburg,1
59.88227,30.19494,0,0,88,6,SPB,RU,141,0,KAPITAN SOROKIN,3,345312,31,43,28,5138,39,1,2016-12-18T10:59:03.000Z,st_petersburg,2016-12-18T00:00:00.000Z,51,Tug,St. Petersburg,1
59.88227,30.19494,0,0,88,6,SPB,RU,141,0,KAPITAN SOROKIN,3,345312,31,43,28,5138,39,1,2016-12-18T10:59:04.000Z,st_petersburg,2016-12-18T00:00:00.000Z,51,Tug,St. Petersburg,1
59.88227,30.19494,0,0,88,7,SPB,RU,141,0,KAPITAN SOROKIN,3,345312,31,43,28,5138,39,1,2016-12-18T11:01:03.000Z,st_petersburg,2016-12-18T00:00:00.000Z,51,Tug,St. Petersburg,1
59.88227,30.19494,0,0,88,8,SPB,RU,141,0,KAPITAN SOROKIN,3,345312,31,43,28,5138,39,1,2016-12-18T11:01:04.000Z,st_petersburg,2016-12-18T00:00:00.000Z,51,Tug,St. Petersburg,1
59.88225,30.19494,0,0,88,2,SPB,RU,141,0,KAPITAN SOROKIN,3,345312,31,43,28,5138,39,1,2016-12-18T11:03:03.000Z,st_petersburg,2016-12-18T00:00:00.000Z,51,Tug,St. Petersburg,1
59.88225,30.19494,0,0,88,2,SPB,RU,141,0,KAPITAN SOROKIN,3,345312,31,43,28,5138,39,1,2016-12-18T11:03:04.000Z,st_petersburg,2016-12-18T00:00:00.000Z,51,Tug,St. Petersburg,1
59.88225,30.19494,0,0,88,4,SPB,RU,141,0,KAPITAN SOROKIN,3,345312,31,43,28,5138,39,1,2016-12-18T11:05:04.000Z,st_petersburg,2016-12-18T00:00:00.000Z,51,Tug,St. Petersburg,1
59.88225,30.19494,0,0,88,4,SPB,RU,141,0,KAPITAN SOROKIN,3,345312,31,43,28,5138,39,1,2016-12-18T11:05:04.000Z,st_petersburg,2016-12-18T00:00:00.000Z,51,Tug,St. Petersburg,1
59.88225,30.19494,0,0,88,6,SPB,RU,141,0,KAPITAN SOROKIN,3,345312,31,43,28,5138,39,1,2016-12-18T11:07:03.000Z,st_petersburg,2016-12-18T00:00:00.000Z,51,Tug,St. Petersburg,1
59.88225,30.19494,0,0,88,6,SPB,RU,141,0,KAPITAN SOROKIN,3,345312,31,43,28,5138,39,1,2016-12-18T11:07:04.000Z,st_petersburg,2016-12-18T00:00:00.000Z,51,Tug,St. Petersburg,1
59.88225,30.19494,0,0,88,8,SPB,RU,141,0,KAPITAN SOROKIN,3,345312,31,43,28,5138,39,1,2016-12-18T11:09:03.000Z,st_petersburg,2016-12-18T00:00:00.000Z,51,Tug,St. Petersburg,1
59.88225,30.19494,0,0,88,8,SPB,RU,141,0,KAPITAN SOROKIN,3,345312,31,43,28,5138,39,1,2016-12-18T11:09:04.000Z,st_petersburg,2016-12-18T00:00:00.000Z,51,Tug,St. Petersburg,1
59.88225,30.19497,0,0,88,2,SPB,RU,141,0,KAPITAN SOROKIN,3,345312,31,43,28,5138,39,1,2016-12-18T11:11:05.000Z,st_petersburg,2016-12-18T00:00:00.000Z,51,Tug,St. Petersburg,1
59.88225,30.19494,0,0,88,8,SPB,RU,141,0,KAPITAN SOROKIN,3,345312,31,43,28,5138,39,1,2016-12-18T11:11:06.000Z,st_petersburg,2016-12-18T00:00:00.000Z,51,Tug,St. Petersburg,1
59.88225,30.19497,0,0,88,4,SPB,RU,141,0,KAPITAN SOROKIN,3,345312,31,43,28,5138,39,1,2016-12-18T11:13:03.000Z,st_petersburg,2016-12-18T00:00:00.000Z,51,Tug,St. Petersburg,1
59.88225,30.19497,0,0,88,4,SPB,RU,141,0,KAPITAN SOROKIN,3,345312,31,43,28,5138,39,1,2016-12-18T11:13:04.000Z,st_petersburg,2016-12-18T00:00:00.000Z,51,Tug,St. Petersburg,1
59.88226,30.19493,0,0,88,3,SPB,RU,141,0,KAPITAN SOROKIN,3,345312,31,43,28,5138,39,1,2016-12-18T11:15:04.000Z,st_petersburg,2016-12-18T00:00:00.000Z,51,Tug,St. Petersburg,1
59.88226,30.19493,0,0,88,2,SPB,RU,141,0,KAPITAN SOROKIN,3,345312,31,43,28,5138,39,1,2016-12-18T11:15:05.000Z,st_petersburg,2016-12-18T00:00:00.000Z,51,Tug,St. Petersburg,1
59.88226,30.19493,0,0,88,3,SPB,RU,141,0,KAPITAN SOROKIN,3,345312,31,43,28,5138,39,1,2016-12-18T11:17:03.000Z,st_petersburg,2016-12-18T00:00:00.000Z,51,Tug,St. Petersburg,1
59.88223,30.19497,0,0,88,2,SPB,RU,141,0,KAPITAN SOROKIN,3,345312,31,43,28,5138,39,1,2016-12-18T11:17:04.000Z,st_petersburg,2016-12-18T00:00:00.000Z,51,Tug,St. Petersburg,1
59.88223,30.19497,0,0,88,4,SPB,RU,141,0,KAPITAN SOROKIN,3,345312,31,43,28,5138,39,1,2016-12-18T11:19:03.000Z,st_petersburg,2016-12-18T00:00:00.000Z,51,Tug,St. Petersburg,1
59.88223,30.19497,0,0,88,4,SPB,RU,141,0,KAPITAN SOROKIN,3,345312,31,43,28,5138,39,1,2016-12-18T11:19:04.000Z,st_petersburg,2016-12-18T00:00:00.000Z,51,Tug,St. Petersburg,1
59.88225,30.19498,0,0,88,3,SPB,RU,141,0,KAPITAN SOROKIN,3,345312,31,43,28,5138,39,1,2016-12-18T11:21:03.000Z,st_petersburg,2016-12-18T00:00:00.000Z,51,Tug,St. Petersburg,1
59.88225,30.19498,0,0,88,1,SPB,RU,141,0,KAPITAN SOROKIN,3,345312,31,43,28,5138,39,1,2016-12-18T11:21:04.000Z,st_petersburg,2016-12-18T00:00:00.000Z,51,Tug,St. Petersburg,1
59.88223,30.19498,0,0,88,2,SPB,RU,141,0,KAPITAN SOROKIN,3,345312,31,43,28,5138,39,1,2016-12-18T11:23:03.000Z,st_petersburg,2016-12-18T00:00:00.000Z,51,Tug,St. Petersburg,1
59.88223,30.19498,0,0,88,2,SPB,RU,141,0,KAPITAN SOROKIN,3,345312,31,43,28,5138,39,1,2016-12-18T11:23:04.000Z,st_petersburg,2016-12-18T00:00:00.000Z,51,Tug,St. Petersburg,1
59.88223,30.19498,0,0,88,4,SPB,RU,141,0,KAPITAN SOROKIN,3,345312,31,43,28,5138,39,1,2016-12-18T11:25:04.000Z,st_petersburg,2016-12-18T00:00:00.000Z,51,Tug,St. Petersburg,1
59.88223,30.19498,0,0,88,4,SPB,RU,141,0,KAPITAN SOROKIN,3,345312,31,43,28,5138,39,1,2016-12-18T11:25:05.000Z,st_petersburg,2016-12-18T00:00:00.000Z,51,Tug,St. Petersburg,1
59.88225,30.19495,0,0,88,3,SPB,RU,141,0,KAPITAN SOROKIN,3,345312,31,43,28,5138,39,1,2016-12-18T11:27:04.000Z,st_petersburg,2016-12-18T00:00:00.000Z,51,Tug,St. Petersburg,1
59.88225,30.19495,0,0,88,3,SPB,RU,141,0,KAPITAN SOROKIN,3,345312,31,43,28,5138,39,1,2016-12-18T11:27:05.000Z,st_petersburg,2016-12-18T00:00:00.000Z,51,Tug,St. Petersburg,1
59.88228,30.19496,0,0,88,2,SPB,RU,141,0,KAPITAN SOROKIN,3,345312,31,43,28,5138,39,1,2016-12-18T11:29:04.000Z,st_petersburg,2016-12-18T00:00:00.000Z,51,Tug,St. Petersburg,1
59.88228,30.19496,0,0,88,2,SPB,RU,141,0,KAPITAN SOROKIN,3,345312,31,43,28,5138,39,1,2016-12-18T11:29:05.000Z,st_petersburg,2016-12-18T00:00:00.000Z,51,Tug,St. Petersburg,1
59.88228,30.19496,0,0,88,4,SPB,RU,141,0,KAPITAN SOROKIN,3,345312,31,43,28,5138,39,1,2016-12-18T11:31:03.000Z,st_petersburg,2016-12-18T00:00:00.000Z,51,Tug,St. Petersburg,1
59.88228,30.19496,0,0,88,4,SPB,RU,141,0,KAPITAN SOROKIN,3,345312,31,43,28,5138,39,1,2016-12-18T11:31:04.000Z,st_petersburg,2016-12-18T00:00:00.000Z,51,Tug,St. Petersburg,1
59.88229,30.19492,0,0,88,3,SPB,RU,141,0,KAPITAN SOROKIN,3,345312,31,43,28,5138,39,1,2016-12-18T11:33:04.000Z,st_petersburg,2016-12-18T00:00:00.000Z,51,Tug,St. Petersburg,1
59.88229,30.19492,0,0,88,3,SPB,RU,141,0,KAPITAN SOROKIN,3,345312,31,43,28,5138,39,1,2016-12-18T11:33:05.000Z,st_petersburg,2016-12-18T00:00:00.000Z,51,Tug,St. Petersburg,1
59.88225,30.19497,0,0,88,2,SPB,RU,141,0,KAPITAN SOROKIN,3,345312,31,43,28,5138,39,1,2016-12-18T11:35:04.000Z,st_petersburg,2016-12-18T00:00:00.000Z,51,Tug,St. Petersburg,1
59.88225,30.19497,0,0,88,2,SPB,RU,141,0,KAPITAN SOROKIN,3,345312,31,43,28,5138,39,1,2016-12-18T11:35:05.000Z,st_petersburg,2016-12-18T00:00:00.000Z,51,Tug,St. Petersburg,1
59.88225,30.19497,0,0,88,4,SPB,RU,141,0,KAPITAN SOROKIN,3,345312,31,43,28,5138,39,1,2016-12-18T11:37:04.000Z,st_petersburg,2016-12-18T00:00:00.000Z,51,Tug,St. Petersburg,1
59.88225,30.19497,0,0,88,4,SPB,RU,141,0,KAPITAN SOROKIN,3,345312,31,43,28,5138,39,1,2016-12-18T11:37:05.000Z,st_petersburg,2016-12-18T00:00:00.000Z,51,Tug,St. Petersburg,1
59.88225,30.19496,0,0,88,2,SPB,RU,141,0,KAPITAN SOROKIN,3,345312,31,43,28,5138,39,1,2016-12-18T11:39:03.000Z,st_petersburg,2016-12-18T00:00:00.000Z,51,Tug,St. Petersburg,1
59.88225,30.19496,0,0,88,3,SPB,RU,141,0,KAPITAN SOROKIN,3,345312,31,43,28,5138,39,1,2016-12-18T11:39:04.000Z,st_petersburg,2016-12-18T00:00:00.000Z,51,Tug,St. Petersburg,1
59.88223,30.19498,0,0,88,2,SPB,RU,141,0,KAPITAN SOROKIN,3,345312,31,43,28,5138,39,1,2016-12-18T11:41:04.000Z,st_petersburg,2016-12-18T00:00:00.000Z,51,Tug,St. Petersburg,1
59.88223,30.19498,0,0,88,2,SPB,RU,141,0,KAPITAN SOROKIN,3,345312,31,43,28,5138,39,1,2016-12-18T11:41:05.000Z,st_petersburg,2016-12-18T00:00:00.000Z,51,Tug,St. Petersburg,1
59.88223,30.19498,0,0,88,4,SPB,RU,141,0,KAPITAN SOROKIN,3,345312,31,43,28,5138,39,1,2016-12-18T11:43:03.000Z,st_petersburg,2016-12-18T00:00:00.000Z,51,Tug,St. Petersburg,1
59.88223,30.19498,0,0,88,3,SPB,RU,141,0,KAPITAN SOROKIN,3,345312,31,43,28,5138,39,1,2016-12-18T11:43:04.000Z,st_petersburg,2016-12-18T00:00:00.000Z,51,Tug,St. Petersburg,1
59.88221,30.19491,0,0,88,3,SPB,RU,141,0,KAPITAN SOROKIN,3,345312,31,43,28,5138,39,1,2016-12-18T11:45:03.000Z,st_petersburg,2016-12-18T00:00:00.000Z,51,Tug,St. Petersburg,1
59.88221,30.19491,0,0,88,1,SPB,RU,141,0,KAPITAN SOROKIN,3,345312,31,43,28,5138,39,1,2016-12-18T11:45:04.000Z,st_petersburg,2016-12-18T00:00:00.000Z,51,Tug,St. Petersburg,1
59.88226,30.19495,0,0,88,2,SPB,RU,141,0,KAPITAN SOROKIN,3,345312,31,43,28,5138,39,1,2016-12-18T11:47:04.000Z,st_petersburg,2016-12-18T00:00:00.000Z,51,Tug,St. Petersburg,1
59.88226,30.19495,0,0,88,2,SPB,RU,141,0,KAPITAN SOROKIN,3,345312,31,43,28,5138,39,1,2016-12-18T11:47:05.000Z,st_petersburg,2016-12-18T00:00:00.000Z,51,Tug,St. Petersburg,1
59.88226,30.19495,0,0,88,4,SPB,RU,141,0,KAPITAN SOROKIN,3,345312,31,43,28,5138,39,1,2016-12-18T11:49:03.000Z,st_petersburg,2016-12-18T00:00:00.000Z,51,Tug,St. Petersburg,1
59.88226,30.19495,0,0,88,2,SPB,RU,141,0,KAPITAN SOROKIN,3,345312,31,43,28,5138,39,1,2016-12-18T11:49:04.000Z,st_petersburg,2016-12-18T00:00:00.000Z,51,Tug,St. Petersburg,1
59.88227,30.19492,0,0,88,3,SPB,RU,141,0,KAPITAN SOROKIN,3,345312,31,43,28,5138,39,1,2016-12-18T11:51:03.000Z,st_petersburg,2016-12-18T00:00:00.000Z,51,Tug,St. Petersburg,1
59.88227,30.19492,0,0,88,3,SPB,RU,141,0,KAPITAN SOROKIN,3,345312,31,43,28,5138,39,1,2016-12-18T11:51:04.000Z,st_petersburg,2016-12-18T00:00:00.000Z,51,Tug,St. Petersburg,1
59.88226,30.19492,0,0,88,2,SPB,RU,141,0,KAPITAN SOROKIN,3,345312,31,43,28,5138,39,1,2016-12-18T11:53:03.000Z,st_petersburg,2016-12-18T00:00:00.000Z,51,Tug,St. Petersburg,1
59.88227,30.19492,0,0,88,4,SPB,RU,141,0,KAPITAN SOROKIN,3,345312,31,43,28,5138,39,1,2016-12-18T11:53:04.000Z,st_petersburg,2016-12-18T00:00:00.000Z,51,Tug,St. Petersburg,1
59.88226,30.19492,0,0,88,4,SPB,RU,141,0,KAPITAN SOROKIN,3,345312,31,43,28,5138,39,1,2016-12-18T11:55:03.000Z,st_petersburg,2016-12-18T00:00:00.000Z,51,Tug,St. Petersburg,1
59.88226,30.19492,0,0,88,4,SPB,RU,141,0,KAPITAN SOROKIN,3,345312,31,43,28,5138,39,1,2016-12-18T11:55:04.000Z,st_petersburg,2016-12-18T00:00:00.000Z,51,Tug,St. Petersburg,1
59.88226,30.19492,0,0,88,6,SPB,RU,141,0,KAPITAN SOROKIN,3,345312,31,43,28,5138,39,1,2016-12-18T11:57:03.000Z,st_petersburg,2016-12-18T00:00:00.000Z,51,Tug,St. Petersburg,1
59.88226,30.19492,0,0,88,6,SPB,RU,141,0,KAPITAN SOROKIN,3,345312,31,43,28,5138,39,1,2016-12-18T11:57:04.000Z,st_petersburg,2016-12-18T00:00:00.000Z,51,Tug,St. Petersburg,1
59.88226,30.19492,0,0,88,8,SPB,RU,141,0,KAPITAN SOROKIN,3,345312,31,43,28,5138,39,1,2016-12-18T11:59:03.000Z,st_petersburg,2016-12-18T00:00:00.000Z,51,Tug,St. Petersburg,1
59.88226,30.19492,0,0,88,8,SPB,RU,141,0,KAPITAN SOROKIN,3,345312,31,43,28,5138,39,1,2016-12-18T11:59:04.000Z,st_petersburg,2016-12-18T00:00:00.000Z,51,Tug,St. Petersburg,1
59.88227,30.19495,0,0,88,2,SPB,RU,141,0,KAPITAN SOROKIN,3,345312,31,43,28,5138,39,1,2016-12-18T12:01:04.000Z,st_petersburg,2016-12-18T00:00:00.000Z,51,Tug,St. Petersburg,1
59.88226,30.19492,0,0,88,8,SPB,RU,141,0,KAPITAN SOROKIN,3,345312,31,43,28,5138,39,1,2016-12-18T12:01:04.000Z,st_petersburg,2016-12-18T00:00:00.000Z,51,Tug,St. Petersburg,1
59.88227,30.19495,0,0,88,4,SPB,RU,141,0,KAPITAN SOROKIN,3,345312,31,43,28,5138,39,1,2016-12-18T12:03:03.000Z,st_petersburg,2016-12-18T00:00:00.000Z,51,Tug,St. Petersburg,1
59.88227,30.19495,0,0,88,4,SPB,RU,141,0,KAPITAN SOROKIN,3,345312,31,43,28,5138,39,1,2016-12-18T12:03:04.000Z,st_petersburg,2016-12-18T00:00:00.000Z,51,Tug,St. Petersburg,1
59.88224,30.19493,0,0,88,3,SPB,RU,141,0,KAPITAN SOROKIN,3,345312,31,43,28,5138,39,1,2016-12-18T12:05:03.000Z,st_petersburg,2016-12-18T00:00:00.000Z,51,Tug,St. Petersburg,1
59.88224,30.19493,0,0,88,3,SPB,RU,141,0,KAPITAN SOROKIN,3,345312,31,43,28,5138,39,1,2016-12-18T12:05:04.000Z,st_petersburg,2016-12-18T00:00:00.000Z,51,Tug,St. Petersburg,1
59.88226,30.19495,0,0,88,2,SPB,RU,141,0,KAPITAN SOROKIN,3,345312,31,43,28,5138,39,1,2016-12-18T12:07:04.000Z,st_petersburg,2016-12-18T00:00:00.000Z,51,Tug,St. Petersburg,1
59.88226,30.19495,0,0,88,2,SPB,RU,141,0,KAPITAN SOROKIN,3,345312,31,43,28,5138,39,1,2016-12-18T12:07:05.000Z,st_petersburg,2016-12-18T00:00:00.000Z,51,Tug,St. Petersburg,1
59.88226,30.19495,0,0,88,4,SPB,RU,141,0,KAPITAN SOROKIN,3,345312,31,43,28,5138,39,1,2016-12-18T12:09:04.000Z,st_petersburg,2016-12-18T00:00:00.000Z,51,Tug,St. Petersburg,1
59.88226,30.19495,0,0,88,4,SPB,RU,141,0,KAPITAN SOROKIN,3,345312,31,43,28,5138,39,1,2016-12-18T12:09:04.000Z,st_petersburg,2016-12-18T00:00:00.000Z,51,Tug,St. Petersburg,1
59.88226,30.19495,0,0,88,6,SPB,RU,141,0,KAPITAN SOROKIN,3,345312,31,43,28,5138,39,1,2016-12-18T12:11:04.000Z,st_petersburg,2016-12-18T00:00:00.000Z,51,Tug,St. Petersburg,1
59.88226,30.19495,0,0,88,6,SPB,RU,141,0,KAPITAN SOROKIN,3,345312,31,43,28,5138,39,1,2016-12-18T12:11:05.000Z,st_petersburg,2016-12-18T00:00:00.000Z,51,Tug,St. Petersburg,1
59.88226,30.19495,0,0,88,8,SPB,RU,141,0,KAPITAN SOROKIN,3,345312,31,43,28,5138,39,1,2016-12-18T12:13:04.000Z,st_petersburg,2016-12-18T00:00:00.000Z,51,Tug,St. Petersburg,1
59.88226,30.19495,0,0,88,8,SPB,RU,141,0,KAPITAN SOROKIN,3,345312,31,43,28,5138,39,1,2016-12-18T12:13:05.000Z,st_petersburg,2016-12-18T00:00:00.000Z,51,Tug,St. Petersburg,1
59.88226,30.19495,0,0,88,8,SPB,RU,141,0,KAPITAN SOROKIN,3,345312,31,43,28,5138,39,1,2016-12-18T12:15:03.000Z,st_petersburg,2016-12-18T00:00:00.000Z,51,Tug,St. Petersburg,1
59.88229,30.19497,0,0,88,1,SPB,RU,141,0,KAPITAN SOROKIN,3,345312,31,43,28,5138,39,1,2016-12-18T12:15:04.000Z,st_petersburg,2016-12-18T00:00:00.000Z,51,Tug,St. Petersburg,1
59.88229,30.19497,0,0,88,4,SPB,RU,141,0,KAPITAN SOROKIN,3,345312,31,43,28,5138,39,1,2016-12-18T12:17:03.000Z,st_petersburg,2016-12-18T00:00:00.000Z,51,Tug,St. Petersburg,1
59.88229,30.19497,0,0,88,4,SPB,RU,141,0,KAPITAN SOROKIN,3,345312,31,43,28,5138,39,1,2016-12-18T12:17:05.000Z,st_petersburg,2016-12-18T00:00:00.000Z,51,Tug,St. Petersburg,1
59.88225,30.19491,0,0,88,3,SPB,RU,141,0,KAPITAN SOROKIN,3,345312,31,43,28,5138,39,1,2016-12-18T12:19:04.000Z,st_petersburg,2016-12-18T00:00:00.000Z,51,Tug,St. Petersburg,1
59.88225,30.19491,0,0,88,3,SPB,RU,141,0,KAPITAN SOROKIN,3,345312,31,43,28,5138,39,1,2016-12-18T12:19:05.000Z,st_petersburg,2016-12-18T00:00:00.000Z,51,Tug,St. Petersburg,1
59.88225,30.19491,0,0,88,5,SPB,RU,141,0,KAPITAN SOROKIN,3,345312,31,43,28,5138,39,1,2016-12-18T12:21:03.000Z,st_petersburg,2016-12-18T00:00:00.000Z,51,Tug,St. Petersburg,1
59.88225,30.19491,0,0,88,5,SPB,RU,141,0,KAPITAN SOROKIN,3,345312,31,43,28,5138,39,1,2016-12-18T12:21:04.000Z,st_petersburg,2016-12-18T00:00:00.000Z,51,Tug,St. Petersburg,1
59.88229,30.19497,0,0,88,4,SPB,RU,141,0,KAPITAN SOROKIN,3,345312,31,43,28,5138,39,1,2016-12-18T12:23:03.000Z,st_petersburg,2016-12-18T00:00:00.000Z,51,Tug,St. Petersburg,1
59.88229,30.19497,0,0,88,3,SPB,RU,141,0,KAPITAN SOROKIN,3,345312,31,43,28,5138,39,1,2016-12-18T12:23:04.000Z,st_petersburg,2016-12-18T00:00:00.000Z,51,Tug,St. Petersburg,1
59.88224,30.19495,0,0,88,3,SPB,RU,141,0,KAPITAN SOROKIN,3,345312,31,43,28,5138,39,1,2016-12-18T12:25:04.000Z,st_petersburg,2016-12-18T00:00:00.000Z,51,Tug,St. Petersburg,1
59.88224,30.19495,0,0,88,1,SPB,RU,141,0,KAPITAN SOROKIN,3,345312,31,43,28,5138,39,1,2016-12-18T12:25:05.000Z,st_petersburg,2016-12-18T00:00:00.000Z,51,Tug,St. Petersburg,1
59.88224,30.19495,0,0,88,3,SPB,RU,141,0,KAPITAN SOROKIN,3,345312,31,43,28,5138,39,1,2016-12-18T12:27:03.000Z,st_petersburg,2016-12-18T00:00:00.000Z,51,Tug,St. Petersburg,1
59.88225,30.19494,0,0,88,2,SPB,RU,141,0,KAPITAN SOROKIN,3,345312,31,43,28,5138,39,1,2016-12-18T12:27:04.000Z,st_petersburg,2016-12-18T00:00:00.000Z,51,Tug,St. Petersburg,1
59.88225,30.19494,0,0,88,4,SPB,RU,141,0,KAPITAN SOROKIN,3,345312,31,43,28,5138,39,1,2016-12-18T12:29:04.000Z,st_petersburg,2016-12-18T00:00:00.000Z,51,Tug,St. Petersburg,1
59.88225,30.19494,0,0,88,4,SPB,RU,141,0,KAPITAN SOROKIN,3,345312,31,43,28,5138,39,1,2016-12-18T12:29:05.000Z,st_petersburg,2016-12-18T00:00:00.000Z,51,Tug,St. Petersburg,1
59.88225,30.19495,0,0,88,3,SPB,RU,141,0,KAPITAN SOROKIN,3,345312,31,43,28,5138,39,1,2016-12-18T12:31:04.000Z,st_petersburg,2016-12-18T00:00:00.000Z,51,Tug,St. Petersburg,1
59.88225,30.19495,0,0,88,3,SPB,RU,141,0,KAPITAN SOROKIN,3,345312,31,43,28,5138,39,1,2016-12-18T12:31:05.000Z,st_petersburg,2016-12-18T00:00:00.000Z,51,Tug,St. Petersburg,1
59.88225,30.19495,0,0,88,5,SPB,RU,141,0,KAPITAN SOROKIN,3,345312,31,43,28,5138,39,1,2016-12-18T12:33:03.000Z,st_petersburg,2016-12-18T00:00:00.000Z,51,Tug,St. Petersburg,1
59.88225,30.19495,0,0,88,5,SPB,RU,141,0,KAPITAN SOROKIN,3,345312,31,43,28,5138,39,1,2016-12-18T12:33:04.000Z,st_petersburg,2016-12-18T00:00:00.000Z,51,Tug,St. Petersburg,1
59.88225,30.19495,0,0,88,7,SPB,RU,141,0,KAPITAN SOROKIN,3,345312,31,43,28,5138,39,1,2016-12-18T12:35:04.000Z,st_petersburg,2016-12-18T00:00:00.000Z,51,Tug,St. Petersburg,1
59.88225,30.19495,0,0,88,7,SPB,RU,141,0,KAPITAN SOROKIN,3,345312,31,43,28,5138,39,1,2016-12-18T12:35:05.000Z,st_petersburg,2016-12-18T00:00:00.000Z,51,Tug,St. Petersburg,1
59.88225,30.19495,0,0,88,9,SPB,RU,141,0,KAPITAN SOROKIN,3,345312,31,43,28,5138,39,1,2016-12-18T12:37:04.000Z,st_petersburg,2016-12-18T00:00:00.000Z,51,Tug,St. Petersburg,1
59.88225,30.19495,0,0,88,9,SPB,RU,141,0,KAPITAN SOROKIN,3,345312,31,43,28,5138,39,1,2016-12-18T12:37:04.000Z,st_petersburg,2016-12-18T00:00:00.000Z,51,Tug,St. Petersburg,1
59.88227,30.19495,0,0,88,3,SPB,RU,141,0,KAPITAN SOROKIN,3,345312,31,43,28,5138,39,1,2016-12-18T12:39:04.000Z,st_petersburg,2016-12-18T00:00:00.000Z,51,Tug,St. Petersburg,1
59.88227,30.19495,0,0,88,3,SPB,RU,141,0,KAPITAN SOROKIN,3,345312,31,43,28,5138,39,1,2016-12-18T12:39:05.000Z,st_petersburg,2016-12-18T00:00:00.000Z,51,Tug,St. Petersburg,1
59.88225,30.1949,0,0,88,2,SPB,RU,141,0,KAPITAN SOROKIN,3,345312,31,43,28,5138,39,1,2016-12-18T12:41:04.000Z,st_petersburg,2016-12-18T00:00:00.000Z,51,Tug,St. Petersburg,1
59.88225,30.1949,0,0,88,2,SPB,RU,141,0,KAPITAN SOROKIN,3,345312,31,43,28,5138,39,1,2016-12-18T12:41:05.000Z,st_petersburg,2016-12-18T00:00:00.000Z,51,Tug,St. Petersburg,1
59.88225,30.1949,0,0,88,4,SPB,RU,141,0,KAPITAN SOROKIN,3,345312,31,43,28,5138,39,1,2016-12-18T12:43:04.000Z,st_petersburg,2016-12-18T00:00:00.000Z,51,Tug,St. Petersburg,1
59.88225,30.1949,0,0,88,4,SPB,RU,141,0,KAPITAN SOROKIN,3,345312,31,43,28,5138,39,1,2016-12-18T12:43:04.000Z,st_petersburg,2016-12-18T00:00:00.000Z,51,Tug,St. Petersburg,1
59.88229,30.19493,0,0,88,3,SPB,RU,141,0,KAPITAN SOROKIN,3,345312,31,43,28,5138,39,1,2016-12-18T12:45:03.000Z,st_petersburg,2016-12-18T00:00:00.000Z,51,Tug,St. Petersburg,1
59.88229,30.19493,0,0,88,2,SPB,RU,141,0,KAPITAN SOROKIN,3,345312,31,43,28,5138,39,1,2016-12-18T12:45:04.000Z,st_petersburg,2016-12-18T00:00:00.000Z,51,Tug,St. Petersburg,1
59.88226,30.19492,0,0,88,2,SPB,RU,141,0,KAPITAN SOROKIN,3,345312,31,43,28,5138,39,1,2016-12-18T12:47:03.000Z,st_petersburg,2016-12-18T00:00:00.000Z,51,Tug,St. Petersburg,1
59.88226,30.19492,0,0,88,2,SPB,RU,141,0,KAPITAN SOROKIN,3,345312,31,43,28,5138,39,1,2016-12-18T12:47:04.000Z,st_petersburg,2016-12-18T00:00:00.000Z,51,Tug,St. Petersburg,1
59.88226,30.19492,0,0,88,4,SPB,RU,141,0,KAPITAN SOROKIN,3,345312,31,43,28,5138,39,1,2016-12-18T12:49:03.000Z,st_petersburg,2016-12-18T00:00:00.000Z,51,Tug,St. Petersburg,1
59.88226,30.19492,0,0,88,3,SPB,RU,141,0,KAPITAN SOROKIN,3,345312,31,43,28,5138,39,1,2016-12-18T12:49:04.000Z,st_petersburg,2016-12-18T00:00:00.000Z,51,Tug,St. Petersburg,1
59.88223,30.195,0,0,88,3,SPB,RU,141,0,KAPITAN SOROKIN,3,345312,31,43,28,5138,39,1,2016-12-18T12:51:03.000Z,st_petersburg,2016-12-18T00:00:00.000Z,51,Tug,St. Petersburg,1
59.88223,30.195,0,0,88,3,SPB,RU,141,0,KAPITAN SOROKIN,3,345312,31,43,28,5138,39,1,2016-12-18T12:51:04.000Z,st_petersburg,2016-12-18T00:00:00.000Z,51,Tug,St. Petersburg,1
59.88223,30.19497,0,0,88,2,SPB,RU,141,0,KAPITAN SOROKIN,3,345312,31,43,28,5138,39,1,2016-12-18T12:53:04.000Z,st_petersburg,2016-12-18T00:00:00.000Z,51,Tug,St. Petersburg,1
59.88223,30.19497,0,0,88,2,SPB,RU,141,0,KAPITAN SOROKIN,3,345312,31,43,28,5138,39,1,2016-12-18T12:53:05.000Z,st_petersburg,2016-12-18T00:00:00.000Z,51,Tug,St. Petersburg,1
59.88223,30.19497,0,0,88,3,SPB,RU,141,0,KAPITAN SOROKIN,3,345312,31,43,28,5138,39,1,2016-12-18T12:55:03.000Z,st_petersburg,2016-12-18T00:00:00.000Z,51,Tug,St. Petersburg,1
59.88223,30.19497,0,0,88,4,SPB,RU,141,0,KAPITAN SOROKIN,3,345312,31,43,28,5138,39,1,2016-12-18T12:55:04.000Z,st_petersburg,2016-12-18T00:00:00.000Z,51,Tug,St. Petersburg,1
59.88223,30.19496,0,0,88,3,SPB,RU,141,0,KAPITAN SOROKIN,3,345312,31,43,28,5138,39,1,2016-12-18T12:57:03.000Z,st_petersburg,2016-12-18T00:00:00.000Z,51,Tug,St. Petersburg,1
59.88223,30.19496,0,0,88,3,SPB,RU,141,0,KAPITAN SOROKIN,3,345312,31,43,28,5138,39,1,2016-12-18T12:57:04.000Z,st_petersburg,2016-12-18T00:00:00.000Z,51,Tug,St. Petersburg,1
59.88227,30.19494,0,0,88,2,SPB,RU,141,0,KAPITAN SOROKIN,3,345312,31,43,28,5138,39,1,2016-12-18T12:59:03.000Z,st_petersburg,2016-12-18T00:00:00.000Z,51,Tug,St. Petersburg,1
59.88227,30.19494,0,0,88,2,SPB,RU,141,0,KAPITAN SOROKIN,3,345312,31,43,28,5138,39,1,2016-12-18T12:59:04.000Z,st_petersburg,2016-12-18T00:00:00.000Z,51,Tug,St. Petersburg,1
59.88227,30.19494,0,0,88,4,SPB,RU,141,0,KAPITAN SOROKIN,3,345312,31,43,28,5138,39,1,2016-12-18T13:01:04.000Z,st_petersburg,2016-12-18T00:00:00.000Z,51,Tug,St. Petersburg,1
59.88227,30.19494,0,0,88,4,SPB,RU,141,0,KAPITAN SOROKIN,3,345312,31,43,28,5138,39,1,2016-12-18T13:01:04.000Z,st_petersburg,2016-12-18T00:00:00.000Z,51,Tug,St. Petersburg,1
59.88223,30.19492,0,0,88,3,SPB,RU,141,0,KAPITAN SOROKIN,3,345312,31,43,28,5138,39,1,2016-12-18T13:03:03.000Z,st_petersburg,2016-12-18T00:00:00.000Z,51,Tug,St. Petersburg,1
59.88223,30.19492,0,0,88,3,SPB,RU,141,0,KAPITAN SOROKIN,3,345312,31,43,28,5138,39,1,2016-12-18T13:03:04.000Z,st_petersburg,2016-12-18T00:00:00.000Z,51,Tug,St. Petersburg,1
59.88223,30.19492,0,0,88,5,SPB,RU,141,0,KAPITAN SOROKIN,3,345312,31,43,28,5138,39,1,2016-12-18T13:05:04.000Z,st_petersburg,2016-12-18T00:00:00.000Z,51,Tug,St. Petersburg,1
59.88223,30.19492,0,0,88,5,SPB,RU,141,0,KAPITAN SOROKIN,3,345312,31,43,28,5138,39,1,2016-12-18T13:05:05.000Z,st_petersburg,2016-12-18T00:00:00.000Z,51,Tug,St. Petersburg,1
59.88223,30.19492,0,0,88,5,SPB,RU,141,0,KAPITAN SOROKIN,3,345312,31,43,28,5138,39,1,2016-12-18T13:07:03.000Z,st_petersburg,2016-12-18T00:00:00.000Z,51,Tug,St. Petersburg,1
59.88223,30.19492,0,0,88,7,SPB,RU,141,0,KAPITAN SOROKIN,3,345312,31,43,28,5138,39,1,2016-12-18T13:07:04.000Z,st_petersburg,2016-12-18T00:00:00.000Z,51,Tug,St. Petersburg,1
59.88223,30.19492,0,0,88,9,SPB,RU,141,0,KAPITAN SOROKIN,3,345312,31,43,28,5138,39,1,2016-12-18T13:09:04.000Z,st_petersburg,2016-12-18T00:00:00.000Z,51,Tug,St. Petersburg,1
59.88223,30.19492,0,0,88,9,SPB,RU,141,0,KAPITAN SOROKIN,3,345312,31,43,28,5138,39,1,2016-12-18T13:09:05.000Z,st_petersburg,2016-12-18T00:00:00.000Z,51,Tug,St. Petersburg,1
59.88223,30.19492,0,0,88,9,SPB,RU,141,0,KAPITAN SOROKIN,3,345312,31,43,28,5138,39,1,2016-12-18T13:11:03.000Z,st_petersburg,2016-12-18T00:00:00.000Z,51,Tug,St. Petersburg,1
59.88227,30.19497,0,0,88,3,SPB,RU,141,0,KAPITAN SOROKIN,3,345312,31,43,28,5138,39,1,2016-12-18T13:11:04.000Z,st_petersburg,2016-12-18T00:00:00.000Z,51,Tug,St. Petersburg,1
59.88225,30.19496,0,0,88,2,SPB,RU,141,0,KAPITAN SOROKIN,3,345312,31,43,28,5138,39,1,2016-12-18T13:13:03.000Z,st_petersburg,2016-12-18T00:00:00.000Z,51,Tug,St. Petersburg,1
59.88225,30.19496,0,0,88,2,SPB,RU,141,0,KAPITAN SOROKIN,3,345312,31,43,28,5138,39,1,2016-12-18T13:13:04.000Z,st_petersburg,2016-12-18T00:00:00.000Z,51,Tug,St. Petersburg,1
59.88225,30.19496,0,0,88,4,SPB,RU,141,0,KAPITAN SOROKIN,3,345312,31,43,28,5138,39,1,2016-12-18T13:15:03.000Z,st_petersburg,2016-12-18T00:00:00.000Z,51,Tug,St. Petersburg,1
59.88225,30.19496,0,0,88,4,SPB,RU,141,0,KAPITAN SOROKIN,3,345312,31,43,28,5138,39,1,2016-12-18T13:15:04.000Z,st_petersburg,2016-12-18T00:00:00.000Z,51,Tug,St. Petersburg,1
59.88225,30.19495,0,0,88,3,SPB,RU,141,0,KAPITAN SOROKIN,3,345312,31,43,28,5138,39,1,2016-12-18T13:17:03.000Z,st_petersburg,2016-12-18T00:00:00.000Z,51,Tug,St. Petersburg,1
59.88225,30.19495,0,0,88,2,SPB,RU,141,0,KAPITAN SOROKIN,3,345312,31,43,28,5138,39,1,2016-12-18T13:17:04.000Z,st_petersburg,2016-12-18T00:00:00.000Z,51,Tug,St. Petersburg,1
59.88222,30.19495,0,0,88,2,SPB,RU,141,0,KAPITAN SOROKIN,3,345312,31,43,28,5138,39,1,2016-12-18T13:19:03.000Z,st_petersburg,2016-12-18T00:00:00.000Z,51,Tug,St. Petersburg,1
59.88222,30.19495,0,0,88,2,SPB,RU,141,0,KAPITAN SOROKIN,3,345312,31,43,28,5138,39,1,2016-12-18T13:19:04.000Z,st_petersburg,2016-12-18T00:00:00.000Z,51,Tug,St. Petersburg,1
59.88222,30.19495,0,0,88,4,SPB,RU,141,0,KAPITAN SOROKIN,3,345312,31,43,28,5138,39,1,2016-12-18T13:21:03.000Z,st_petersburg,2016-12-18T00:00:00.000Z,51,Tug,St. Petersburg,1
59.88222,30.19495,0,0,88,4,SPB,RU,141,0,KAPITAN SOROKIN,3,345312,31,43,28,5138,39,1,2016-12-18T13:21:04.000Z,st_petersburg,2016-12-18T00:00:00.000Z,51,Tug,St. Petersburg,1
59.88225,30.19495,0,0,88,3,SPB,RU,141,0,KAPITAN SOROKIN,3,345312,31,43,28,5138,39,1,2016-12-18T13:23:04.000Z,st_petersburg,2016-12-18T00:00:00.000Z,51,Tug,St. Petersburg,1
59.88225,30.19495,0,0,88,3,SPB,RU,141,0,KAPITAN SOROKIN,3,345312,31,43,28,5138,39,1,2016-12-18T13:23:05.000Z,st_petersburg,2016-12-18T00:00:00.000Z,51,Tug,St. Petersburg,1
59.88227,30.19492,0,0,88,2,SPB,RU,141,0,KAPITAN SOROKIN,3,345312,31,43,28,5138,39,1,2016-12-18T13:25:03.000Z,st_petersburg,2016-12-18T00:00:00.000Z,51,Tug,St. Petersburg,1
59.88227,30.19492,0,0,88,2,SPB,RU,141,0,KAPITAN SOROKIN,3,345312,31,43,28,5138,39,1,2016-12-18T13:25:04.000Z,st_petersburg,2016-12-18T00:00:00.000Z,51,Tug,St. Petersburg,1
59.88227,30.19492,0,0,88,4,SPB,RU,141,0,KAPITAN SOROKIN,3,345312,31,43,28,5138,39,1,2016-12-18T13:27:04.000Z,st_petersburg,2016-12-18T00:00:00.000Z,51,Tug,St. Petersburg,1
59.88227,30.19492,0,0,88,4,SPB,RU,141,0,KAPITAN SOROKIN,3,345312,31,43,28,5138,39,1,2016-12-18T13:27:04.000Z,st_petersburg,2016-12-18T00:00:00.000Z,51,Tug,St. Petersburg,1
59.88227,30.19492,0,0,88,2,SPB,RU,141,0,KAPITAN SOROKIN,3,345312,31,43,28,5138,39,1,2016-12-18T13:29:03.000Z,st_petersburg,2016-12-18T00:00:00.000Z,51,Tug,St. Petersburg,1
59.88227,30.19492,0,0,88,2,SPB,RU,141,0,KAPITAN SOROKIN,3,345312,31,43,28,5138,39,1,2016-12-18T13:29:04.000Z,st_petersburg,2016-12-18T00:00:00.000Z,51,Tug,St. Petersburg,1
59.88227,30.19492,0,0,88,4,SPB,RU,141,0,KAPITAN SOROKIN,3,345312,31,43,28,5138,39,1,2016-12-18T13:31:03.000Z,st_petersburg,2016-12-18T00:00:00.000Z,51,Tug,St. Petersburg,1
59.88227,30.19492,0,0,88,4,SPB,RU,141,0,KAPITAN SOROKIN,3,345312,31,43,28,5138,39,1,2016-12-18T13:31:04.000Z,st_petersburg,2016-12-18T00:00:00.000Z,51,Tug,St. Petersburg,1
59.88225,30.19495,0,0,88,3,SPB,RU,141,0,KAPITAN SOROKIN,3,345312,31,43,28,5138,39,1,2016-12-18T13:33:04.000Z,st_petersburg,2016-12-18T00:00:00.000Z,51,Tug,St. Petersburg,1
59.88225,30.19495,0,0,88,3,SPB,RU,141,0,KAPITAN SOROKIN,3,345312,31,43,28,5138,39,1,2016-12-18T13:33:05.000Z,st_petersburg,2016-12-18T00:00:00.000Z,51,Tug,St. Petersburg,1
59.88225,30.19495,0,0,88,2,SPB,RU,141,0,KAPITAN SOROKIN,3,345312,31,43,28,5138,39,1,2016-12-18T13:35:04.000Z,st_petersburg,2016-12-18T00:00:00.000Z,51,Tug,St. Petersburg,1
59.88225,30.19495,0,0,88,2,SPB,RU,141,0,KAPITAN SOROKIN,3,345312,31,43,28,5138,39,1,2016-12-18T13:35:05.000Z,st_petersburg,2016-12-18T00:00:00.000Z,51,Tug,St. Petersburg,1
59.88225,30.19495,0,0,88,4,SPB,RU,141,0,KAPITAN SOROKIN,3,345312,31,43,28,5138,39,1,2016-12-18T13:37:04.000Z,st_petersburg,2016-12-18T00:00:00.000Z,51,Tug,St. Petersburg,1
59.88225,30.19495,0,0,88,4,SPB,RU,141,0,KAPITAN SOROKIN,3,345312,31,43,28,5138,39,1,2016-12-18T13:37:05.000Z,st_petersburg,2016-12-18T00:00:00.000Z,51,Tug,St. Petersburg,1
59.88225,30.19495,0,0,88,6,SPB,RU,141,0,KAPITAN SOROKIN,3,345312,31,43,28,5138,39,1,2016-12-18T13:39:03.000Z,st_petersburg,2016-12-18T00:00:00.000Z,51,Tug,St. Petersburg,1
59.88225,30.19495,0,0,88,6,SPB,RU,141,0,KAPITAN SOROKIN,3,345312,31,43,28,5138,39,1,2016-12-18T13:39:04.000Z,st_petersburg,2016-12-18T00:00:00.000Z,51,Tug,St. Petersburg,1
59.88225,30.19495,0,0,88,8,SPB,RU,141,0,KAPITAN SOROKIN,3,345312,31,43,28,5138,39,1,2016-12-18T13:41:04.000Z,st_petersburg,2016-12-18T00:00:00.000Z,51,Tug,St. Petersburg,1
59.88225,30.19495,0,0,88,8,SPB,RU,141,0,KAPITAN SOROKIN,3,345312,31,43,28,5138,39,1,2016-12-18T13:41:05.000Z,st_petersburg,2016-12-18T00:00:00.000Z,51,Tug,St. Petersburg,1
59.88224,30.19495,0,0,88,2,SPB,RU,141,0,KAPITAN SOROKIN,3,345312,31,43,28,5138,39,1,2016-12-18T13:43:04.000Z,st_petersburg,2016-12-18T00:00:00.000Z,51,Tug,St. Petersburg,1
59.88225,30.19495,0,0,88,8,SPB,RU,141,0,KAPITAN SOROKIN,3,345312,31,43,28,5138,39,1,2016-12-18T13:43:04.000Z,st_petersburg,2016-12-18T00:00:00.000Z,51,Tug,St. Petersburg,1
59.88224,30.19495,0,0,88,3,SPB,RU,141,0,KAPITAN SOROKIN,3,345312,31,43,28,5138,39,1,2016-12-18T13:45:08.000Z,st_petersburg,2016-12-18T00:00:00.000Z,51,Tug,St. Petersburg,1
59.88224,30.19495,0,0,88,4,SPB,RU,141,0,KAPITAN SOROKIN,3,345312,31,43,28,5138,39,1,2016-12-18T13:45:09.000Z,st_petersburg,2016-12-18T00:00:00.000Z,51,Tug,St. Petersburg,1
59.88224,30.19495,0,0,88,6,SPB,RU,141,0,KAPITAN SOROKIN,3,345312,31,43,28,5138,39,1,2016-12-18T13:47:04.000Z,st_petersburg,2016-12-18T00:00:00.000Z,51,Tug,St. Petersburg,1
59.88224,30.19495,0,0,88,6,SPB,RU,141,0,KAPITAN SOROKIN,3,345312,31,43,28,5138,39,1,2016-12-18T13:47:05.000Z,st_petersburg,2016-12-18T00:00:00.000Z,51,Tug,St. Petersburg,1
59.88224,30.19495,0,0,88,8,SPB,RU,141,0,KAPITAN SOROKIN,3,345312,31,43,28,5138,39,1,2016-12-18T13:49:04.000Z,st_petersburg,2016-12-18T00:00:00.000Z,51,Tug,St. Petersburg,1
59.88224,30.19495,0,0,88,6,SPB,RU,141,0,KAPITAN SOROKIN,3,345312,31,43,28,5138,39,1,2016-12-18T13:49:04.000Z,st_petersburg,2016-12-18T00:00:00.000Z,51,Tug,St. Petersburg,1
59.88224,30.19495,0,0,88,2,SPB,RU,141,0,KAPITAN SOROKIN,3,345312,31,43,28,5138,39,1,2016-12-18T13:51:04.000Z,st_petersburg,2016-12-18T00:00:00.000Z,51,Tug,St. Petersburg,1
59.88224,30.19495,0,0,88,8,SPB,RU,141,0,KAPITAN SOROKIN,3,345312,31,43,28,5138,39,1,2016-12-18T13:51:04.000Z,st_petersburg,2016-12-18T00:00:00.000Z,51,Tug,St. Petersburg,1
59.88224,30.19495,0,0,88,4,SPB,RU,141,0,KAPITAN SOROKIN,3,345312,31,43,28,5138,39,1,2016-12-18T13:53:04.000Z,st_petersburg,2016-12-18T00:00:00.000Z,51,Tug,St. Petersburg,1
59.88224,30.19495,0,0,88,4,SPB,RU,141,0,KAPITAN SOROKIN,3,345312,31,43,28,5138,39,1,2016-12-18T13:53:05.000Z,st_petersburg,2016-12-18T00:00:00.000Z,51,Tug,St. Petersburg,1
59.88227,30.19494,0,0,88,3,SPB,RU,141,0,KAPITAN SOROKIN,3,345312,31,43,28,5138,39,1,2016-12-18T13:55:03.000Z,st_petersburg,2016-12-18T00:00:00.000Z,51,Tug,St. Petersburg,1
59.88227,30.19494,0,0,88,3,SPB,RU,141,0,KAPITAN SOROKIN,3,345312,31,43,28,5138,39,1,2016-12-18T13:55:04.000Z,st_petersburg,2016-12-18T00:00:00.000Z,51,Tug,St. Petersburg,1
59.88223,30.19498,0,0,88,2,SPB,RU,141,0,KAPITAN SOROKIN,3,345312,31,43,28,5138,39,1,2016-12-18T13:57:04.000Z,st_petersburg,2016-12-18T00:00:00.000Z,51,Tug,St. Petersburg,1
59.88223,30.19498,0,0,88,1,SPB,RU,141,0,KAPITAN SOROKIN,3,345312,31,43,28,5138,39,1,2016-12-18T13:57:05.000Z,st_petersburg,2016-12-18T00:00:00.000Z,51,Tug,St. Petersburg,1
59.88223,30.19498,0,0,88,4,SPB,RU,141,0,KAPITAN SOROKIN,3,345312,31,43,28,5138,39,1,2016-12-18T13:59:03.000Z,st_petersburg,2016-12-18T00:00:00.000Z,51,Tug,St. Petersburg,1
59.88223,30.19498,0,0,88,2,SPB,RU,141,0,KAPITAN SOROKIN,3,345312,31,43,28,5138,39,1,2016-12-18T13:59:04.000Z,st_petersburg,2016-12-18T00:00:00.000Z,51,Tug,St. Petersburg,1
59.88223,30.19498,0,0,88,6,SPB,RU,141,0,KAPITAN SOROKIN,3,345312,31,43,28,5138,39,1,2016-12-18T14:01:03.000Z,st_petersburg,2016-12-18T00:00:00.000Z,51,Tug,St. Petersburg,1
59.88223,30.19498,0,0,88,5,SPB,RU,141,0,KAPITAN SOROKIN,3,345312,31,43,28,5138,39,1,2016-12-18T14:01:04.000Z,st_petersburg,2016-12-18T00:00:00.000Z,51,Tug,St. Petersburg,1
59.88226,30.19493,0,0,88,2,SPB,RU,141,0,KAPITAN SOROKIN,3,345312,31,43,28,5138,39,1,2016-12-18T14:03:03.000Z,st_petersburg,2016-12-18T00:00:00.000Z,51,Tug,St. Petersburg,1
59.88223,30.19498,0,0,88,6,SPB,RU,141,0,KAPITAN SOROKIN,3,345312,31,43,28,5138,39,1,2016-12-18T14:03:04.000Z,st_petersburg,2016-12-18T00:00:00.000Z,51,Tug,St. Petersburg,1
59.88226,30.19493,0,0,88,4,SPB,RU,141,0,KAPITAN SOROKIN,3,345312,31,43,28,5138,39,1,2016-12-18T14:05:04.000Z,st_petersburg,2016-12-18T00:00:00.000Z,51,Tug,St. Petersburg,1
59.88226,30.19493,0,0,88,4,SPB,RU,141,0,KAPITAN SOROKIN,3,345312,31,43,28,5138,39,1,2016-12-18T14:05:05.000Z,st_petersburg,2016-12-18T00:00:00.000Z,51,Tug,St. Petersburg,1
59.88225,30.19495,0,0,88,3,SPB,RU,141,0,KAPITAN SOROKIN,3,345312,31,43,28,5138,39,1,2016-12-18T14:07:04.000Z,st_petersburg,2016-12-18T00:00:00.000Z,51,Tug,St. Petersburg,1
59.88225,30.19495,0,0,88,3,SPB,RU,141,0,KAPITAN SOROKIN,3,345312,31,43,28,5138,39,1,2016-12-18T14:07:05.000Z,st_petersburg,2016-12-18T00:00:00.000Z,51,Tug,St. Petersburg,1
59.88225,30.19495,0,0,88,3,SPB,RU,141,0,KAPITAN SOROKIN,3,345312,31,43,28,5138,39,1,2016-12-18T14:09:03.000Z,st_petersburg,2016-12-18T00:00:00.000Z,51,Tug,St. Petersburg,1
59.88223,30.19495,0,0,88,2,SPB,RU,141,0,KAPITAN SOROKIN,3,345312,31,43,28,5138,39,1,2016-12-18T14:09:04.000Z,st_petersburg,2016-12-18T00:00:00.000Z,51,Tug,St. Petersburg,1
59.88223,30.19495,0,0,88,4,SPB,RU,141,0,KAPITAN SOROKIN,3,345312,31,43,28,5138,39,1,2016-12-18T14:11:04.000Z,st_petersburg,2016-12-18T00:00:00.000Z,51,Tug,St. Petersburg,1
59.88223,30.19495,0,0,88,3,SPB,RU,141,0,KAPITAN SOROKIN,3,345312,31,43,28,5138,39,1,2016-12-18T14:11:05.000Z,st_petersburg,2016-12-18T00:00:00.000Z,51,Tug,St. Petersburg,1
59.88223,30.19495,0,0,88,6,SPB,RU,141,0,KAPITAN SOROKIN,3,345312,31,43,28,5138,39,1,2016-12-18T14:13:03.000Z,st_petersburg,2016-12-18T00:00:00.000Z,51,Tug,St. Petersburg,1
59.88223,30.19495,0,0,88,5,SPB,RU,141,0,KAPITAN SOROKIN,3,345312,31,43,28,5138,39,1,2016-12-18T14:13:04.000Z,st_petersburg,2016-12-18T00:00:00.000Z,51,Tug,St. Petersburg,1
59.88223,30.19495,0,0,88,8,SPB,RU,141,0,KAPITAN SOROKIN,3,345312,31,43,28,5138,39,1,2016-12-18T14:15:03.000Z,st_petersburg,2016-12-18T00:00:00.000Z,51,Tug,St. Petersburg,1
59.88223,30.19495,0,0,88,8,SPB,RU,141,0,KAPITAN SOROKIN,3,345312,31,43,28,5138,39,1,2016-12-18T14:15:04.000Z,st_petersburg,2016-12-18T00:00:00.000Z,51,Tug,St. Petersburg,1
59.88227,30.19497,0,0,88,2,SPB,RU,141,0,KAPITAN SOROKIN,3,345312,31,43,28,5138,39,1,2016-12-18T14:17:04.000Z,st_petersburg,2016-12-18T00:00:00.000Z,51,Tug,St. Petersburg,1
59.88223,30.19495,0,0,88,8,SPB,RU,141,0,KAPITAN SOROKIN,3,345312,31,43,28,5138,39,1,2016-12-18T14:17:05.000Z,st_petersburg,2016-12-18T00:00:00.000Z,51,Tug,St. Petersburg,1
59.88227,30.19497,0,0,88,4,SPB,RU,141,0,KAPITAN SOROKIN,3,345312,31,43,28,5138,39,1,2016-12-18T14:19:04.000Z,st_petersburg,2016-12-18T00:00:00.000Z,51,Tug,St. Petersburg,1
59.88227,30.19497,0,0,88,3,SPB,RU,141,0,KAPITAN SOROKIN,3,345312,31,43,28,5138,39,1,2016-12-18T14:19:05.000Z,st_petersburg,2016-12-18T00:00:00.000Z,51,Tug,St. Petersburg,1
59.88225,30.19493,0,0,88,3,SPB,RU,141,0,KAPITAN SOROKIN,3,345312,31,43,28,5138,39,1,2016-12-18T14:21:04.000Z,st_petersburg,2016-12-18T00:00:00.000Z,51,Tug,St. Petersburg,1
59.88225,30.19493,0,0,88,3,SPB,RU,141,0,KAPITAN SOROKIN,3,345312,31,43,28,5138,39,1,2016-12-18T14:21:05.000Z,st_petersburg,2016-12-18T00:00:00.000Z,51,Tug,St. Petersburg,1
59.88225,30.19493,0,0,88,3,SPB,RU,141,0,KAPITAN SOROKIN,3,345312,31,43,28,5138,39,1,2016-12-18T14:23:03.000Z,st_petersburg,2016-12-18T00:00:00.000Z,51,Tug,St. Petersburg,1
59.88225,30.19491,0,0,88,2,SPB,RU,141,0,KAPITAN SOROKIN,3,345312,31,43,28,5138,39,1,2016-12-18T14:23:04.000Z,st_petersburg,2016-12-18T00:00:00.000Z,51,Tug,St. Petersburg,1
59.88225,30.19491,0,0,88,4,SPB,RU,141,0,KAPITAN SOROKIN,3,345312,31,43,28,5138,39,1,2016-12-18T14:25:03.000Z,st_petersburg,2016-12-18T00:00:00.000Z,51,Tug,St. Petersburg,1
59.88225,30.19491,0,0,88,4,SPB,RU,141,0,KAPITAN SOROKIN,3,345312,31,43,28,5138,39,1,2016-12-18T14:25:04.000Z,st_petersburg,2016-12-18T00:00:00.000Z,51,Tug,St. Petersburg,1
59.88227,30.19491,0,0,88,3,SPB,RU,141,0,KAPITAN SOROKIN,3,345312,31,43,28,5138,39,1,2016-12-18T14:27:03.000Z,st_petersburg,2016-12-18T00:00:00.000Z,51,Tug,St. Petersburg,1
59.88227,30.19491,0,0,88,3,SPB,RU,141,0,KAPITAN SOROKIN,3,345312,31,43,28,5138,39,1,2016-12-18T14:27:04.000Z,st_petersburg,2016-12-18T00:00:00.000Z,51,Tug,St. Petersburg,1
59.88226,30.19491,0,0,88,2,SPB,RU,141,0,KAPITAN SOROKIN,3,345312,31,43,28,5138,39,1,2016-12-18T14:29:04.000Z,st_petersburg,2016-12-18T00:00:00.000Z,51,Tug,St. Petersburg,1
59.88226,30.19491,0,0,88,2,SPB,RU,141,0,KAPITAN SOROKIN,3,345312,31,43,28,5138,39,1,2016-12-18T14:29:04.000Z,st_petersburg,2016-12-18T00:00:00.000Z,51,Tug,St. Petersburg,1
59.88226,30.19491,0,0,88,4,SPB,RU,141,0,KAPITAN SOROKIN,3,345312,31,43,28,5138,39,1,2016-12-18T14:31:04.000Z,st_petersburg,2016-12-18T00:00:00.000Z,51,Tug,St. Petersburg,1
59.88226,30.19491,0,0,88,3,SPB,RU,141,0,KAPITAN SOROKIN,3,345312,31,43,28,5138,39,1,2016-12-18T14:31:05.000Z,st_petersburg,2016-12-18T00:00:00.000Z,51,Tug,St. Petersburg,1
59.88225,30.19494,0,0,88,2,SPB,RU,141,0,KAPITAN SOROKIN,3,345312,31,43,28,5138,39,1,2016-12-18T14:33:04.000Z,st_petersburg,2016-12-18T00:00:00.000Z,51,Tug,St. Petersburg,1
59.88225,30.19494,0,0,88,2,SPB,RU,141,0,KAPITAN SOROKIN,3,345312,31,43,28,5138,39,1,2016-12-18T14:33:05.000Z,st_petersburg,2016-12-18T00:00:00.000Z,51,Tug,St. Petersburg,1
59.88225,30.19494,0,0,88,2,SPB,RU,141,0,KAPITAN SOROKIN,3,345312,31,43,28,5138,39,1,2016-12-18T14:35:03.000Z,st_petersburg,2016-12-18T00:00:00.000Z,51,Tug,St. Petersburg,1
59.88225,30.19494,0,0,88,4,SPB,RU,141,0,KAPITAN SOROKIN,3,345312,31,43,28,5138,39,1,2016-12-18T14:35:04.000Z,st_petersburg,2016-12-18T00:00:00.000Z,51,Tug,St. Petersburg,1
59.88225,30.19493,0,0,88,3,SPB,RU,141,0,KAPITAN SOROKIN,3,345312,31,43,28,5138,39,1,2016-12-18T14:37:03.000Z,st_petersburg,2016-12-18T00:00:00.000Z,51,Tug,St. Petersburg,1
59.88225,30.19493,0,0,88,3,SPB,RU,141,0,KAPITAN SOROKIN,3,345312,31,43,28,5138,39,1,2016-12-18T14:37:04.000Z,st_petersburg,2016-12-18T00:00:00.000Z,51,Tug,St. Petersburg,1
59.88225,30.19493,0,0,88,5,SPB,RU,141,0,KAPITAN SOROKIN,3,345312,31,43,28,5138,39,1,2016-12-18T14:39:04.000Z,st_petersburg,2016-12-18T00:00:00.000Z,51,Tug,St. Petersburg,1
59.88225,30.19493,0,0,88,5,SPB,RU,141,0,KAPITAN SOROKIN,3,345312,31,43,28,5138,39,1,2016-12-18T14:39:05.000Z,st_petersburg,2016-12-18T00:00:00.000Z,51,Tug,St. Petersburg,1
59.88225,30.19493,0,0,88,5,SPB,RU,141,0,KAPITAN SOROKIN,3,345312,31,43,28,5138,39,1,2016-12-18T14:41:03.000Z,st_petersburg,2016-12-18T00:00:00.000Z,51,Tug,St. Petersburg,1
59.88223,30.19495,0,0,88,3,SPB,RU,141,0,KAPITAN SOROKIN,3,345312,31,43,28,5138,39,1,2016-12-18T14:41:04.000Z,st_petersburg,2016-12-18T00:00:00.000Z,51,Tug,St. Petersburg,1
59.88223,30.19495,0,0,88,5,SPB,RU,141,0,KAPITAN SOROKIN,3,345312,31,43,28,5138,39,1,2016-12-18T14:43:03.000Z,st_petersburg,2016-12-18T00:00:00.000Z,51,Tug,St. Petersburg,1
59.88223,30.19495,0,0,88,3,SPB,RU,141,0,KAPITAN SOROKIN,3,345312,31,43,28,5138,39,1,2016-12-18T14:43:04.000Z,st_petersburg,2016-12-18T00:00:00.000Z,51,Tug,St. Petersburg,1
59.88223,30.19495,0,0,88,7,SPB,RU,141,0,KAPITAN SOROKIN,3,345312,31,43,28,5138,39,1,2016-12-18T14:45:03.000Z,st_petersburg,2016-12-18T00:00:00.000Z,51,Tug,St. Petersburg,1
59.88223,30.19495,0,0,88,7,SPB,RU,141,0,KAPITAN SOROKIN,3,345312,31,43,28,5138,39,1,2016-12-18T14:45:04.000Z,st_petersburg,2016-12-18T00:00:00.000Z,51,Tug,St. Petersburg,1
59.88223,30.19495,0,0,88,9,SPB,RU,141,0,KAPITAN SOROKIN,3,345312,31,43,28,5138,39,1,2016-12-18T14:47:04.000Z,st_petersburg,2016-12-18T00:00:00.000Z,51,Tug,St. Petersburg,1
59.88223,30.19495,0,0,88,9,SPB,RU,141,0,KAPITAN SOROKIN,3,345312,31,43,28,5138,39,1,2016-12-18T14:47:05.000Z,st_petersburg,2016-12-18T00:00:00.000Z,51,Tug,St. Petersburg,1
59.88224,30.19497,0,0,88,3,SPB,RU,141,0,KAPITAN SOROKIN,3,345312,31,43,28,5138,39,1,2016-12-18T14:49:04.000Z,st_petersburg,2016-12-18T00:00:00.000Z,51,Tug,St. Petersburg,1
59.88224,30.19497,0,0,88,3,SPB,RU,141,0,KAPITAN SOROKIN,3,345312,31,43,28,5138,39,1,2016-12-18T14:49:05.000Z,st_petersburg,2016-12-18T00:00:00.000Z,51,Tug,St. Petersburg,1
59.88224,30.19497,0,0,88,5,SPB,RU,141,0,KAPITAN SOROKIN,3,345312,31,43,28,5138,39,1,2016-12-18T14:51:03.000Z,st_petersburg,2016-12-18T00:00:00.000Z,51,Tug,St. Petersburg,1
59.88224,30.19497,0,0,88,4,SPB,RU,141,0,KAPITAN SOROKIN,3,345312,31,43,28,5138,39,1,2016-12-18T14:51:04.000Z,st_petersburg,2016-12-18T00:00:00.000Z,51,Tug,St. Petersburg,1
59.88224,30.19497,0,0,88,7,SPB,RU,141,0,KAPITAN SOROKIN,3,345312,31,43,28,5138,39,1,2016-12-18T14:53:03.000Z,st_petersburg,2016-12-18T00:00:00.000Z,51,Tug,St. Petersburg,1
59.88224,30.19497,0,0,88,7,SPB,RU,141,0,KAPITAN SOROKIN,3,345312,31,43,28,5138,39,1,2016-12-18T14:53:04.000Z,st_petersburg,2016-12-18T00:00:00.000Z,51,Tug,St. Petersburg,1
59.88224,30.19497,0,0,88,9,SPB,RU,141,0,KAPITAN SOROKIN,3,345312,31,43,28,5138,39,1,2016-12-18T14:55:03.000Z,st_petersburg,2016-12-18T00:00:00.000Z,51,Tug,St. Petersburg,1
59.88224,30.19497,0,0,88,9,SPB,RU,141,0,KAPITAN SOROKIN,3,345312,31,43,28,5138,39,1,2016-12-18T14:55:04.000Z,st_petersburg,2016-12-18T00:00:00.000Z,51,Tug,St. Petersburg,1
59.88226,30.19501,0,0,88,3,SPB,RU,141,0,KAPITAN SOROKIN,3,345312,31,43,28,5138,39,1,2016-12-18T14:57:04.000Z,st_petersburg,2016-12-18T00:00:00.000Z,51,Tug,St. Petersburg,1
59.88226,30.19501,0,0,88,2,SPB,RU,141,0,KAPITAN SOROKIN,3,345312,31,43,28,5138,39,1,2016-12-18T14:57:05.000Z,st_petersburg,2016-12-18T00:00:00.000Z,51,Tug,St. Petersburg,1
59.88225,30.19497,0,0,88,2,SPB,RU,141,0,KAPITAN SOROKIN,3,345312,31,43,28,5138,39,1,2016-12-18T14:59:04.000Z,st_petersburg,2016-12-18T00:00:00.000Z,51,Tug,St. Petersburg,1
59.88226,30.19501,0,0,88,3,SPB,RU,141,0,KAPITAN SOROKIN,3,345312,31,43,28,5138,39,1,2016-12-18T14:59:04.000Z,st_petersburg,2016-12-18T00:00:00.000Z,51,Tug,St. Petersburg,1
59.88225,30.19497,0,0,88,3,SPB,RU,141,0,KAPITAN SOROKIN,3,345312,31,43,28,5138,39,1,2016-12-18T15:01:03.000Z,st_petersburg,2016-12-18T00:00:00.000Z,51,Tug,St. Petersburg,1
59.88225,30.19497,0,0,88,3,SPB,RU,141,0,KAPITAN SOROKIN,3,345312,31,43,28,5138,39,1,2016-12-18T15:01:04.000Z,st_petersburg,2016-12-18T00:00:00.000Z,51,Tug,St. Petersburg,1
59.88226,30.19497,0,0,88,3,SPB,RU,141,0,KAPITAN SOROKIN,3,345312,31,43,28,5138,39,1,2016-12-18T15:03:04.000Z,st_petersburg,2016-12-18T00:00:00.000Z,51,Tug,St. Petersburg,1
59.88226,30.19497,0,0,88,2,SPB,RU,141,0,KAPITAN SOROKIN,3,345312,31,43,28,5138,39,1,2016-12-18T15:03:05.000Z,st_petersburg,2016-12-18T00:00:00.000Z,51,Tug,St. Petersburg,1
59.88226,30.19497,0,0,88,5,SPB,RU,141,0,KAPITAN SOROKIN,3,345312,31,43,28,5138,39,1,2016-12-18T15:05:03.000Z,st_petersburg,2016-12-18T00:00:00.000Z,51,Tug,St. Petersburg,1
59.88226,30.19497,0,0,88,5,SPB,RU,141,0,KAPITAN SOROKIN,3,345312,31,43,28,5138,39,1,2016-12-18T15:05:04.000Z,st_petersburg,2016-12-18T00:00:00.000Z,51,Tug,St. Petersburg,1
59.88226,30.19497,0,0,88,7,SPB,RU,141,0,KAPITAN SOROKIN,3,345312,31,43,28,5138,39,1,2016-12-18T15:07:04.000Z,st_petersburg,2016-12-18T00:00:00.000Z,51,Tug,St. Petersburg,1
59.88226,30.19497,0,0,88,7,SPB,RU,141,0,KAPITAN SOROKIN,3,345312,31,43,28,5138,39,1,2016-12-18T15:07:04.000Z,st_petersburg,2016-12-18T00:00:00.000Z,51,Tug,St. Petersburg,1
59.88226,30.19497,0,0,88,9,SPB,RU,141,0,KAPITAN SOROKIN,3,345312,31,43,28,5138,39,1,2016-12-18T15:09:03.000Z,st_petersburg,2016-12-18T00:00:00.000Z,51,Tug,St. Petersburg,1
59.88226,30.19497,0,0,88,7,SPB,RU,141,0,KAPITAN SOROKIN,3,345312,31,43,28,5138,39,1,2016-12-18T15:09:04.000Z,st_petersburg,2016-12-18T00:00:00.000Z,51,Tug,St. Petersburg,1
59.88227,30.19498,0,0,88,3,SPB,RU,141,0,KAPITAN SOROKIN,3,345312,31,43,28,5138,39,1,2016-12-18T15:11:03.000Z,st_petersburg,2016-12-18T00:00:00.000Z,51,Tug,St. Petersburg,1
59.88227,30.19498,0,0,88,2,SPB,RU,141,0,KAPITAN SOROKIN,3,345312,31,43,28,5138,39,1,2016-12-18T15:11:04.000Z,st_petersburg,2016-12-18T00:00:00.000Z,51,Tug,St. Petersburg,1
59.88228,30.19495,0,0,88,2,SPB,RU,141,0,KAPITAN SOROKIN,3,345312,31,43,28,5138,39,1,2016-12-18T15:13:03.000Z,st_petersburg,2016-12-18T00:00:00.000Z,51,Tug,St. Petersburg,1
59.88228,30.19495,0,0,88,2,SPB,RU,141,0,KAPITAN SOROKIN,3,345312,31,43,28,5138,39,1,2016-12-18T15:13:04.000Z,st_petersburg,2016-12-18T00:00:00.000Z,51,Tug,St. Petersburg,1
59.88228,30.19495,0,0,88,3,SPB,RU,141,0,KAPITAN SOROKIN,3,345312,31,43,28,5138,39,1,2016-12-18T15:15:03.000Z,st_petersburg,2016-12-18T00:00:00.000Z,51,Tug,St. Petersburg,1
59.88228,30.19495,0,0,88,3,SPB,RU,141,0,KAPITAN SOROKIN,3,345312,31,43,28,5138,39,1,2016-12-18T15:15:04.000Z,st_petersburg,2016-12-18T00:00:00.000Z,51,Tug,St. Petersburg,1
59.88228,30.19495,0,0,88,5,SPB,RU,141,0,KAPITAN SOROKIN,3,345312,31,43,28,5138,39,1,2016-12-18T15:17:04.000Z,st_petersburg,2016-12-18T00:00:00.000Z,51,Tug,St. Petersburg,1
59.88228,30.19495,0,0,88,6,SPB,RU,141,0,KAPITAN SOROKIN,3,345312,31,43,28,5138,39,1,2016-12-18T15:17:05.000Z,st_petersburg,2016-12-18T00:00:00.000Z,51,Tug,St. Petersburg,1
59.88228,30.19495,0,0,88,8,SPB,RU,141,0,KAPITAN SOROKIN,3,345312,31,43,28,5138,39,1,2016-12-18T15:19:03.000Z,st_petersburg,2016-12-18T00:00:00.000Z,51,Tug,St. Petersburg,1
59.88228,30.19495,0,0,88,8,SPB,RU,141,0,KAPITAN SOROKIN,3,345312,31,43,28,5138,39,1,2016-12-18T15:19:04.000Z,st_petersburg,2016-12-18T00:00:00.000Z,51,Tug,St. Petersburg,1
59.88223,30.19498,0,0,88,2,SPB,RU,141,0,KAPITAN SOROKIN,3,345312,31,43,28,5138,39,1,2016-12-18T15:21:03.000Z,st_petersburg,2016-12-18T00:00:00.000Z,51,Tug,St. Petersburg,1
59.88223,30.19498,0,0,88,2,SPB,RU,141,0,KAPITAN SOROKIN,3,345312,31,43,28,5138,39,1,2016-12-18T15:21:04.000Z,st_petersburg,2016-12-18T00:00:00.000Z,51,Tug,St. Petersburg,1
59.88223,30.19498,0,0,88,4,SPB,RU,141,0,KAPITAN SOROKIN,3,345312,31,43,28,5138,39,1,2016-12-18T15:23:03.000Z,st_petersburg,2016-12-18T00:00:00.000Z,51,Tug,St. Petersburg,1
59.88223,30.19498,0,0,88,4,SPB,RU,141,0,KAPITAN SOROKIN,3,345312,31,43,28,5138,39,1,2016-12-18T15:23:04.000Z,st_petersburg,2016-12-18T00:00:00.000Z,51,Tug,St. Petersburg,1
59.88223,30.19496,0,0,88,2,SPB,RU,141,0,KAPITAN SOROKIN,3,345312,31,43,28,5138,39,1,2016-12-18T15:25:03.000Z,st_petersburg,2016-12-18T00:00:00.000Z,51,Tug,St. Petersburg,1
59.88223,30.19498,0,0,88,4,SPB,RU,141,0,KAPITAN SOROKIN,3,345312,31,43,28,5138,39,1,2016-12-18T15:25:04.000Z,st_petersburg,2016-12-18T00:00:00.000Z,51,Tug,St. Petersburg,1
59.88223,30.19494,0,0,88,2,SPB,RU,141,0,KAPITAN SOROKIN,3,345312,31,43,28,5138,39,1,2016-12-18T15:27:03.000Z,st_petersburg,2016-12-18T00:00:00.000Z,51,Tug,St. Petersburg,1
59.88223,30.19494,0,0,88,2,SPB,RU,141,0,KAPITAN SOROKIN,3,345312,31,43,28,5138,39,1,2016-12-18T15:27:05.000Z,st_petersburg,2016-12-18T00:00:00.000Z,51,Tug,St. Petersburg,1
59.88223,30.19494,0,0,88,4,SPB,RU,141,0,KAPITAN SOROKIN,3,345312,31,43,28,5138,39,1,2016-12-18T15:29:03.000Z,st_petersburg,2016-12-18T00:00:00.000Z,51,Tug,St. Petersburg,1
59.88223,30.19494,0,0,88,2,SPB,RU,141,0,KAPITAN SOROKIN,3,345312,31,43,28,5138,39,1,2016-12-18T15:29:04.000Z,st_petersburg,2016-12-18T00:00:00.000Z,51,Tug,St. Petersburg,1
59.88225,30.19492,0,0,88,2,SPB,RU,141,0,KAPITAN SOROKIN,3,345312,31,43,28,5138,39,1,2016-12-18T15:31:03.000Z,st_petersburg,2016-12-18T00:00:00.000Z,51,Tug,St. Petersburg,1
59.88225,30.19492,0,0,88,1,SPB,RU,141,0,KAPITAN SOROKIN,3,345312,31,43,28,5138,39,1,2016-12-18T15:31:04.000Z,st_petersburg,2016-12-18T00:00:00.000Z,51,Tug,St. Petersburg,1
59.88225,30.19492,0,0,88,5,SPB,RU,141,0,KAPITAN SOROKIN,3,345312,31,43,28,5138,39,1,2016-12-18T15:33:04.000Z,st_petersburg,2016-12-18T00:00:00.000Z,51,Tug,St. Petersburg,1
59.88225,30.19492,0,0,88,5,SPB,RU,141,0,KAPITAN SOROKIN,3,345312,31,43,28,5138,39,1,2016-12-18T15:33:05.000Z,st_petersburg,2016-12-18T00:00:00.000Z,51,Tug,St. Petersburg,1
59.88222,30.19489,0,0,88,3,SPB,RU,141,0,KAPITAN SOROKIN,3,345312,31,43,28,5138,39,1,2016-12-18T15:35:03.000Z,st_petersburg,2016-12-18T00:00:00.000Z,51,Tug,St. Petersburg,1
59.88225,30.19492,0,0,88,5,SPB,RU,141,0,KAPITAN SOROKIN,3,345312,31,43,28,5138,39,1,2016-12-18T15:35:04.000Z,st_petersburg,2016-12-18T00:00:00.000Z,51,Tug,St. Petersburg,1
59.88224,30.19495,0,0,88,2,SPB,RU,141,0,KAPITAN SOROKIN,3,345312,31,43,28,5138,39,1,2016-12-18T15:37:04.000Z,st_petersburg,2016-12-18T00:00:00.000Z,51,Tug,St. Petersburg,1
59.88224,30.19495,0,0,88,1,SPB,RU,141,0,KAPITAN SOROKIN,3,345312,31,43,28,5138,39,1,2016-12-18T15:37:04.000Z,st_petersburg,2016-12-18T00:00:00.000Z,51,Tug,St. Petersburg,1
59.88224,30.19495,0,0,88,4,SPB,RU,141,0,KAPITAN SOROKIN,3,345312,31,43,28,5138,39,1,2016-12-18T15:39:04.000Z,st_petersburg,2016-12-18T00:00:00.000Z,51,Tug,St. Petersburg,1
59.88224,30.19495,0,0,88,4,SPB,RU,141,0,KAPITAN SOROKIN,3,345312,31,43,28,5138,39,1,2016-12-18T15:39:05.000Z,st_petersburg,2016-12-18T00:00:00.000Z,51,Tug,St. Petersburg,1
59.88224,30.19495,0,0,88,6,SPB,RU,141,0,KAPITAN SOROKIN,3,345312,31,43,28,5138,39,1,2016-12-18T15:41:03.000Z,st_petersburg,2016-12-18T00:00:00.000Z,51,Tug,St. Petersburg,1
59.88224,30.19495,0,0,88,6,SPB,RU,141,0,KAPITAN SOROKIN,3,345312,31,43,28,5138,39,1,2016-12-18T15:41:04.000Z,st_petersburg,2016-12-18T00:00:00.000Z,51,Tug,St. Petersburg,1
59.88224,30.19495,0,0,88,6,SPB,RU,141,0,KAPITAN SOROKIN,3,345312,31,43,28,5138,39,1,2016-12-18T15:43:03.000Z,st_petersburg,2016-12-18T00:00:00.000Z,51,Tug,St. Petersburg,1
59.88224,30.19495,0,0,88,8,SPB,RU,141,0,KAPITAN SOROKIN,3,345312,31,43,28,5138,39,1,2016-12-18T15:43:04.000Z,st_petersburg,2016-12-18T00:00:00.000Z,51,Tug,St. Petersburg,1
59.88228,30.19497,0,0,88,2,SPB,RU,141,0,KAPITAN SOROKIN,3,345312,31,43,28,5138,39,1,2016-12-18T15:45:04.000Z,st_petersburg,2016-12-18T00:00:00.000Z,51,Tug,St. Petersburg,1
59.88228,30.19497,0,0,88,2,SPB,RU,141,0,KAPITAN SOROKIN,3,345312,31,43,28,5138,39,1,2016-12-18T15:45:05.000Z,st_petersburg,2016-12-18T00:00:00.000Z,51,Tug,St. Petersburg,1
59.88228,30.19497,0,0,88,4,SPB,RU,141,0,KAPITAN SOROKIN,3,345312,31,43,28,5138,39,1,2016-12-18T15:47:04.000Z,st_petersburg,2016-12-18T00:00:00.000Z,51,Tug,St. Petersburg,1
59.88228,30.19497,0,0,88,4,SPB,RU,141,0,KAPITAN SOROKIN,3,345312,31,43,28,5138,39,1,2016-12-18T15:47:04.000Z,st_petersburg,2016-12-18T00:00:00.000Z,51,Tug,St. Petersburg,1
59.88227,30.19494,0,0,88,3,SPB,RU,141,0,KAPITAN SOROKIN,3,345312,31,43,28,5138,39,1,2016-12-18T15:49:03.000Z,st_petersburg,2016-12-18T00:00:00.000Z,51,Tug,St. Petersburg,1
59.88228,30.19497,0,0,88,4,SPB,RU,141,0,KAPITAN SOROKIN,3,345312,31,43,28,5138,39,1,2016-12-18T15:49:04.000Z,st_petersburg,2016-12-18T00:00:00.000Z,51,Tug,St. Petersburg,1
59.88226,30.19494,0,0,88,2,SPB,RU,141,0,KAPITAN SOROKIN,3,345312,31,43,28,5138,39,1,2016-12-18T15:51:03.000Z,st_petersburg,2016-12-18T00:00:00.000Z,51,Tug,St. Petersburg,1
59.88227,30.19494,0,0,88,4,SPB,RU,141,0,KAPITAN SOROKIN,3,345312,31,43,28,5138,39,1,2016-12-18T15:51:04.000Z,st_petersburg,2016-12-18T00:00:00.000Z,51,Tug,St. Petersburg,1
59.88226,30.19494,0,0,88,4,SPB,RU,141,0,KAPITAN SOROKIN,3,345312,31,43,28,5138,39,1,2016-12-18T15:53:04.000Z,st_petersburg,2016-12-18T00:00:00.000Z,51,Tug,St. Petersburg,1
59.88226,30.19494,0,0,88,4,SPB,RU,141,0,KAPITAN SOROKIN,3,345312,31,43,28,5138,39,1,2016-12-18T15:53:04.000Z,st_petersburg,2016-12-18T00:00:00.000Z,51,Tug,St. Petersburg,1
59.88224,30.19491,1,0,88,3,SPB,RU,141,0,KAPITAN SOROKIN,3,345312,31,43,28,5138,39,1,2016-12-18T15:55:03.000Z,st_petersburg,2016-12-18T00:00:00.000Z,51,Tug,St. Petersburg,1
59.88224,30.19491,1,0,88,3,SPB,RU,141,0,KAPITAN SOROKIN,3,345312,31,43,28,5138,39,1,2016-12-18T15:55:05.000Z,st_petersburg,2016-12-18T00:00:00.000Z,51,Tug,St. Petersburg,1
59.88221,30.19491,0,0,88,2,SPB,RU,141,0,KAPITAN SOROKIN,3,345312,31,43,28,5138,39,1,2016-12-18T15:57:03.000Z,st_petersburg,2016-12-18T00:00:00.000Z,51,Tug,St. Petersburg,1
59.88221,30.19491,0,0,88,2,SPB,RU,141,0,KAPITAN SOROKIN,3,345312,31,43,28,5138,39,1,2016-12-18T15:57:04.000Z,st_petersburg,2016-12-18T00:00:00.000Z,51,Tug,St. Petersburg,1
59.88221,30.19491,0,0,88,4,SPB,RU,141,0,KAPITAN SOROKIN,3,345312,31,43,28,5138,39,1,2016-12-18T15:59:03.000Z,st_petersburg,2016-12-18T00:00:00.000Z,51,Tug,St. Petersburg,1
59.88221,30.19491,0,0,88,4,SPB,RU,141,0,KAPITAN SOROKIN,3,345312,31,43,28,5138,39,1,2016-12-18T15:59:04.000Z,st_petersburg,2016-12-18T00:00:00.000Z,51,Tug,St. Petersburg,1
59.88227,30.19496,0,0,88,3,SPB,RU,141,0,KAPITAN SOROKIN,3,345312,31,43,28,5138,39,1,2016-12-18T16:01:02.000Z,st_petersburg,2016-12-18T00:00:00.000Z,51,Tug,St. Petersburg,1
59.88227,30.19496,0,0,88,3,SPB,RU,141,0,KAPITAN SOROKIN,3,345312,31,43,28,5138,39,1,2016-12-18T16:01:03.000Z,st_petersburg,2016-12-18T00:00:00.000Z,51,Tug,St. Petersburg,1
59.88225,30.19494,0,0,88,2,SPB,RU,141,0,KAPITAN SOROKIN,3,345312,31,43,28,5138,39,1,2016-12-18T16:03:03.000Z,st_petersburg,2016-12-18T00:00:00.000Z,51,Tug,St. Petersburg,1
59.88225,30.19494,0,0,88,2,SPB,RU,141,0,KAPITAN SOROKIN,3,345312,31,43,28,5138,39,1,2016-12-18T16:03:04.000Z,st_petersburg,2016-12-18T00:00:00.000Z,51,Tug,St. Petersburg,1
59.88225,30.19494,0,0,88,4,SPB,RU,141,0,KAPITAN SOROKIN,3,345312,31,43,28,5138,39,1,2016-12-18T16:05:04.000Z,st_petersburg,2016-12-18T00:00:00.000Z,51,Tug,St. Petersburg,1
59.88225,30.19494,0,0,88,4,SPB,RU,141,0,KAPITAN SOROKIN,3,345312,31,43,28,5138,39,1,2016-12-18T16:05:05.000Z,st_petersburg,2016-12-18T00:00:00.000Z,51,Tug,St. Petersburg,1
59.88228,30.19495,0,0,88,3,SPB,RU,141,0,KAPITAN SOROKIN,3,345312,31,43,28,5138,39,1,2016-12-18T16:07:04.000Z,st_petersburg,2016-12-18T00:00:00.000Z,51,Tug,St. Petersburg,1
59.88228,30.19495,0,0,88,3,SPB,RU,141,0,KAPITAN SOROKIN,3,345312,31,43,28,5138,39,1,2016-12-18T16:07:05.000Z,st_petersburg,2016-12-18T00:00:00.000Z,51,Tug,St. Petersburg,1
59.88224,30.19494,0,0,88,2,SPB,RU,141,0,KAPITAN SOROKIN,3,345312,31,43,28,5138,39,1,2016-12-18T16:09:04.000Z,st_petersburg,2016-12-18T00:00:00.000Z,51,Tug,St. Petersburg,1
59.88224,30.19494,0,0,88,2,SPB,RU,141,0,KAPITAN SOROKIN,3,345312,31,43,28,5138,39,1,2016-12-18T16:09:05.000Z,st_petersburg,2016-12-18T00:00:00.000Z,51,Tug,St. Petersburg,1
59.88224,30.19494,0,0,88,4,SPB,RU,141,0,KAPITAN SOROKIN,3,345312,31,43,28,5138,39,1,2016-12-18T16:11:04.000Z,st_petersburg,2016-12-18T00:00:00.000Z,51,Tug,St. Petersburg,1
59.88224,30.19494,0,0,88,3,SPB,RU,141,0,KAPITAN SOROKIN,3,345312,31,43,28,5138,39,1,2016-12-18T16:11:05.000Z,st_petersburg,2016-12-18T00:00:00.000Z,51,Tug,St. Petersburg,1
59.88226,30.19497,0,0,88,3,SPB,RU,141,0,KAPITAN SOROKIN,3,345312,31,43,28,5138,39,1,2016-12-18T16:13:04.000Z,st_petersburg,2016-12-18T00:00:00.000Z,51,Tug,St. Petersburg,1
59.88226,30.19497,0,0,88,3,SPB,RU,141,0,KAPITAN SOROKIN,3,345312,31,43,28,5138,39,1,2016-12-18T16:13:05.000Z,st_petersburg,2016-12-18T00:00:00.000Z,51,Tug,St. Petersburg,1
59.88226,30.19497,0,0,88,5,SPB,RU,141,0,KAPITAN SOROKIN,3,345312,31,43,28,5138,39,1,2016-12-18T16:15:03.000Z,st_petersburg,2016-12-18T00:00:00.000Z,51,Tug,St. Petersburg,1
59.88226,30.19497,0,0,88,3,SPB,RU,141,0,KAPITAN SOROKIN,3,345312,31,43,28,5138,39,1,2016-12-18T16:15:04.000Z,st_petersburg,2016-12-18T00:00:00.000Z,51,Tug,St. Petersburg,1
59.88226,30.19497,0,0,88,7,SPB,RU,141,0,KAPITAN SOROKIN,3,345312,31,43,28,5138,39,1,2016-12-18T16:17:03.000Z,st_petersburg,2016-12-18T00:00:00.000Z,51,Tug,St. Petersburg,1
59.88226,30.19497,0,0,88,6,SPB,RU,141,0,KAPITAN SOROKIN,3,345312,31,43,28,5138,39,1,2016-12-18T16:17:04.000Z,st_petersburg,2016-12-18T00:00:00.000Z,51,Tug,St. Petersburg,1
59.88226,30.19497,0,0,88,9,SPB,RU,141,0,KAPITAN SOROKIN,3,345312,31,43,28,5138,39,1,2016-12-18T16:19:04.000Z,st_petersburg,2016-12-18T00:00:00.000Z,51,Tug,St. Petersburg,1
59.88226,30.19497,0,0,88,9,SPB,RU,141,0,KAPITAN SOROKIN,3,345312,31,43,28,5138,39,1,2016-12-18T16:19:04.000Z,st_petersburg,2016-12-18T00:00:00.000Z,51,Tug,St. Petersburg,1
59.88226,30.19497,0,0,88,11,SPB,RU,141,0,KAPITAN SOROKIN,3,345312,31,43,28,5138,39,1,2016-12-18T16:21:03.000Z,st_petersburg,2016-12-18T00:00:00.000Z,51,Tug,St. Petersburg,1
59.88226,30.19497,0,0,88,11,SPB,RU,141,0,KAPITAN SOROKIN,3,345312,31,43,28,5138,39,1,2016-12-18T16:21:04.000Z,st_petersburg,2016-12-18T00:00:00.000Z,51,Tug,St. Petersburg,1
59.88225,30.19497,0,0,88,2,SPB,RU,141,0,KAPITAN SOROKIN,3,345312,31,43,28,5138,39,1,2016-12-18T16:23:03.000Z,st_petersburg,2016-12-18T00:00:00.000Z,51,Tug,St. Petersburg,1
59.88225,30.19497,0,0,88,2,SPB,RU,141,0,KAPITAN SOROKIN,3,345312,31,43,28,5138,39,1,2016-12-18T16:23:04.000Z,st_petersburg,2016-12-18T00:00:00.000Z,51,Tug,St. Petersburg,1
59.88225,30.19497,0,0,88,4,SPB,RU,141,0,KAPITAN SOROKIN,3,345312,31,43,28,5138,39,1,2016-12-18T16:25:03.000Z,st_petersburg,2016-12-18T00:00:00.000Z,51,Tug,St. Petersburg,1
59.88225,30.19497,0,0,88,2,SPB,RU,141,0,KAPITAN SOROKIN,3,345312,31,43,28,5138,39,1,2016-12-18T16:25:04.000Z,st_petersburg,2016-12-18T00:00:00.000Z,51,Tug,St. Petersburg,1
59.88225,30.19497,0,0,88,6,SPB,RU,141,0,KAPITAN SOROKIN,3,345312,31,43,28,5138,39,1,2016-12-18T16:27:04.000Z,st_petersburg,2016-12-18T00:00:00.000Z,51,Tug,St. Petersburg,1
59.88225,30.19497,0,0,88,6,SPB,RU,141,0,KAPITAN SOROKIN,3,345312,31,43,28,5138,39,1,2016-12-18T16:27:04.000Z,st_petersburg,2016-12-18T00:00:00.000Z,51,Tug,St. Petersburg,1
59.88225,30.19497,0,0,88,7,SPB,RU,141,0,KAPITAN SOROKIN,3,345312,31,43,28,5138,39,1,2016-12-18T16:29:03.000Z,st_petersburg,2016-12-18T00:00:00.000Z,51,Tug,St. Petersburg,1
59.88225,30.19497,0,0,88,8,SPB,RU,141,0,KAPITAN SOROKIN,3,345312,31,43,28,5138,39,1,2016-12-18T16:29:04.000Z,st_petersburg,2016-12-18T00:00:00.000Z,51,Tug,St. Petersburg,1
59.88226,30.19493,0,0,88,2,SPB,RU,141,0,KAPITAN SOROKIN,3,345312,31,43,28,5138,39,1,2016-12-18T16:31:03.000Z,st_petersburg,2016-12-18T00:00:00.000Z,51,Tug,St. Petersburg,1
59.88226,30.19493,0,0,88,2,SPB,RU,141,0,KAPITAN SOROKIN,3,345312,31,43,28,5138,39,1,2016-12-18T16:31:04.000Z,st_petersburg,2016-12-18T00:00:00.000Z,51,Tug,St. Petersburg,1
59.88226,30.19493,0,0,88,4,SPB,RU,141,0,KAPITAN SOROKIN,3,345312,31,43,28,5138,39,1,2016-12-18T16:33:03.000Z,st_petersburg,2016-12-18T00:00:00.000Z,51,Tug,St. Petersburg,1
59.88226,30.19493,0,0,88,3,SPB,RU,141,0,KAPITAN SOROKIN,3,345312,31,43,28,5138,39,1,2016-12-18T16:33:04.000Z,st_petersburg,2016-12-18T00:00:00.000Z,51,Tug,St. Petersburg,1
59.88225,30.19494,0,0,88,3,SPB,RU,141,0,KAPITAN SOROKIN,3,345312,31,43,28,5138,39,1,2016-12-18T16:35:04.000Z,st_petersburg,2016-12-18T00:00:00.000Z,51,Tug,St. Petersburg,1
59.88225,30.19494,0,0,88,1,SPB,RU,141,0,KAPITAN SOROKIN,3,345312,31,43,28,5138,39,1,2016-12-18T16:35:04.000Z,st_petersburg,2016-12-18T00:00:00.000Z,51,Tug,St. Petersburg,1
59.88225,30.19493,0,0,88,2,SPB,RU,141,0,KAPITAN SOROKIN,3,345312,31,43,28,5138,39,1,2016-12-18T16:37:03.000Z,st_petersburg,2016-12-18T00:00:00.000Z,51,Tug,St. Petersburg,1
59.88225,30.19493,0,0,88,2,SPB,RU,141,0,KAPITAN SOROKIN,3,345312,31,43,28,5138,39,1,2016-12-18T16:37:04.000Z,st_petersburg,2016-12-18T00:00:00.000Z,51,Tug,St. Petersburg,1
59.88225,30.19493,0,0,88,4,SPB,RU,141,0,KAPITAN SOROKIN,3,345312,31,43,28,5138,39,1,2016-12-18T16:39:03.000Z,st_petersburg,2016-12-18T00:00:00.000Z,51,Tug,St. Petersburg,1
59.88225,30.19493,0,0,88,4,SPB,RU,141,0,KAPITAN SOROKIN,3,345312,31,43,28,5138,39,1,2016-12-18T16:39:04.000Z,st_petersburg,2016-12-18T00:00:00.000Z,51,Tug,St. Petersburg,1
59.88227,30.19495,1,0,88,3,SPB,RU,141,0,KAPITAN SOROKIN,3,345312,31,43,28,5138,39,1,2016-12-18T16:41:03.000Z,st_petersburg,2016-12-18T00:00:00.000Z,51,Tug,St. Petersburg,1
59.88225,30.19493,0,0,88,4,SPB,RU,141,0,KAPITAN SOROKIN,3,345312,31,43,28,5138,39,1,2016-12-18T16:41:04.000Z,st_petersburg,2016-12-18T00:00:00.000Z,51,Tug,St. Petersburg,1
59.88226,30.19495,0,0,88,2,SPB,RU,141,0,KAPITAN SOROKIN,3,345312,31,43,28,5138,39,1,2016-12-18T16:43:04.000Z,st_petersburg,2016-12-18T00:00:00.000Z,51,Tug,St. Petersburg,1
59.88226,30.19495,0,0,88,2,SPB,RU,141,0,KAPITAN SOROKIN,3,345312,31,43,28,5138,39,1,2016-12-18T16:43:05.000Z,st_petersburg,2016-12-18T00:00:00.000Z,51,Tug,St. Petersburg,1
59.88226,30.19495,0,0,88,4,SPB,RU,141,0,KAPITAN SOROKIN,3,345312,31,43,28,5138,39,1,2016-12-18T16:45:04.000Z,st_petersburg,2016-12-18T00:00:00.000Z,51,Tug,St. Petersburg,1
59.88226,30.19495,0,0,88,2,SPB,RU,141,0,KAPITAN SOROKIN,3,345312,31,43,28,5138,39,1,2016-12-18T16:45:05.000Z,st_petersburg,2016-12-18T00:00:00.000Z,51,Tug,St. Petersburg,1
59.88227,30.19497,0,0,88,3,SPB,RU,141,0,KAPITAN SOROKIN,3,345312,31,43,28,5138,39,1,2016-12-18T16:47:04.000Z,st_petersburg,2016-12-18T00:00:00.000Z,51,Tug,St. Petersburg,1
59.88227,30.19497,0,0,88,3,SPB,RU,141,0,KAPITAN SOROKIN,3,345312,31,43,28,5138,39,1,2016-12-18T16:47:05.000Z,st_petersburg,2016-12-18T00:00:00.000Z,51,Tug,St. Petersburg,1
59.88227,30.19495,0,0,88,2,SPB,RU,141,0,KAPITAN SOROKIN,3,345312,31,43,28,5138,39,1,2016-12-18T16:49:04.000Z,st_petersburg,2016-12-18T00:00:00.000Z,51,Tug,St. Petersburg,1
59.88227,30.19497,0,0,88,3,SPB,RU,141,0,KAPITAN SOROKIN,3,345312,31,43,28,5138,39,1,2016-12-18T16:49:04.000Z,st_petersburg,2016-12-18T00:00:00.000Z,51,Tug,St. Petersburg,1
59.88227,30.19495,0,0,88,4,SPB,RU,141,0,KAPITAN SOROKIN,3,345312,31,43,28,5138,39,1,2016-12-18T16:51:03.000Z,st_petersburg,2016-12-18T00:00:00.000Z,51,Tug,St. Petersburg,1
59.88227,30.19495,0,0,88,4,SPB,RU,141,0,KAPITAN SOROKIN,3,345312,31,43,28,5138,39,1,2016-12-18T16:51:04.000Z,st_petersburg,2016-12-18T00:00:00.000Z,51,Tug,St. Petersburg,1
59.88227,30.19495,0,0,88,6,SPB,RU,141,0,KAPITAN SOROKIN,3,345312,31,43,28,5138,39,1,2016-12-18T16:53:03.000Z,st_petersburg,2016-12-18T00:00:00.000Z,51,Tug,St. Petersburg,1
59.88227,30.19495,0,0,88,6,SPB,RU,141,0,KAPITAN SOROKIN,3,345312,31,43,28,5138,39,1,2016-12-18T16:53:04.000Z,st_petersburg,2016-12-18T00:00:00.000Z,51,Tug,St. Petersburg,1
59.88227,30.19495,0,0,88,8,SPB,RU,141,0,KAPITAN SOROKIN,3,345312,31,43,28,5138,39,1,2016-12-18T16:55:04.000Z,st_petersburg,2016-12-18T00:00:00.000Z,51,Tug,St. Petersburg,1
59.88227,30.19495,0,0,88,8,SPB,RU,141,0,KAPITAN SOROKIN,3,345312,31,43,28,5138,39,1,2016-12-18T16:55:05.000Z,st_petersburg,2016-12-18T00:00:00.000Z,51,Tug,St. Petersburg,1
59.88227,30.19495,0,0,88,8,SPB,RU,141,0,KAPITAN SOROKIN,3,345312,31,43,28,5138,39,1,2016-12-18T16:57:04.000Z,st_petersburg,2016-12-18T00:00:00.000Z,51,Tug,St. Petersburg,1
59.88228,30.19493,0,0,88,2,SPB,RU,141,0,KAPITAN SOROKIN,3,345312,31,43,28,5138,39,1,2016-12-18T16:57:04.000Z,st_petersburg,2016-12-18T00:00:00.000Z,51,Tug,St. Petersburg,1
59.88228,30.19493,0,0,88,4,SPB,RU,141,0,KAPITAN SOROKIN,3,345312,31,43,28,5138,39,1,2016-12-18T16:59:04.000Z,st_petersburg,2016-12-18T00:00:00.000Z,51,Tug,St. Petersburg,1
59.88228,30.19493,0,0,88,4,SPB,RU,141,0,KAPITAN SOROKIN,3,345312,31,43,28,5138,39,1,2016-12-18T16:59:05.000Z,st_petersburg,2016-12-18T00:00:00.000Z,51,Tug,St. Petersburg,1
59.88228,30.19495,0,0,88,3,SPB,RU,141,0,KAPITAN SOROKIN,3,345312,31,43,28,5138,39,1,2016-12-18T17:01:03.000Z,st_petersburg,2016-12-18T00:00:00.000Z,51,Tug,St. Petersburg,1
59.88228,30.19495,0,0,88,2,SPB,RU,141,0,KAPITAN SOROKIN,3,345312,31,43,28,5138,39,1,2016-12-18T17:01:04.000Z,st_petersburg,2016-12-18T00:00:00.000Z,51,Tug,St. Petersburg,1
59.88228,30.19495,0,0,88,5,SPB,RU,141,0,KAPITAN SOROKIN,3,345312,31,43,28,5138,39,1,2016-12-18T17:03:03.000Z,st_petersburg,2016-12-18T00:00:00.000Z,51,Tug,St. Petersburg,1
59.88228,30.19495,0,0,88,5,SPB,RU,141,0,KAPITAN SOROKIN,3,345312,31,43,28,5138,39,1,2016-12-18T17:03:05.000Z,st_petersburg,2016-12-18T00:00:00.000Z,51,Tug,St. Petersburg,1
59.88227,30.19493,0,0,88,3,SPB,RU,141,0,KAPITAN SOROKIN,3,345312,31,43,28,5138,39,1,2016-12-18T17:05:04.000Z,st_petersburg,2016-12-18T00:00:00.000Z,51,Tug,St. Petersburg,1
59.88227,30.19493,0,0,88,2,SPB,RU,141,0,KAPITAN SOROKIN,3,345312,31,43,28,5138,39,1,2016-12-18T17:05:05.000Z,st_petersburg,2016-12-18T00:00:00.000Z,51,Tug,St. Petersburg,1
59.88227,30.19493,0,0,88,3,SPB,RU,141,0,KAPITAN SOROKIN,3,345312,31,43,28,5138,39,1,2016-12-18T17:07:04.000Z,st_petersburg,2016-12-18T00:00:00.000Z,51,Tug,St. Petersburg,1
59.88224,30.19493,0,0,88,2,SPB,RU,141,0,KAPITAN SOROKIN,3,345312,31,43,28,5138,39,1,2016-12-18T17:07:04.000Z,st_petersburg,2016-12-18T00:00:00.000Z,51,Tug,St. Petersburg,1
59.88224,30.19493,0,0,88,4,SPB,RU,141,0,KAPITAN SOROKIN,3,345312,31,43,28,5138,39,1,2016-12-18T17:09:03.000Z,st_petersburg,2016-12-18T00:00:00.000Z,51,Tug,St. Petersburg,1
59.88224,30.19493,0,0,88,3,SPB,RU,141,0,KAPITAN SOROKIN,3,345312,31,43,28,5138,39,1,2016-12-18T17:09:04.000Z,st_petersburg,2016-12-18T00:00:00.000Z,51,Tug,St. Petersburg,1
59.88226,30.19488,0,0,88,3,SPB,RU,141,0,KAPITAN SOROKIN,3,345312,31,43,28,5138,39,1,2016-12-18T17:11:05.000Z,st_petersburg,2016-12-18T00:00:00.000Z,51,Tug,St. Petersburg,1
59.88226,30.19488,0,0,88,3,SPB,RU,141,0,KAPITAN SOROKIN,3,345312,31,43,28,5138,39,1,2016-12-18T17:11:06.000Z,st_petersburg,2016-12-18T00:00:00.000Z,51,Tug,St. Petersburg,1
59.88226,30.19488,0,0,88,5,SPB,RU,141,0,KAPITAN SOROKIN,3,345312,31,43,28,5138,39,1,2016-12-18T17:13:04.000Z,st_petersburg,2016-12-18T00:00:00.000Z,51,Tug,St. Petersburg,1
59.88226,30.19488,0,0,88,5,SPB,RU,141,0,KAPITAN SOROKIN,3,345312,31,43,28,5138,39,1,2016-12-18T17:13:05.000Z,st_petersburg,2016-12-18T00:00:00.000Z,51,Tug,St. Petersburg,1
59.88226,30.19488,0,0,88,7,SPB,RU,141,0,KAPITAN SOROKIN,3,345312,31,43,28,5138,39,1,2016-12-18T17:15:03.000Z,st_petersburg,2016-12-18T00:00:00.000Z,51,Tug,St. Petersburg,1
59.88226,30.19488,0,0,88,7,SPB,RU,141,0,KAPITAN SOROKIN,3,345312,31,43,28,5138,39,1,2016-12-18T17:15:04.000Z,st_petersburg,2016-12-18T00:00:00.000Z,51,Tug,St. Petersburg,1
59.88226,30.19488,0,0,88,9,SPB,RU,141,0,KAPITAN SOROKIN,3,345312,31,43,28,5138,39,1,2016-12-18T17:17:03.000Z,st_petersburg,2016-12-18T00:00:00.000Z,51,Tug,St. Petersburg,1
59.88226,30.19488,0,0,88,9,SPB,RU,141,0,KAPITAN SOROKIN,3,345312,31,43,28,5138,39,1,2016-12-18T17:17:04.000Z,st_petersburg,2016-12-18T00:00:00.000Z,51,Tug,St. Petersburg,1
59.88224,30.19495,0,0,88,3,SPB,RU,141,0,KAPITAN SOROKIN,3,345312,31,43,28,5138,39,1,2016-12-18T17:19:03.000Z,st_petersburg,2016-12-18T00:00:00.000Z,51,Tug,St. Petersburg,1
59.88224,30.19495,0,0,88,3,SPB,RU,141,0,KAPITAN SOROKIN,3,345312,31,43,28,5138,39,1,2016-12-18T17:19:04.000Z,st_petersburg,2016-12-18T00:00:00.000Z,51,Tug,St. Petersburg,1
59.88228,30.19495,0,0,88,2,SPB,RU,141,0,KAPITAN SOROKIN,3,345312,31,43,28,5138,39,1,2016-12-18T17:21:03.000Z,st_petersburg,2016-12-18T00:00:00.000Z,51,Tug,St. Petersburg,1
59.88228,30.19495,0,0,88,2,SPB,RU,141,0,KAPITAN SOROKIN,3,345312,31,43,28,5138,39,1,2016-12-18T17:21:04.000Z,st_petersburg,2016-12-18T00:00:00.000Z,51,Tug,St. Petersburg,1
59.88228,30.19495,0,0,88,4,SPB,RU,141,0,KAPITAN SOROKIN,3,345312,31,43,28,5138,39,1,2016-12-18T17:23:04.000Z,st_petersburg,2016-12-18T00:00:00.000Z,51,Tug,St. Petersburg,1
59.88228,30.19495,0,0,88,4,SPB,RU,141,0,KAPITAN SOROKIN,3,345312,31,43,28,5138,39,1,2016-12-18T17:23:05.000Z,st_petersburg,2016-12-18T00:00:00.000Z,51,Tug,St. Petersburg,1
59.88227,30.19493,0,0,88,3,SPB,RU,141,0,KAPITAN SOROKIN,3,345312,31,43,28,5138,39,1,2016-12-18T17:25:03.000Z,st_petersburg,2016-12-18T00:00:00.000Z,51,Tug,St. Petersburg,1
59.88228,30.19495,0,0,88,4,SPB,RU,141,0,KAPITAN SOROKIN,3,345312,31,43,28,5138,39,1,2016-12-18T17:25:04.000Z,st_petersburg,2016-12-18T00:00:00.000Z,51,Tug,St. Petersburg,1
59.88227,30.19493,0,0,88,5,SPB,RU,141,0,KAPITAN SOROKIN,3,345312,31,43,28,5138,39,1,2016-12-18T17:27:03.000Z,st_petersburg,2016-12-18T00:00:00.000Z,51,Tug,St. Petersburg,1
59.88227,30.19493,0,0,88,5,SPB,RU,141,0,KAPITAN SOROKIN,3,345312,31,43,28,5138,39,1,2016-12-18T17:27:04.000Z,st_petersburg,2016-12-18T00:00:00.000Z,51,Tug,St. Petersburg,1
59.88227,30.19495,0,0,88,3,SPB,RU,141,0,KAPITAN SOROKIN,3,345312,31,43,28,5138,39,1,2016-12-18T17:29:04.000Z,st_petersburg,2016-12-18T00:00:00.000Z,51,Tug,St. Petersburg,1
59.88227,30.19495,0,0,88,3,SPB,RU,141,0,KAPITAN SOROKIN,3,345312,31,43,28,5138,39,1,2016-12-18T17:29:04.000Z,st_petersburg,2016-12-18T00:00:00.000Z,51,Tug,St. Petersburg,1
59.88227,30.19497,0,0,88,2,SPB,RU,141,0,KAPITAN SOROKIN,3,345312,31,43,28,5138,39,1,2016-12-18T17:31:03.000Z,st_petersburg,2016-12-18T00:00:00.000Z,51,Tug,St. Petersburg,1
59.88227,30.19497,0,0,88,2,SPB,RU,141,0,KAPITAN SOROKIN,3,345312,31,43,28,5138,39,1,2016-12-18T17:31:04.000Z,st_petersburg,2016-12-18T00:00:00.000Z,51,Tug,St. Petersburg,1
59.88227,30.19497,0,0,88,4,SPB,RU,141,0,KAPITAN SOROKIN,3,345312,31,43,28,5138,39,1,2016-12-18T17:33:04.000Z,st_petersburg,2016-12-18T00:00:00.000Z,51,Tug,St. Petersburg,1
59.88227,30.19497,0,0,88,4,SPB,RU,141,0,KAPITAN SOROKIN,3,345312,31,43,28,5138,39,1,2016-12-18T17:33:04.000Z,st_petersburg,2016-12-18T00:00:00.000Z,51,Tug,St. Petersburg,1
59.88228,30.19497,0,0,88,3,SPB,RU,141,0,KAPITAN SOROKIN,3,345312,31,43,28,5138,39,1,2016-12-18T17:35:04.000Z,st_petersburg,2016-12-18T00:00:00.000Z,51,Tug,St. Petersburg,1
59.88228,30.19497,0,0,88,3,SPB,RU,141,0,KAPITAN SOROKIN,3,345312,31,43,28,5138,39,1,2016-12-18T17:35:05.000Z,st_petersburg,2016-12-18T00:00:00.000Z,51,Tug,St. Petersburg,1
59.88225,30.19494,0,0,88,2,SPB,RU,141,0,KAPITAN SOROKIN,3,345312,31,43,28,5138,39,1,2016-12-18T17:37:04.000Z,st_petersburg,2016-12-18T00:00:00.000Z,51,Tug,St. Petersburg,1
59.88225,30.19494,0,0,88,2,SPB,RU,141,0,KAPITAN SOROKIN,3,345312,31,43,28,5138,39,1,2016-12-18T17:37:05.000Z,st_petersburg,2016-12-18T00:00:00.000Z,51,Tug,St. Petersburg,1
59.88225,30.19494,0,0,88,4,SPB,RU,141,0,KAPITAN SOROKIN,3,345312,31,43,28,5138,39,1,2016-12-18T17:39:03.000Z,st_petersburg,2016-12-18T00:00:00.000Z,51,Tug,St. Petersburg,1
59.88225,30.19494,0,0,88,3,SPB,RU,141,0,KAPITAN SOROKIN,3,345312,31,43,28,5138,39,1,2016-12-18T17:39:04.000Z,st_petersburg,2016-12-18T00:00:00.000Z,51,Tug,St. Petersburg,1
59.88225,30.19494,0,0,88,6,SPB,RU,141,0,KAPITAN SOROKIN,3,345312,31,43,28,5138,39,1,2016-12-18T17:41:04.000Z,st_petersburg,2016-12-18T00:00:00.000Z,51,Tug,St. Petersburg,1
59.88225,30.19494,0,0,88,5,SPB,RU,141,0,KAPITAN SOROKIN,3,345312,31,43,28,5138,39,1,2016-12-18T17:41:05.000Z,st_petersburg,2016-12-18T00:00:00.000Z,51,Tug,St. Petersburg,1
59.88225,30.19494,0,0,88,8,SPB,RU,141,0,KAPITAN SOROKIN,3,345312,31,43,28,5138,39,1,2016-12-18T17:43:03.000Z,st_petersburg,2016-12-18T00:00:00.000Z,51,Tug,St. Petersburg,1
59.88225,30.19494,0,0,88,8,SPB,RU,141,0,KAPITAN SOROKIN,3,345312,31,43,28,5138,39,1,2016-12-18T17:43:04.000Z,st_petersburg,2016-12-18T00:00:00.000Z,51,Tug,St. Petersburg,1
59.88226,30.19495,0,0,88,2,SPB,RU,141,0,KAPITAN SOROKIN,3,345312,31,43,28,5138,39,1,2016-12-18T17:45:04.000Z,st_petersburg,2016-12-18T00:00:00.000Z,51,Tug,St. Petersburg,1
59.88226,30.19495,0,0,88,2,SPB,RU,141,0,KAPITAN SOROKIN,3,345312,31,43,28,5138,39,1,2016-12-18T17:45:05.000Z,st_petersburg,2016-12-18T00:00:00.000Z,51,Tug,St. Petersburg,1
59.88226,30.19495,0,0,88,4,SPB,RU,141,0,KAPITAN SOROKIN,3,345312,31,43,28,5138,39,1,2016-12-18T17:47:03.000Z,st_petersburg,2016-12-18T00:00:00.000Z,51,Tug,St. Petersburg,1
59.88226,30.19495,0,0,88,2,SPB,RU,141,0,KAPITAN SOROKIN,3,345312,31,43,28,5138,39,1,2016-12-18T17:47:04.000Z,st_petersburg,2016-12-18T00:00:00.000Z,51,Tug,St. Petersburg,1
59.88224,30.19495,0,0,88,2,SPB,RU,141,0,KAPITAN SOROKIN,3,345312,31,43,28,5138,39,1,2016-12-18T17:49:04.000Z,st_petersburg,2016-12-18T00:00:00.000Z,51,Tug,St. Petersburg,1
59.88224,30.19495,0,0,88,3,SPB,RU,141,0,KAPITAN SOROKIN,3,345312,31,43,28,5138,39,1,2016-12-18T17:49:04.000Z,st_petersburg,2016-12-18T00:00:00.000Z,51,Tug,St. Petersburg,1
59.88224,30.19495,0,0,88,5,SPB,RU,141,0,KAPITAN SOROKIN,3,345312,31,43,28,5138,39,1,2016-12-18T17:51:03.000Z,st_petersburg,2016-12-18T00:00:00.000Z,51,Tug,St. Petersburg,1
59.88224,30.19495,0,0,88,4,SPB,RU,141,0,KAPITAN SOROKIN,3,345312,31,43,28,5138,39,1,2016-12-18T17:51:04.000Z,st_petersburg,2016-12-18T00:00:00.000Z,51,Tug,St. Petersburg,1
59.88223,30.19497,0,0,88,2,SPB,RU,141,0,KAPITAN SOROKIN,3,345312,31,43,28,5138,39,1,2016-12-18T17:53:03.000Z,st_petersburg,2016-12-18T00:00:00.000Z,51,Tug,St. Petersburg,1
59.88223,30.19497,0,0,88,3,SPB,RU,141,0,KAPITAN SOROKIN,3,345312,31,43,28,5138,39,1,2016-12-18T17:53:04.000Z,st_petersburg,2016-12-18T00:00:00.000Z,51,Tug,St. Petersburg,1
59.88229,30.19497,0,0,88,2,SPB,RU,141,0,KAPITAN SOROKIN,3,345312,31,43,28,5138,39,1,2016-12-18T17:55:04.000Z,st_petersburg,2016-12-18T00:00:00.000Z,51,Tug,St. Petersburg,1
59.88229,30.19497,0,0,88,2,SPB,RU,141,0,KAPITAN SOROKIN,3,345312,31,43,28,5138,39,1,2016-12-18T17:55:04.000Z,st_petersburg,2016-12-18T00:00:00.000Z,51,Tug,St. Petersburg,1
59.88229,30.19497,0,0,88,4,SPB,RU,141,0,KAPITAN SOROKIN,3,345312,31,43,28,5138,39,1,2016-12-18T17:57:03.000Z,st_petersburg,2016-12-18T00:00:00.000Z,51,Tug,St. Petersburg,1
59.88229,30.19497,0,0,88,4,SPB,RU,141,0,KAPITAN SOROKIN,3,345312,31,43,28,5138,39,1,2016-12-18T17:57:06.000Z,st_petersburg,2016-12-18T00:00:00.000Z,51,Tug,St. Petersburg,1
59.88229,30.19494,0,0,88,3,SPB,RU,141,0,KAPITAN SOROKIN,3,345312,31,43,28,5138,39,1,2016-12-18T17:59:04.000Z,st_petersburg,2016-12-18T00:00:00.000Z,51,Tug,St. Petersburg,1
59.88229,30.19494,0,0,88,3,SPB,RU,141,0,KAPITAN SOROKIN,3,345312,31,43,28,5138,39,1,2016-12-18T17:59:04.000Z,st_petersburg,2016-12-18T00:00:00.000Z,51,Tug,St. Petersburg,1
59.88229,30.19494,0,0,88,3,SPB,RU,141,0,KAPITAN SOROKIN,3,345312,31,43,28,5138,39,1,2016-12-18T18:01:03.000Z,st_petersburg,2016-12-18T00:00:00.000Z,51,Tug,St. Petersburg,1
59.88229,30.19494,0,0,88,5,SPB,RU,141,0,KAPITAN SOROKIN,3,345312,31,43,28,5138,39,1,2016-12-18T18:01:04.000Z,st_petersburg,2016-12-18T00:00:00.000Z,51,Tug,St. Petersburg,1
59.88229,30.19494,0,0,88,7,SPB,RU,141,0,KAPITAN SOROKIN,3,345312,31,43,28,5138,39,1,2016-12-18T18:03:03.000Z,st_petersburg,2016-12-18T00:00:00.000Z,51,Tug,St. Petersburg,1
59.88229,30.19494,0,0,88,7,SPB,RU,141,0,KAPITAN SOROKIN,3,345312,31,43,28,5138,39,1,2016-12-18T18:03:04.000Z,st_petersburg,2016-12-18T00:00:00.000Z,51,Tug,St. Petersburg,1
59.88229,30.19494,0,0,88,9,SPB,RU,141,0,KAPITAN SOROKIN,3,345312,31,43,28,5138,39,1,2016-12-18T18:05:03.000Z,st_petersburg,2016-12-18T00:00:00.000Z,51,Tug,St. Petersburg,1
59.88229,30.19494,0,0,88,9,SPB,RU,141,0,KAPITAN SOROKIN,3,345312,31,43,28,5138,39,1,2016-12-18T18:05:04.000Z,st_petersburg,2016-12-18T00:00:00.000Z,51,Tug,St. Petersburg,1
59.88227,30.19495,0,0,88,3,SPB,RU,141,0,KAPITAN SOROKIN,3,345312,31,43,28,5138,39,1,2016-12-18T18:07:05.000Z,st_petersburg,2016-12-18T00:00:00.000Z,51,Tug,St. Petersburg,1
59.88227,30.19495,0,0,88,2,SPB,RU,141,0,KAPITAN SOROKIN,3,345312,31,43,28,5138,39,1,2016-12-18T18:07:06.000Z,st_petersburg,2016-12-18T00:00:00.000Z,51,Tug,St. Petersburg,1
59.88227,30.19494,0,0,88,2,SPB,RU,141,0,KAPITAN SOROKIN,3,345312,31,43,28,5138,39,1,2016-12-18T18:09:03.000Z,st_petersburg,2016-12-18T00:00:00.000Z,51,Tug,St. Petersburg,1
59.88227,30.19494,0,0,88,2,SPB,RU,141,0,KAPITAN SOROKIN,3,345312,31,43,28,5138,39,1,2016-12-18T18:09:04.000Z,st_petersburg,2016-12-18T00:00:00.000Z,51,Tug,St. Petersburg,1
59.88227,30.19494,0,0,88,4,SPB,RU,141,0,KAPITAN SOROKIN,3,345312,31,43,28,5138,39,1,2016-12-18T18:11:04.000Z,st_petersburg,2016-12-18T00:00:00.000Z,51,Tug,St. Petersburg,1
59.88227,30.19494,0,0,88,2,SPB,RU,141,0,KAPITAN SOROKIN,3,345312,31,43,28,5138,39,1,2016-12-18T18:11:05.000Z,st_petersburg,2016-12-18T00:00:00.000Z,51,Tug,St. Petersburg,1
59.88227,30.19494,0,0,88,6,SPB,RU,141,0,KAPITAN SOROKIN,3,345312,31,43,28,5138,39,1,2016-12-18T18:13:03.000Z,st_petersburg,2016-12-18T00:00:00.000Z,51,Tug,St. Petersburg,1
59.88227,30.19494,0,0,88,6,SPB,RU,141,0,KAPITAN SOROKIN,3,345312,31,43,28,5138,39,1,2016-12-18T18:13:04.000Z,st_petersburg,2016-12-18T00:00:00.000Z,51,Tug,St. Petersburg,1
59.88227,30.19494,0,0,88,8,SPB,RU,141,0,KAPITAN SOROKIN,3,345312,31,43,28,5138,39,1,2016-12-18T18:15:19.000Z,st_petersburg,2016-12-18T00:00:00.000Z,51,Tug,St. Petersburg,1
59.88223,30.19495,0,0,88,2,SPB,RU,141,0,KAPITAN SOROKIN,3,345312,31,43,28,5138,39,1,2016-12-18T18:17:04.000Z,st_petersburg,2016-12-18T00:00:00.000Z,51,Tug,St. Petersburg,1
59.88223,30.19495,0,0,88,2,SPB,RU,141,0,KAPITAN SOROKIN,3,345312,31,43,28,5138,39,1,2016-12-18T18:17:05.000Z,st_petersburg,2016-12-18T00:00:00.000Z,51,Tug,St. Petersburg,1
59.88223,30.19495,0,0,88,2,SPB,RU,141,0,KAPITAN SOROKIN,3,345312,31,43,28,5138,39,1,2016-12-18T18:19:03.000Z,st_petersburg,2016-12-18T00:00:00.000Z,51,Tug,St. Petersburg,1
59.88223,30.19495,0,0,88,2,SPB,RU,141,0,KAPITAN SOROKIN,3,345312,31,43,28,5138,39,1,2016-12-18T18:19:04.000Z,st_petersburg,2016-12-18T00:00:00.000Z,51,Tug,St. Petersburg,1
59.88223,30.19495,0,0,88,6,SPB,RU,141,0,KAPITAN SOROKIN,3,345312,31,43,28,5138,39,1,2016-12-18T18:21:04.000Z,st_petersburg,2016-12-18T00:00:00.000Z,51,Tug,St. Petersburg,1
59.88223,30.19495,0,0,88,6,SPB,RU,141,0,KAPITAN SOROKIN,3,345312,31,43,28,5138,39,1,2016-12-18T18:21:05.000Z,st_petersburg,2016-12-18T00:00:00.000Z,51,Tug,St. Petersburg,1
59.88223,30.19495,0,0,88,6,SPB,RU,141,0,KAPITAN SOROKIN,3,345312,31,43,28,5138,39,1,2016-12-18T18:23:03.000Z,st_petersburg,2016-12-18T00:00:00.000Z,51,Tug,St. Petersburg,1
59.88223,30.19495,0,0,88,8,SPB,RU,141,0,KAPITAN SOROKIN,3,345312,31,43,28,5138,39,1,2016-12-18T18:23:04.000Z,st_petersburg,2016-12-18T00:00:00.000Z,51,Tug,St. Petersburg,1
59.88226,30.19495,0,0,88,2,SPB,RU,141,0,KAPITAN SOROKIN,3,345312,31,43,28,5138,39,1,2016-12-18T18:25:03.000Z,st_petersburg,2016-12-18T00:00:00.000Z,51,Tug,St. Petersburg,1
59.88223,30.19495,0,0,88,9,SPB,RU,141,0,KAPITAN SOROKIN,3,345312,31,43,28,5138,39,1,2016-12-18T18:25:04.000Z,st_petersburg,2016-12-18T00:00:00.000Z,51,Tug,St. Petersburg,1
59.88226,30.19495,0,0,88,4,SPB,RU,141,0,KAPITAN SOROKIN,3,345312,31,43,28,5138,39,1,2016-12-18T18:27:03.000Z,st_petersburg,2016-12-18T00:00:00.000Z,51,Tug,St. Petersburg,1
59.88226,30.19495,0,0,88,4,SPB,RU,141,0,KAPITAN SOROKIN,3,345312,31,43,28,5138,39,1,2016-12-18T18:27:04.000Z,st_petersburg,2016-12-18T00:00:00.000Z,51,Tug,St. Petersburg,1
59.88226,30.19495,0,0,88,6,SPB,RU,141,0,KAPITAN SOROKIN,3,345312,31,43,28,5138,39,1,2016-12-18T18:29:04.000Z,st_petersburg,2016-12-18T00:00:00.000Z,51,Tug,St. Petersburg,1
59.88226,30.19495,0,0,88,6,SPB,RU,141,0,KAPITAN SOROKIN,3,345312,31,43,28,5138,39,1,2016-12-18T18:29:05.000Z,st_petersburg,2016-12-18T00:00:00.000Z,51,Tug,St. Petersburg,1
59.88226,30.19495,0,0,88,8,SPB,RU,141,0,KAPITAN SOROKIN,3,345312,31,43,28,5138,39,1,2016-12-18T18:31:04.000Z,st_petersburg,2016-12-18T00:00:00.000Z,51,Tug,St. Petersburg,1
59.88226,30.19495,0,0,88,7,SPB,RU,141,0,KAPITAN SOROKIN,3,345312,31,43,28,5138,39,1,2016-12-18T18:31:05.000Z,st_petersburg,2016-12-18T00:00:00.000Z,51,Tug,St. Petersburg,1
59.88227,30.19495,0,0,88,2,SPB,RU,141,0,KAPITAN SOROKIN,3,345312,31,43,28,5138,39,1,2016-12-18T18:33:03.000Z,st_petersburg,2016-12-18T00:00:00.000Z,51,Tug,St. Petersburg,1
59.88226,30.19495,0,0,88,8,SPB,RU,141,0,KAPITAN SOROKIN,3,345312,31,43,28,5138,39,1,2016-12-18T18:33:05.000Z,st_petersburg,2016-12-18T00:00:00.000Z,51,Tug,St. Petersburg,1
59.88227,30.19495,0,0,88,4,SPB,RU,141,0,KAPITAN SOROKIN,3,345312,31,43,28,5138,39,1,2016-12-18T18:35:04.000Z,st_petersburg,2016-12-18T00:00:00.000Z,51,Tug,St. Petersburg,1
59.88227,30.19495,0,0,88,4,SPB,RU,141,0,KAPITAN SOROKIN,3,345312,31,43,28,5138,39,1,2016-12-18T18:35:05.000Z,st_petersburg,2016-12-18T00:00:00.000Z,51,Tug,St. Petersburg,1
59.88227,30.1949,0,0,88,3,SPB,RU,141,0,KAPITAN SOROKIN,3,345312,31,43,28,5138,39,1,2016-12-18T18:37:04.000Z,st_petersburg,2016-12-18T00:00:00.000Z,51,Tug,St. Petersburg,1
59.88227,30.1949,0,0,88,3,SPB,RU,141,0,KAPITAN SOROKIN,3,345312,31,43,28,5138,39,1,2016-12-18T18:37:05.000Z,st_petersburg,2016-12-18T00:00:00.000Z,51,Tug,St. Petersburg,1
59.88227,30.19494,0,0,88,2,SPB,RU,141,0,KAPITAN SOROKIN,3,345312,31,43,28,5138,39,1,2016-12-18T18:39:02.000Z,st_petersburg,2016-12-18T00:00:00.000Z,51,Tug,St. Petersburg,1
59.88227,30.19494,0,0,88,2,SPB,RU,141,0,KAPITAN SOROKIN,3,345312,31,43,28,5138,39,1,2016-12-18T18:39:03.000Z,st_petersburg,2016-12-18T00:00:00.000Z,51,Tug,St. Petersburg,1
59.88227,30.19494,0,0,88,4,SPB,RU,141,0,KAPITAN SOROKIN,3,345312,31,43,28,5138,39,1,2016-12-18T18:41:03.000Z,st_petersburg,2016-12-18T00:00:00.000Z,51,Tug,St. Petersburg,1
59.88227,30.19494,0,0,88,4,SPB,RU,141,0,KAPITAN SOROKIN,3,345312,31,43,28,5138,39,1,2016-12-18T18:41:04.000Z,st_petersburg,2016-12-18T00:00:00.000Z,51,Tug,St. Petersburg,1
59.88227,30.19494,0,0,88,6,SPB,RU,141,0,KAPITAN SOROKIN,3,345312,31,43,28,5138,39,1,2016-12-18T18:43:03.000Z,st_petersburg,2016-12-18T00:00:00.000Z,51,Tug,St. Petersburg,1
59.88227,30.19494,0,0,88,6,SPB,RU,141,0,KAPITAN SOROKIN,3,345312,31,43,28,5138,39,1,2016-12-18T18:43:04.000Z,st_petersburg,2016-12-18T00:00:00.000Z,51,Tug,St. Petersburg,1
59.88227,30.19494,0,0,88,8,SPB,RU,141,0,KAPITAN SOROKIN,3,345312,31,43,28,5138,39,1,2016-12-18T18:45:04.000Z,st_petersburg,2016-12-18T00:00:00.000Z,51,Tug,St. Petersburg,1
59.88227,30.19494,0,0,88,8,SPB,RU,141,0,KAPITAN SOROKIN,3,345312,31,43,28,5138,39,1,2016-12-18T18:45:04.000Z,st_petersburg,2016-12-18T00:00:00.000Z,51,Tug,St. Petersburg,1
59.88226,30.19495,0,0,88,2,SPB,RU,141,0,KAPITAN SOROKIN,3,345312,31,43,28,5138,39,1,2016-12-18T18:47:03.000Z,st_petersburg,2016-12-18T00:00:00.000Z,51,Tug,St. Petersburg,1
59.88227,30.19494,0,0,88,9,SPB,RU,141,0,KAPITAN SOROKIN,3,345312,31,43,28,5138,39,1,2016-12-18T18:47:04.000Z,st_petersburg,2016-12-18T00:00:00.000Z,51,Tug,St. Petersburg,1
59.88226,30.19495,0,0,88,4,SPB,RU,141,0,KAPITAN SOROKIN,3,345312,31,43,28,5138,39,1,2016-12-18T18:49:03.000Z,st_petersburg,2016-12-18T00:00:00.000Z,51,Tug,St. Petersburg,1
59.88226,30.19495,0,0,88,4,SPB,RU,141,0,KAPITAN SOROKIN,3,345312,31,43,28,5138,39,1,2016-12-18T18:49:04.000Z,st_petersburg,2016-12-18T00:00:00.000Z,51,Tug,St. Petersburg,1
59.88226,30.19495,0,0,88,6,SPB,RU,141,0,KAPITAN SOROKIN,3,345312,31,43,28,5138,39,1,2016-12-18T18:51:03.000Z,st_petersburg,2016-12-18T00:00:00.000Z,51,Tug,St. Petersburg,1
59.88226,30.19495,0,0,88,6,SPB,RU,141,0,KAPITAN SOROKIN,3,345312,31,43,28,5138,39,1,2016-12-18T18:51:04.000Z,st_petersburg,2016-12-18T00:00:00.000Z,51,Tug,St. Petersburg,1
59.88226,30.19495,0,0,88,8,SPB,RU,141,0,KAPITAN SOROKIN,3,345312,31,43,28,5138,39,1,2016-12-18T18:53:03.000Z,st_petersburg,2016-12-18T00:00:00.000Z,51,Tug,St. Petersburg,1
59.88226,30.19495,0,0,88,6,SPB,RU,141,0,KAPITAN SOROKIN,3,345312,31,43,28,5138,39,1,2016-12-18T18:53:04.000Z,st_petersburg,2016-12-18T00:00:00.000Z,51,Tug,St. Petersburg,1
59.88224,30.19498,0,0,88,2,SPB,RU,141,0,KAPITAN SOROKIN,3,345312,31,43,28,5138,39,1,2016-12-18T18:55:03.000Z,st_petersburg,2016-12-18T00:00:00.000Z,51,Tug,St. Petersburg,1
59.88226,30.19495,0,0,88,8,SPB,RU,141,0,KAPITAN SOROKIN,3,345312,31,43,28,5138,39,1,2016-12-18T18:55:04.000Z,st_petersburg,2016-12-18T00:00:00.000Z,51,Tug,St. Petersburg,1
59.88224,30.19498,0,0,88,4,SPB,RU,141,0,KAPITAN SOROKIN,3,345312,31,43,28,5138,39,1,2016-12-18T18:57:04.000Z,st_petersburg,2016-12-18T00:00:00.000Z,51,Tug,St. Petersburg,1
59.88224,30.19498,0,0,88,4,SPB,RU,141,0,KAPITAN SOROKIN,3,345312,31,43,28,5138,39,1,2016-12-18T18:57:05.000Z,st_petersburg,2016-12-18T00:00:00.000Z,51,Tug,St. Petersburg,1
59.88224,30.19498,0,0,88,6,SPB,RU,141,0,KAPITAN SOROKIN,3,345312,31,43,28,5138,39,1,2016-12-18T18:59:03.000Z,st_petersburg,2016-12-18T00:00:00.000Z,51,Tug,St. Petersburg,1
59.88224,30.19498,0,0,88,4,SPB,RU,141,0,KAPITAN SOROKIN,3,345312,31,43,28,5138,39,1,2016-12-18T18:59:04.000Z,st_petersburg,2016-12-18T00:00:00.000Z,51,Tug,St. Petersburg,1
59.88224,30.19498,0,0,88,8,SPB,RU,141,0,KAPITAN SOROKIN,3,345312,31,43,28,5138,39,1,2016-12-18T19:01:03.000Z,st_petersburg,2016-12-18T00:00:00.000Z,51,Tug,St. Petersburg,1
59.88224,30.19498,0,0,88,6,SPB,RU,141,0,KAPITAN SOROKIN,3,345312,31,43,28,5138,39,1,2016-12-18T19:01:04.000Z,st_petersburg,2016-12-18T00:00:00.000Z,51,Tug,St. Petersburg,1
59.88227,30.19497,0,0,88,2,SPB,RU,141,0,KAPITAN SOROKIN,3,345312,31,43,28,5138,39,1,2016-12-18T19:03:04.000Z,st_petersburg,2016-12-18T00:00:00.000Z,51,Tug,St. Petersburg,1
59.88227,30.19497,0,0,88,2,SPB,RU,141,0,KAPITAN SOROKIN,3,345312,31,43,28,5138,39,1,2016-12-18T19:03:04.000Z,st_petersburg,2016-12-18T00:00:00.000Z,51,Tug,St. Petersburg,1
59.88227,30.19497,0,0,88,4,SPB,RU,141,0,KAPITAN SOROKIN,3,345312,31,43,28,5138,39,1,2016-12-18T19:05:03.000Z,st_petersburg,2016-12-18T00:00:00.000Z,51,Tug,St. Petersburg,1
59.88227,30.19497,0,0,88,2,SPB,RU,141,0,KAPITAN SOROKIN,3,345312,31,43,28,5138,39,1,2016-12-18T19:05:04.000Z,st_petersburg,2016-12-18T00:00:00.000Z,51,Tug,St. Petersburg,1
59.88225,30.19493,0,0,88,3,SPB,RU,141,0,KAPITAN SOROKIN,3,345312,31,43,28,5138,39,1,2016-12-18T19:07:03.000Z,st_petersburg,2016-12-18T00:00:00.000Z,51,Tug,St. Petersburg,1
59.88225,30.19493,0,0,88,2,SPB,RU,141,0,KAPITAN SOROKIN,3,345312,31,43,28,5138,39,1,2016-12-18T19:07:04.000Z,st_petersburg,2016-12-18T00:00:00.000Z,51,Tug,St. Petersburg,1
59.88226,30.19494,0,0,88,2,SPB,RU,141,0,KAPITAN SOROKIN,3,345312,31,43,28,5138,39,1,2016-12-18T19:09:03.000Z,st_petersburg,2016-12-18T00:00:00.000Z,51,Tug,St. Petersburg,1
59.88226,30.19494,0,0,88,2,SPB,RU,141,0,KAPITAN SOROKIN,3,345312,31,43,28,5138,39,1,2016-12-18T19:09:04.000Z,st_petersburg,2016-12-18T00:00:00.000Z,51,Tug,St. Petersburg,1
59.88226,30.19494,0,0,88,4,SPB,RU,141,0,KAPITAN SOROKIN,3,345312,31,43,28,5138,39,1,2016-12-18T19:11:03.000Z,st_petersburg,2016-12-18T00:00:00.000Z,51,Tug,St. Petersburg,1
59.88226,30.19494,0,0,88,4,SPB,RU,141,0,KAPITAN SOROKIN,3,345312,31,43,28,5138,39,1,2016-12-18T19:11:04.000Z,st_petersburg,2016-12-18T00:00:00.000Z,51,Tug,St. Petersburg,1
59.88224,30.19494,0,0,88,3,SPB,RU,141,0,KAPITAN SOROKIN,3,345312,31,43,28,5138,39,1,2016-12-18T19:13:03.000Z,st_petersburg,2016-12-18T00:00:00.000Z,51,Tug,St. Petersburg,1
59.88224,30.19494,0,0,88,3,SPB,RU,141,0,KAPITAN SOROKIN,3,345312,31,43,28,5138,39,1,2016-12-18T19:13:04.000Z,st_petersburg,2016-12-18T00:00:00.000Z,51,Tug,St. Petersburg,1
59.88226,30.19493,0,0,88,2,SPB,RU,141,0,KAPITAN SOROKIN,3,345312,31,43,28,5138,39,1,2016-12-18T19:15:04.000Z,st_petersburg,2016-12-18T00:00:00.000Z,51,Tug,St. Petersburg,1
59.88226,30.19493,0,0,88,2,SPB,RU,141,0,KAPITAN SOROKIN,3,345312,31,43,28,5138,39,1,2016-12-18T19:15:05.000Z,st_petersburg,2016-12-18T00:00:00.000Z,51,Tug,St. Petersburg,1
59.88226,30.19493,0,0,88,4,SPB,RU,141,0,KAPITAN SOROKIN,3,345312,31,43,28,5138,39,1,2016-12-18T19:17:03.000Z,st_petersburg,2016-12-18T00:00:00.000Z,51,Tug,St. Petersburg,1
59.88226,30.19493,0,0,88,4,SPB,RU,141,0,KAPITAN SOROKIN,3,345312,31,43,28,5138,39,1,2016-12-18T19:17:04.000Z,st_petersburg,2016-12-18T00:00:00.000Z,51,Tug,St. Petersburg,1
59.88227,30.19494,0,0,88,3,SPB,RU,141,0,KAPITAN SOROKIN,3,345312,31,43,28,5138,39,1,2016-12-18T19:19:03.000Z,st_petersburg,2016-12-18T00:00:00.000Z,51,Tug,St. Petersburg,1
59.88227,30.19494,0,0,88,3,SPB,RU,141,0,KAPITAN SOROKIN,3,345312,31,43,28,5138,39,1,2016-12-18T19:19:04.000Z,st_petersburg,2016-12-18T00:00:00.000Z,51,Tug,St. Petersburg,1
59.88225,30.19494,0,0,88,2,SPB,RU,141,0,KAPITAN SOROKIN,3,345312,31,43,28,5138,39,1,2016-12-18T19:21:03.000Z,st_petersburg,2016-12-18T00:00:00.000Z,51,Tug,St. Petersburg,1
59.88225,30.19494,0,0,88,2,SPB,RU,141,0,KAPITAN SOROKIN,3,345312,31,43,28,5138,39,1,2016-12-18T19:21:04.000Z,st_petersburg,2016-12-18T00:00:00.000Z,51,Tug,St. Petersburg,1
59.88225,30.19494,0,0,88,4,SPB,RU,141,0,KAPITAN SOROKIN,3,345312,31,43,28,5138,39,1,2016-12-18T19:23:03.000Z,st_petersburg,2016-12-18T00:00:00.000Z,51,Tug,St. Petersburg,1
59.88225,30.19494,0,0,88,4,SPB,RU,141,0,KAPITAN SOROKIN,3,345312,31,43,28,5138,39,1,2016-12-18T19:23:04.000Z,st_petersburg,2016-12-18T00:00:00.000Z,51,Tug,St. Petersburg,1
59.88224,30.19495,0,0,88,3,SPB,RU,141,0,KAPITAN SOROKIN,3,345312,31,43,28,5138,39,1,2016-12-18T19:25:03.000Z,st_petersburg,2016-12-18T00:00:00.000Z,51,Tug,St. Petersburg,1
59.88224,30.19495,0,0,88,3,SPB,RU,141,0,KAPITAN SOROKIN,3,345312,31,43,28,5138,39,1,2016-12-18T19:25:04.000Z,st_petersburg,2016-12-18T00:00:00.000Z,51,Tug,St. Petersburg,1
59.88227,30.19494,0,0,88,2,SPB,RU,141,0,KAPITAN SOROKIN,3,345312,31,43,28,5138,39,1,2016-12-18T19:27:05.000Z,st_petersburg,2016-12-18T00:00:00.000Z,51,Tug,St. Petersburg,1
59.88227,30.19494,0,0,88,2,SPB,RU,141,0,KAPITAN SOROKIN,3,345312,31,43,28,5138,39,1,2016-12-18T19:27:06.000Z,st_petersburg,2016-12-18T00:00:00.000Z,51,Tug,St. Petersburg,1
59.88227,30.19494,0,0,88,4,SPB,RU,141,0,KAPITAN SOROKIN,3,345312,31,43,28,5138,39,1,2016-12-18T19:29:03.000Z,st_petersburg,2016-12-18T00:00:00.000Z,51,Tug,St. Petersburg,1
59.88227,30.19494,0,0,88,2,SPB,RU,141,0,KAPITAN SOROKIN,3,345312,31,43,28,5138,39,1,2016-12-18T19:29:04.000Z,st_petersburg,2016-12-18T00:00:00.000Z,51,Tug,St. Petersburg,1
59.88225,30.19495,0,0,88,3,SPB,RU,141,0,KAPITAN SOROKIN,3,345312,31,43,28,5138,39,1,2016-12-18T19:31:03.000Z,st_petersburg,2016-12-18T00:00:00.000Z,51,Tug,St. Petersburg,1
59.88225,30.19495,0,0,88,2,SPB,RU,141,0,KAPITAN SOROKIN,3,345312,31,43,28,5138,39,1,2016-12-18T19:31:04.000Z,st_petersburg,2016-12-18T00:00:00.000Z,51,Tug,St. Petersburg,1
59.88228,30.19495,0,0,88,2,SPB,RU,141,0,KAPITAN SOROKIN,3,345312,31,43,28,5138,39,1,2016-12-18T19:33:04.000Z,st_petersburg,2016-12-18T00:00:00.000Z,51,Tug,St. Petersburg,1
59.88228,30.19495,0,0,88,2,SPB,RU,141,0,KAPITAN SOROKIN,3,345312,31,43,28,5138,39,1,2016-12-18T19:33:04.000Z,st_petersburg,2016-12-18T00:00:00.000Z,51,Tug,St. Petersburg,1
59.88228,30.19495,0,0,88,4,SPB,RU,141,0,KAPITAN SOROKIN,3,345312,31,43,28,5138,39,1,2016-12-18T19:35:03.000Z,st_petersburg,2016-12-18T00:00:00.000Z,51,Tug,St. Petersburg,1
59.88228,30.19495,0,0,88,4,SPB,RU,141,0,KAPITAN SOROKIN,3,345312,31,43,28,5138,39,1,2016-12-18T19:35:04.000Z,st_petersburg,2016-12-18T00:00:00.000Z,51,Tug,St. Petersburg,1
59.88224,30.19497,0,0,88,3,SPB,RU,141,0,KAPITAN SOROKIN,3,345312,31,43,28,5138,39,1,2016-12-18T19:37:04.000Z,st_petersburg,2016-12-18T00:00:00.000Z,51,Tug,St. Petersburg,1
59.88224,30.19497,0,0,88,3,SPB,RU,141,0,KAPITAN SOROKIN,3,345312,31,43,28,5138,39,1,2016-12-18T19:37:04.000Z,st_petersburg,2016-12-18T00:00:00.000Z,51,Tug,St. Petersburg,1
59.88224,30.19497,0,0,88,5,SPB,RU,141,0,KAPITAN SOROKIN,3,345312,31,43,28,5138,39,1,2016-12-18T19:39:04.000Z,st_petersburg,2016-12-18T00:00:00.000Z,51,Tug,St. Petersburg,1
59.88224,30.19497,0,0,88,5,SPB,RU,141,0,KAPITAN SOROKIN,3,345312,31,43,28,5138,39,1,2016-12-18T19:39:05.000Z,st_petersburg,2016-12-18T00:00:00.000Z,51,Tug,St. Petersburg,1
59.88224,30.19497,0,0,88,7,SPB,RU,141,0,KAPITAN SOROKIN,3,345312,31,43,28,5138,39,1,2016-12-18T19:41:04.000Z,st_petersburg,2016-12-18T00:00:00.000Z,51,Tug,St. Petersburg,1
59.88224,30.19497,0,0,88,7,SPB,RU,141,0,KAPITAN SOROKIN,3,345312,31,43,28,5138,39,1,2016-12-18T19:41:04.000Z,st_petersburg,2016-12-18T00:00:00.000Z,51,Tug,St. Petersburg,1
59.88224,30.19497,0,0,88,9,SPB,RU,141,0,KAPITAN SOROKIN,3,345312,31,43,28,5138,39,1,2016-12-18T19:43:03.000Z,st_petersburg,2016-12-18T00:00:00.000Z,51,Tug,St. Petersburg,1
59.88224,30.19497,0,0,88,9,SPB,RU,141,0,KAPITAN SOROKIN,3,345312,31,43,28,5138,39,1,2016-12-18T19:43:04.000Z,st_petersburg,2016-12-18T00:00:00.000Z,51,Tug,St. Petersburg,1
59.88224,30.19497,0,0,88,3,SPB,RU,141,0,KAPITAN SOROKIN,3,345312,31,43,28,5138,39,1,2016-12-18T19:45:04.000Z,st_petersburg,2016-12-18T00:00:00.000Z,51,Tug,St. Petersburg,1
59.88224,30.19497,0,0,88,3,SPB,RU,141,0,KAPITAN SOROKIN,3,345312,31,43,28,5138,39,1,2016-12-18T19:45:05.000Z,st_petersburg,2016-12-18T00:00:00.000Z,51,Tug,St. Petersburg,1
59.88228,30.19494,0,0,88,2,SPB,RU,141,0,KAPITAN SOROKIN,3,345312,31,43,28,5138,39,1,2016-12-18T19:47:03.000Z,st_petersburg,2016-12-18T00:00:00.000Z,51,Tug,St. Petersburg,1
59.88228,30.19494,0,0,88,2,SPB,RU,141,0,KAPITAN SOROKIN,3,345312,31,43,28,5138,39,1,2016-12-18T19:47:04.000Z,st_petersburg,2016-12-18T00:00:00.000Z,51,Tug,St. Petersburg,1
59.88228,30.19494,0,0,88,4,SPB,RU,141,0,KAPITAN SOROKIN,3,345312,31,43,28,5138,39,1,2016-12-18T19:49:03.000Z,st_petersburg,2016-12-18T00:00:00.000Z,51,Tug,St. Petersburg,1
59.88228,30.19494,0,0,88,4,SPB,RU,141,0,KAPITAN SOROKIN,3,345312,31,43,28,5138,39,1,2016-12-18T19:49:04.000Z,st_petersburg,2016-12-18T00:00:00.000Z,51,Tug,St. Petersburg,1
59.88228,30.19496,0,0,88,3,SPB,RU,141,0,KAPITAN SOROKIN,3,345312,31,43,28,5138,39,1,2016-12-18T19:51:03.000Z,st_petersburg,2016-12-18T00:00:00.000Z,51,Tug,St. Petersburg,1
59.88228,30.19496,0,0,88,3,SPB,RU,141,0,KAPITAN SOROKIN,3,345312,31,43,28,5138,39,1,2016-12-18T19:51:04.000Z,st_petersburg,2016-12-18T00:00:00.000Z,51,Tug,St. Petersburg,1
59.88224,30.19502,0,0,88,2,SPB,RU,141,0,KAPITAN SOROKIN,3,345312,31,43,28,5138,39,1,2016-12-18T19:53:03.000Z,st_petersburg,2016-12-18T00:00:00.000Z,51,Tug,St. Petersburg,1
59.88224,30.19502,0,0,88,2,SPB,RU,141,0,KAPITAN SOROKIN,3,345312,31,43,28,5138,39,1,2016-12-18T19:53:04.000Z,st_petersburg,2016-12-18T00:00:00.000Z,51,Tug,St. Petersburg,1
59.88224,30.19502,0,0,88,4,SPB,RU,141,0,KAPITAN SOROKIN,3,345312,31,43,28,5138,39,1,2016-12-18T19:55:04.000Z,st_petersburg,2016-12-18T00:00:00.000Z,51,Tug,St. Petersburg,1
59.88224,30.19502,0,0,88,4,SPB,RU,141,0,KAPITAN SOROKIN,3,345312,31,43,28,5138,39,1,2016-12-18T19:55:05.000Z,st_petersburg,2016-12-18T00:00:00.000Z,51,Tug,St. Petersburg,1
59.88227,30.19494,0,0,88,3,SPB,RU,141,0,KAPITAN SOROKIN,3,345312,31,43,28,5138,39,1,2016-12-18T19:57:04.000Z,st_petersburg,2016-12-18T00:00:00.000Z,51,Tug,St. Petersburg,1
59.88227,30.19494,0,0,88,3,SPB,RU,141,0,KAPITAN SOROKIN,3,345312,31,43,28,5138,39,1,2016-12-18T19:57:04.000Z,st_petersburg,2016-12-18T00:00:00.000Z,51,Tug,St. Petersburg,1
59.88229,30.19494,0,0,88,2,SPB,RU,141,0,KAPITAN SOROKIN,3,345312,31,43,28,5138,39,1,2016-12-18T19:59:03.000Z,st_petersburg,2016-12-18T00:00:00.000Z,51,Tug,St. Petersburg,1
59.88229,30.19494,0,0,88,2,SPB,RU,141,0,KAPITAN SOROKIN,3,345312,31,43,28,5138,39,1,2016-12-18T19:59:04.000Z,st_petersburg,2016-12-18T00:00:00.000Z,51,Tug,St. Petersburg,1
59.88229,30.19494,0,0,88,4,SPB,RU,141,0,KAPITAN SOROKIN,3,345312,31,43,28,5138,39,1,2016-12-18T20:01:03.000Z,st_petersburg,2016-12-18T00:00:00.000Z,51,Tug,St. Petersburg,1
59.88229,30.19494,0,0,88,2,SPB,RU,141,0,KAPITAN SOROKIN,3,345312,31,43,28,5138,39,1,2016-12-18T20:01:04.000Z,st_petersburg,2016-12-18T00:00:00.000Z,51,Tug,St. Petersburg,1
59.88227,30.19492,0,0,88,3,SPB,RU,141,0,KAPITAN SOROKIN,3,345312,31,43,28,5138,39,1,2016-12-18T20:03:03.000Z,st_petersburg,2016-12-18T00:00:00.000Z,51,Tug,St. Petersburg,1
59.88227,30.19492,0,0,88,2,SPB,RU,141,0,KAPITAN SOROKIN,3,345312,31,43,28,5138,39,1,2016-12-18T20:03:04.000Z,st_petersburg,2016-12-18T00:00:00.000Z,51,Tug,St. Petersburg,1
59.88228,30.19493,0,0,88,2,SPB,RU,141,0,KAPITAN SOROKIN,3,345312,31,43,28,5138,39,1,2016-12-18T20:05:03.000Z,st_petersburg,2016-12-18T00:00:00.000Z,51,Tug,St. Petersburg,1
59.88227,30.19492,0,0,88,3,SPB,RU,141,0,KAPITAN SOROKIN,3,345312,31,43,28,5138,39,1,2016-12-18T20:05:04.000Z,st_petersburg,2016-12-18T00:00:00.000Z,51,Tug,St. Petersburg,1
59.88228,30.19493,0,0,88,4,SPB,RU,141,0,KAPITAN SOROKIN,3,345312,31,43,28,5138,39,1,2016-12-18T20:07:03.000Z,st_petersburg,2016-12-18T00:00:00.000Z,51,Tug,St. Petersburg,1
59.88228,30.19493,0,0,88,3,SPB,RU,141,0,KAPITAN SOROKIN,3,345312,31,43,28,5138,39,1,2016-12-18T20:07:04.000Z,st_petersburg,2016-12-18T00:00:00.000Z,51,Tug,St. Petersburg,1
59.88225,30.19499,0,0,88,2,SPB,RU,141,0,KAPITAN SOROKIN,3,345312,31,43,28,5138,39,1,2016-12-18T20:09:03.000Z,st_petersburg,2016-12-18T00:00:00.000Z,51,Tug,St. Petersburg,1
59.88225,30.19499,0,0,88,2,SPB,RU,141,0,KAPITAN SOROKIN,3,345312,31,43,28,5138,39,1,2016-12-18T20:09:03.000Z,st_petersburg,2016-12-18T00:00:00.000Z,51,Tug,St. Petersburg,1
59.88225,30.19499,0,0,88,4,SPB,RU,141,0,KAPITAN SOROKIN,3,345312,31,43,28,5138,39,1,2016-12-18T20:11:03.000Z,st_petersburg,2016-12-18T00:00:00.000Z,51,Tug,St. Petersburg,1
59.88225,30.19499,0,0,88,4,SPB,RU,141,0,KAPITAN SOROKIN,3,345312,31,43,28,5138,39,1,2016-12-18T20:11:04.000Z,st_petersburg,2016-12-18T00:00:00.000Z,51,Tug,St. Petersburg,1
59.88225,30.19495,0,0,88,3,SPB,RU,141,0,KAPITAN SOROKIN,3,345312,31,43,28,5138,39,1,2016-12-18T20:13:03.000Z,st_petersburg,2016-12-18T00:00:00.000Z,51,Tug,St. Petersburg,1
59.88225,30.19495,0,0,88,3,SPB,RU,141,0,KAPITAN SOROKIN,3,345312,31,43,28,5138,39,1,2016-12-18T20:13:04.000Z,st_petersburg,2016-12-18T00:00:00.000Z,51,Tug,St. Petersburg,1
59.88225,30.19495,0,0,88,5,SPB,RU,141,0,KAPITAN SOROKIN,3,345312,31,43,28,5138,39,1,2016-12-18T20:15:03.000Z,st_petersburg,2016-12-18T00:00:00.000Z,51,Tug,St. Petersburg,1
59.88225,30.19495,0,0,88,3,SPB,RU,141,0,KAPITAN SOROKIN,3,345312,31,43,28,5138,39,1,2016-12-18T20:15:04.000Z,st_petersburg,2016-12-18T00:00:00.000Z,51,Tug,St. Petersburg,1
59.88225,30.19495,0,0,88,3,SPB,RU,141,0,KAPITAN SOROKIN,3,345312,31,43,28,5138,39,1,2016-12-18T20:17:03.000Z,st_petersburg,2016-12-18T00:00:00.000Z,51,Tug,St. Petersburg,1
59.88225,30.19495,0,0,88,3,SPB,RU,141,0,KAPITAN SOROKIN,3,345312,31,43,28,5138,39,1,2016-12-18T20:17:04.000Z,st_petersburg,2016-12-18T00:00:00.000Z,51,Tug,St. Petersburg,1
59.88225,30.19495,0,0,88,5,SPB,RU,141,0,KAPITAN SOROKIN,3,345312,31,43,28,5138,39,1,2016-12-18T20:19:03.000Z,st_petersburg,2016-12-18T00:00:00.000Z,51,Tug,St. Petersburg,1
59.88225,30.19495,0,0,88,3,SPB,RU,141,0,KAPITAN SOROKIN,3,345312,31,43,28,5138,39,1,2016-12-18T20:19:04.000Z,st_petersburg,2016-12-18T00:00:00.000Z,51,Tug,St. Petersburg,1
59.88225,30.19495,0,0,88,7,SPB,RU,141,0,KAPITAN SOROKIN,3,345312,31,43,28,5138,39,1,2016-12-18T20:21:03.000Z,st_petersburg,2016-12-18T00:00:00.000Z,51,Tug,St. Petersburg,1
59.88225,30.19495,0,0,88,7,SPB,RU,141,0,KAPITAN SOROKIN,3,345312,31,43,28,5138,39,1,2016-12-18T20:21:04.000Z,st_petersburg,2016-12-18T00:00:00.000Z,51,Tug,St. Petersburg,1
59.88225,30.19495,0,0,88,9,SPB,RU,141,0,KAPITAN SOROKIN,3,345312,31,43,28,5138,39,1,2016-12-18T20:23:03.000Z,st_petersburg,2016-12-18T00:00:00.000Z,51,Tug,St. Petersburg,1
59.88225,30.19495,0,0,88,9,SPB,RU,141,0,KAPITAN SOROKIN,3,345312,31,43,28,5138,39,1,2016-12-18T20:23:04.000Z,st_petersburg,2016-12-18T00:00:00.000Z,51,Tug,St. Petersburg,1
59.88225,30.19495,0,0,88,3,SPB,RU,141,0,KAPITAN SOROKIN,3,345312,31,43,28,5138,39,1,2016-12-18T20:25:04.000Z,st_petersburg,2016-12-18T00:00:00.000Z,51,Tug,St. Petersburg,1
59.88225,30.19495,0,0,88,3,SPB,RU,141,0,KAPITAN SOROKIN,3,345312,31,43,28,5138,39,1,2016-12-18T20:25:05.000Z,st_petersburg,2016-12-18T00:00:00.000Z,51,Tug,St. Petersburg,1
59.88227,30.19496,0,0,88,2,SPB,RU,141,0,KAPITAN SOROKIN,3,345312,31,43,28,5138,39,1,2016-12-18T20:27:03.000Z,st_petersburg,2016-12-18T00:00:00.000Z,51,Tug,St. Petersburg,1
59.88227,30.19496,0,0,88,2,SPB,RU,141,0,KAPITAN SOROKIN,3,345312,31,43,28,5138,39,1,2016-12-18T20:27:04.000Z,st_petersburg,2016-12-18T00:00:00.000Z,51,Tug,St. Petersburg,1
59.88227,30.19496,0,0,88,4,SPB,RU,141,0,KAPITAN SOROKIN,3,345312,31,43,28,5138,39,1,2016-12-18T20:29:03.000Z,st_petersburg,2016-12-18T00:00:00.000Z,51,Tug,St. Petersburg,1
59.88227,30.19496,0,0,88,4,SPB,RU,141,0,KAPITAN SOROKIN,3,345312,31,43,28,5138,39,1,2016-12-18T20:29:04.000Z,st_petersburg,2016-12-18T00:00:00.000Z,51,Tug,St. Petersburg,1
59.88223,30.19498,0,0,88,3,SPB,RU,141,0,KAPITAN SOROKIN,3,345312,31,43,28,5138,39,1,2016-12-18T20:31:04.000Z,st_petersburg,2016-12-18T00:00:00.000Z,51,Tug,St. Petersburg,1
59.88223,30.19498,0,0,88,3,SPB,RU,141,0,KAPITAN SOROKIN,3,345312,31,43,28,5138,39,1,2016-12-18T20:31:05.000Z,st_petersburg,2016-12-18T00:00:00.000Z,51,Tug,St. Petersburg,1
59.88227,30.19492,1,0,88,2,SPB,RU,141,0,KAPITAN SOROKIN,3,345312,31,43,28,5138,39,1,2016-12-18T20:33:03.000Z,st_petersburg,2016-12-18T00:00:00.000Z,51,Tug,St. Petersburg,1
59.88227,30.19492,1,0,88,2,SPB,RU,141,0,KAPITAN SOROKIN,3,345312,31,43,28,5138,39,1,2016-12-18T20:33:04.000Z,st_petersburg,2016-12-18T00:00:00.000Z,51,Tug,St. Petersburg,1
59.88227,30.19492,1,0,88,4,SPB,RU,141,0,KAPITAN SOROKIN,3,345312,31,43,28,5138,39,1,2016-12-18T20:35:03.000Z,st_petersburg,2016-12-18T00:00:00.000Z,51,Tug,St. Petersburg,1
59.88227,30.19492,1,0,88,4,SPB,RU,141,0,KAPITAN SOROKIN,3,345312,31,43,28,5138,39,1,2016-12-18T20:35:04.000Z,st_petersburg,2016-12-18T00:00:00.000Z,51,Tug,St. Petersburg,1
59.88227,30.19492,1,0,88,6,SPB,RU,141,0,KAPITAN SOROKIN,3,345312,31,43,28,5138,39,1,2016-12-18T20:37:03.000Z,st_petersburg,2016-12-18T00:00:00.000Z,51,Tug,St. Petersburg,1
59.88227,30.19492,1,0,88,6,SPB,RU,141,0,KAPITAN SOROKIN,3,345312,31,43,28,5138,39,1,2016-12-18T20:37:05.000Z,st_petersburg,2016-12-18T00:00:00.000Z,51,Tug,St. Petersburg,1
59.88227,30.19492,1,0,88,8,SPB,RU,141,0,KAPITAN SOROKIN,3,345312,31,43,28,5138,39,1,2016-12-18T20:39:03.000Z,st_petersburg,2016-12-18T00:00:00.000Z,51,Tug,St. Petersburg,1
59.88227,30.19492,1,0,88,8,SPB,RU,141,0,KAPITAN SOROKIN,3,345312,31,43,28,5138,39,1,2016-12-18T20:39:04.000Z,st_petersburg,2016-12-18T00:00:00.000Z,51,Tug,St. Petersburg,1
59.88219,30.1949,0,0,88,2,SPB,RU,141,0,KAPITAN SOROKIN,3,345312,31,43,28,5138,39,1,2016-12-18T20:41:03.000Z,st_petersburg,2016-12-18T00:00:00.000Z,51,Tug,St. Petersburg,1
59.88219,30.1949,0,0,88,2,SPB,RU,141,0,KAPITAN SOROKIN,3,345312,31,43,28,5138,39,1,2016-12-18T20:41:04.000Z,st_petersburg,2016-12-18T00:00:00.000Z,51,Tug,St. Petersburg,1
59.88219,30.1949,0,0,88,4,SPB,RU,141,0,KAPITAN SOROKIN,3,345312,31,43,28,5138,39,1,2016-12-18T20:43:03.000Z,st_petersburg,2016-12-18T00:00:00.000Z,51,Tug,St. Petersburg,1
59.88219,30.1949,0,0,88,4,SPB,RU,141,0,KAPITAN SOROKIN,3,345312,31,43,28,5138,39,1,2016-12-18T20:43:04.000Z,st_petersburg,2016-12-18T00:00:00.000Z,51,Tug,St. Petersburg,1
59.88219,30.1949,0,0,88,6,SPB,RU,141,0,KAPITAN SOROKIN,3,345312,31,43,28,5138,39,1,2016-12-18T20:45:04.000Z,st_petersburg,2016-12-18T00:00:00.000Z,51,Tug,St. Petersburg,1
59.88219,30.1949,0,0,88,6,SPB,RU,141,0,KAPITAN SOROKIN,3,345312,31,43,28,5138,39,1,2016-12-18T20:45:05.000Z,st_petersburg,2016-12-18T00:00:00.000Z,51,Tug,St. Petersburg,1
59.88219,30.1949,0,0,88,8,SPB,RU,141,0,KAPITAN SOROKIN,3,345312,31,43,28,5138,39,1,2016-12-18T20:47:03.000Z,st_petersburg,2016-12-18T00:00:00.000Z,51,Tug,St. Petersburg,1
59.88219,30.1949,0,0,88,8,SPB,RU,141,0,KAPITAN SOROKIN,3,345312,31,43,28,5138,39,1,2016-12-18T20:47:04.000Z,st_petersburg,2016-12-18T00:00:00.000Z,51,Tug,St. Petersburg,1
59.88228,30.19492,0,0,88,2,SPB,RU,141,0,KAPITAN SOROKIN,3,345312,31,43,28,5138,39,1,2016-12-18T20:49:03.000Z,st_petersburg,2016-12-18T00:00:00.000Z,51,Tug,St. Petersburg,1
59.88228,30.19492,0,0,88,2,SPB,RU,141,0,KAPITAN SOROKIN,3,345312,31,43,28,5138,39,1,2016-12-18T20:49:04.000Z,st_petersburg,2016-12-18T00:00:00.000Z,51,Tug,St. Petersburg,1
59.88228,30.19492,0,0,88,4,SPB,RU,141,0,KAPITAN SOROKIN,3,345312,31,43,28,5138,39,1,2016-12-18T20:51:03.000Z,st_petersburg,2016-12-18T00:00:00.000Z,51,Tug,St. Petersburg,1
59.88228,30.19492,0,0,88,4,SPB,RU,141,0,KAPITAN SOROKIN,3,345312,31,43,28,5138,39,1,2016-12-18T20:51:04.000Z,st_petersburg,2016-12-18T00:00:00.000Z,51,Tug,St. Petersburg,1
59.88228,30.19492,0,0,88,6,SPB,RU,141,0,KAPITAN SOROKIN,3,345312,31,43,28,5138,39,1,2016-12-18T20:53:03.000Z,st_petersburg,2016-12-18T00:00:00.000Z,51,Tug,St. Petersburg,1
59.88228,30.19492,0,0,88,6,SPB,RU,141,0,KAPITAN SOROKIN,3,345312,31,43,28,5138,39,1,2016-12-18T20:53:04.000Z,st_petersburg,2016-12-18T00:00:00.000Z,51,Tug,St. Petersburg,1
59.88228,30.19492,0,0,88,8,SPB,RU,141,0,KAPITAN SOROKIN,3,345312,31,43,28,5138,39,1,2016-12-18T20:55:04.000Z,st_petersburg,2016-12-18T00:00:00.000Z,51,Tug,St. Petersburg,1
59.88228,30.19492,0,0,88,8,SPB,RU,141,0,KAPITAN SOROKIN,3,345312,31,43,28,5138,39,1,2016-12-18T20:55:04.000Z,st_petersburg,2016-12-18T00:00:00.000Z,51,Tug,St. Petersburg,1
59.88225,30.19494,0,0,88,2,SPB,RU,141,0,KAPITAN SOROKIN,3,345312,31,43,28,5138,39,1,2016-12-18T20:57:03.000Z,st_petersburg,2016-12-18T00:00:00.000Z,51,Tug,St. Petersburg,1
59.88225,30.19494,0,0,88,2,SPB,RU,141,0,KAPITAN SOROKIN,3,345312,31,43,28,5138,39,1,2016-12-18T20:57:04.000Z,st_petersburg,2016-12-18T00:00:00.000Z,51,Tug,St. Petersburg,1
59.88225,30.19494,0,0,88,2,SPB,RU,141,0,KAPITAN SOROKIN,3,345312,31,43,28,5138,39,1,2016-12-18T20:59:04.000Z,st_petersburg,2016-12-18T00:00:00.000Z,51,Tug,St. Petersburg,1
59.88225,30.19494,0,0,88,4,SPB,RU,141,0,KAPITAN SOROKIN,3,345312,31,43,28,5138,39,1,2016-12-18T20:59:04.000Z,st_petersburg,2016-12-18T00:00:00.000Z,51,Tug,St. Petersburg,1
59.88225,30.19494,0,0,88,6,SPB,RU,141,0,KAPITAN SOROKIN,3,345312,31,43,28,5138,39,1,2016-12-18T21:01:03.000Z,st_petersburg,2016-12-18T00:00:00.000Z,51,Tug,St. Petersburg,1
59.88225,30.19494,0,0,88,5,SPB,RU,141,0,KAPITAN SOROKIN,3,345312,31,43,28,5138,39,1,2016-12-18T21:01:04.000Z,st_petersburg,2016-12-18T00:00:00.000Z,51,Tug,St. Petersburg,1
59.88225,30.19494,0,0,88,8,SPB,RU,141,0,KAPITAN SOROKIN,3,345312,31,43,28,5138,39,1,2016-12-18T21:03:04.000Z,st_petersburg,2016-12-18T00:00:00.000Z,51,Tug,St. Petersburg,1
59.88225,30.19494,0,0,88,8,SPB,RU,141,0,KAPITAN SOROKIN,3,345312,31,43,28,5138,39,1,2016-12-18T21:03:05.000Z,st_petersburg,2016-12-18T00:00:00.000Z,51,Tug,St. Petersburg,1
59.88224,30.19495,0,0,88,2,SPB,RU,141,0,KAPITAN SOROKIN,3,345312,31,43,28,5138,39,1,2016-12-18T21:05:04.000Z,st_petersburg,2016-12-18T00:00:00.000Z,51,Tug,St. Petersburg,1
59.88224,30.19495,0,0,88,2,SPB,RU,141,0,KAPITAN SOROKIN,3,345312,31,43,28,5138,39,1,2016-12-18T21:05:05.000Z,st_petersburg,2016-12-18T00:00:00.000Z,51,Tug,St. Petersburg,1
59.88224,30.19495,0,0,88,4,SPB,RU,141,0,KAPITAN SOROKIN,3,345312,31,43,28,5138,39,1,2016-12-18T21:07:03.000Z,st_petersburg,2016-12-18T00:00:00.000Z,51,Tug,St. Petersburg,1
59.88224,30.19495,0,0,88,4,SPB,RU,141,0,KAPITAN SOROKIN,3,345312,31,43,28,5138,39,1,2016-12-18T21:07:04.000Z,st_petersburg,2016-12-18T00:00:00.000Z,51,Tug,St. Petersburg,1
59.88225,30.19495,0,0,88,3,SPB,RU,141,0,KAPITAN SOROKIN,3,345312,31,43,28,5138,39,1,2016-12-18T21:09:03.000Z,st_petersburg,2016-12-18T00:00:00.000Z,51,Tug,St. Petersburg,1
59.88225,30.19495,0,0,88,3,SPB,RU,141,0,KAPITAN SOROKIN,3,345312,31,43,28,5138,39,1,2016-12-18T21:09:04.000Z,st_petersburg,2016-12-18T00:00:00.000Z,51,Tug,St. Petersburg,1
59.88225,30.19494,0,0,88,2,SPB,RU,141,0,KAPITAN SOROKIN,3,345312,31,43,28,5138,39,1,2016-12-18T21:11:03.000Z,st_petersburg,2016-12-18T00:00:00.000Z,51,Tug,St. Petersburg,1
59.88225,30.19494,0,0,88,1,SPB,RU,141,0,KAPITAN SOROKIN,3,345312,31,43,28,5138,39,1,2016-12-18T21:11:04.000Z,st_petersburg,2016-12-18T00:00:00.000Z,51,Tug,St. Petersburg,1
59.88225,30.19494,0,0,88,4,SPB,RU,141,0,KAPITAN SOROKIN,3,345312,31,43,28,5138,39,1,2016-12-18T21:13:03.000Z,st_petersburg,2016-12-18T00:00:00.000Z,51,Tug,St. Petersburg,1
59.88225,30.19494,0,0,88,3,SPB,RU,141,0,KAPITAN SOROKIN,3,345312,31,43,28,5138,39,1,2016-12-18T21:13:03.000Z,st_petersburg,2016-12-18T00:00:00.000Z,51,Tug,St. Petersburg,1
59.88225,30.19494,0,0,88,3,SPB,RU,141,0,KAPITAN SOROKIN,3,345312,31,43,28,5138,39,1,2016-12-18T21:15:04.000Z,st_petersburg,2016-12-18T00:00:00.000Z,51,Tug,St. Petersburg,1
59.88225,30.19494,0,0,88,3,SPB,RU,141,0,KAPITAN SOROKIN,3,345312,31,43,28,5138,39,1,2016-12-18T21:15:04.000Z,st_petersburg,2016-12-18T00:00:00.000Z,51,Tug,St. Petersburg,1
59.88225,30.19495,0,0,88,2,SPB,RU,141,0,KAPITAN SOROKIN,3,345312,31,43,28,5138,39,1,2016-12-18T21:17:03.000Z,st_petersburg,2016-12-18T00:00:00.000Z,51,Tug,St. Petersburg,1
59.88225,30.19495,0,0,88,2,SPB,RU,141,0,KAPITAN SOROKIN,3,345312,31,43,28,5138,39,1,2016-12-18T21:17:04.000Z,st_petersburg,2016-12-18T00:00:00.000Z,51,Tug,St. Petersburg,1
59.88225,30.19495,0,0,88,4,SPB,RU,141,0,KAPITAN SOROKIN,3,345312,31,43,28,5138,39,1,2016-12-18T21:19:04.000Z,st_petersburg,2016-12-18T00:00:00.000Z,51,Tug,St. Petersburg,1
59.88225,30.19495,0,0,88,4,SPB,RU,141,0,KAPITAN SOROKIN,3,345312,31,43,28,5138,39,1,2016-12-18T21:19:04.000Z,st_petersburg,2016-12-18T00:00:00.000Z,51,Tug,St. Petersburg,1
59.88226,30.19494,0,0,88,2,SPB,RU,141,0,KAPITAN SOROKIN,3,345312,31,43,28,5138,39,1,2016-12-18T21:21:03.000Z,st_petersburg,2016-12-18T00:00:00.000Z,51,Tug,St. Petersburg,1
59.88226,30.19494,0,0,88,2,SPB,RU,141,0,KAPITAN SOROKIN,3,345312,31,43,28,5138,39,1,2016-12-18T21:21:04.000Z,st_petersburg,2016-12-18T00:00:00.000Z,51,Tug,St. Petersburg,1
59.88226,30.19494,0,0,88,4,SPB,RU,141,0,KAPITAN SOROKIN,3,345312,31,43,28,5138,39,1,2016-12-18T21:23:03.000Z,st_petersburg,2016-12-18T00:00:00.000Z,51,Tug,St. Petersburg,1
59.88226,30.19494,0,0,88,4,SPB,RU,141,0,KAPITAN SOROKIN,3,345312,31,43,28,5138,39,1,2016-12-18T21:23:04.000Z,st_petersburg,2016-12-18T00:00:00.000Z,51,Tug,St. Petersburg,1
59.88226,30.19493,0,0,88,3,SPB,RU,141,0,KAPITAN SOROKIN,3,345312,31,43,28,5138,39,1,2016-12-18T21:25:03.000Z,st_petersburg,2016-12-18T00:00:00.000Z,51,Tug,St. Petersburg,1
59.88226,30.19493,0,0,88,3,SPB,RU,141,0,KAPITAN SOROKIN,3,345312,31,43,28,5138,39,1,2016-12-18T21:25:04.000Z,st_petersburg,2016-12-18T00:00:00.000Z,51,Tug,St. Petersburg,1
59.88223,30.19495,0,0,88,2,SPB,RU,141,0,KAPITAN SOROKIN,3,345312,31,43,28,5138,39,1,2016-12-18T21:27:04.000Z,st_petersburg,2016-12-18T00:00:00.000Z,51,Tug,St. Petersburg,1
59.88223,30.19495,0,0,88,2,SPB,RU,141,0,KAPITAN SOROKIN,3,345312,31,43,28,5138,39,1,2016-12-18T21:27:04.000Z,st_petersburg,2016-12-18T00:00:00.000Z,51,Tug,St. Petersburg,1
59.88223,30.19495,0,0,88,4,SPB,RU,141,0,KAPITAN SOROKIN,3,345312,31,43,28,5138,39,1,2016-12-18T21:29:03.000Z,st_petersburg,2016-12-18T00:00:00.000Z,51,Tug,St. Petersburg,1
59.88223,30.19495,0,0,88,4,SPB,RU,141,0,KAPITAN SOROKIN,3,345312,31,43,28,5138,39,1,2016-12-18T21:29:04.000Z,st_petersburg,2016-12-18T00:00:00.000Z,51,Tug,St. Petersburg,1
59.88226,30.1949,0,0,88,3,SPB,RU,141,0,KAPITAN SOROKIN,3,345312,31,43,28,5138,39,1,2016-12-18T21:31:03.000Z,st_petersburg,2016-12-18T00:00:00.000Z,51,Tug,St. Petersburg,1
59.88226,30.1949,0,0,88,3,SPB,RU,141,0,KAPITAN SOROKIN,3,345312,31,43,28,5138,39,1,2016-12-18T21:31:04.000Z,st_petersburg,2016-12-18T00:00:00.000Z,51,Tug,St. Petersburg,1
59.88226,30.19494,0,0,88,2,SPB,RU,141,0,KAPITAN SOROKIN,3,345312,31,43,28,5138,39,1,2016-12-18T21:33:04.000Z,st_petersburg,2016-12-18T00:00:00.000Z,51,Tug,St. Petersburg,1
59.88226,30.19494,0,0,88,2,SPB,RU,141,0,KAPITAN SOROKIN,3,345312,31,43,28,5138,39,1,2016-12-18T21:33:05.000Z,st_petersburg,2016-12-18T00:00:00.000Z,51,Tug,St. Petersburg,1
59.88226,30.19494,0,0,88,4,SPB,RU,141,0,KAPITAN SOROKIN,3,345312,31,43,28,5138,39,1,2016-12-18T21:35:04.000Z,st_petersburg,2016-12-18T00:00:00.000Z,51,Tug,St. Petersburg,1
59.88226,30.19494,0,0,88,4,SPB,RU,141,0,KAPITAN SOROKIN,3,345312,31,43,28,5138,39,1,2016-12-18T21:35:05.000Z,st_petersburg,2016-12-18T00:00:00.000Z,51,Tug,St. Petersburg,1
59.88225,30.19495,0,0,88,2,SPB,RU,141,0,KAPITAN SOROKIN,3,345312,31,43,28,5138,39,1,2016-12-18T21:37:04.000Z,st_petersburg,2016-12-18T00:00:00.000Z,51,Tug,St. Petersburg,1
59.88226,30.19494,0,0,88,4,SPB,RU,141,0,KAPITAN SOROKIN,3,345312,31,43,28,5138,39,1,2016-12-18T21:37:04.000Z,st_petersburg,2016-12-18T00:00:00.000Z,51,Tug,St. Petersburg,1
59.88225,30.19495,0,0,88,4,SPB,RU,141,0,KAPITAN SOROKIN,3,345312,31,43,28,5138,39,1,2016-12-18T21:39:03.000Z,st_petersburg,2016-12-18T00:00:00.000Z,51,Tug,St. Petersburg,1
59.88225,30.19495,0,0,88,4,SPB,RU,141,0,KAPITAN SOROKIN,3,345312,31,43,28,5138,39,1,2016-12-18T21:39:04.000Z,st_petersburg,2016-12-18T00:00:00.000Z,51,Tug,St. Petersburg,1
59.88225,30.19495,0,0,88,3,SPB,RU,141,0,KAPITAN SOROKIN,3,345312,31,43,28,5138,39,1,2016-12-18T21:41:03.000Z,st_petersburg,2016-12-18T00:00:00.000Z,51,Tug,St. Petersburg,1
59.88225,30.19495,0,0,88,4,SPB,RU,141,0,KAPITAN SOROKIN,3,345312,31,43,28,5138,39,1,2016-12-18T21:41:04.000Z,st_petersburg,2016-12-18T00:00:00.000Z,51,Tug,St. Petersburg,1
59.88224,30.19494,0,0,88,2,SPB,RU,141,0,KAPITAN SOROKIN,3,345312,31,43,28,5138,39,1,2016-12-18T21:43:03.000Z,st_petersburg,2016-12-18T00:00:00.000Z,51,Tug,St. Petersburg,1
59.88224,30.19494,0,0,88,2,SPB,RU,141,0,KAPITAN SOROKIN,3,345312,31,43,28,5138,39,1,2016-12-18T21:43:04.000Z,st_petersburg,2016-12-18T00:00:00.000Z,51,Tug,St. Petersburg,1
59.88224,30.19494,0,0,88,4,SPB,RU,141,0,KAPITAN SOROKIN,3,345312,31,43,28,5138,39,1,2016-12-18T21:45:04.000Z,st_petersburg,2016-12-18T00:00:00.000Z,51,Tug,St. Petersburg,1
59.88224,30.19494,0,0,88,4,SPB,RU,141,0,KAPITAN SOROKIN,3,345312,31,43,28,5138,39,1,2016-12-18T21:45:04.000Z,st_petersburg,2016-12-18T00:00:00.000Z,51,Tug,St. Petersburg,1
59.88228,30.19494,0,0,88,3,SPB,RU,141,0,KAPITAN SOROKIN,3,345312,31,43,28,5138,39,1,2016-12-18T21:47:03.000Z,st_petersburg,2016-12-18T00:00:00.000Z,51,Tug,St. Petersburg,1
59.88228,30.19494,0,0,88,3,SPB,RU,141,0,KAPITAN SOROKIN,3,345312,31,43,28,5138,39,1,2016-12-18T21:47:04.000Z,st_petersburg,2016-12-18T00:00:00.000Z,51,Tug,St. Petersburg,1
59.88225,30.19494,0,0,88,2,SPB,RU,141,0,KAPITAN SOROKIN,3,345312,31,43,28,5138,39,1,2016-12-18T21:49:03.000Z,st_petersburg,2016-12-18T00:00:00.000Z,51,Tug,St. Petersburg,1
59.88225,30.19494,0,0,88,2,SPB,RU,141,0,KAPITAN SOROKIN,3,345312,31,43,28,5138,39,1,2016-12-18T21:49:04.000Z,st_petersburg,2016-12-18T00:00:00.000Z,51,Tug,St. Petersburg,1
59.88225,30.19494,0,0,88,4,SPB,RU,141,0,KAPITAN SOROKIN,3,345312,31,43,28,5138,39,1,2016-12-18T21:51:03.000Z,st_petersburg,2016-12-18T00:00:00.000Z,51,Tug,St. Petersburg,1
59.88225,30.19494,0,0,88,4,SPB,RU,141,0,KAPITAN SOROKIN,3,345312,31,43,28,5138,39,1,2016-12-18T21:51:04.000Z,st_petersburg,2016-12-18T00:00:00.000Z,51,Tug,St. Petersburg,1
59.88224,30.19493,0,0,88,3,SPB,RU,141,0,KAPITAN SOROKIN,3,345312,31,43,28,5138,39,1,2016-12-18T21:53:04.000Z,st_petersburg,2016-12-18T00:00:00.000Z,51,Tug,St. Petersburg,1
59.88224,30.19493,0,0,88,3,SPB,RU,141,0,KAPITAN SOROKIN,3,345312,31,43,28,5138,39,1,2016-12-18T21:53:05.000Z,st_petersburg,2016-12-18T00:00:00.000Z,51,Tug,St. Petersburg,1
59.88224,30.19493,0,0,88,5,SPB,RU,141,0,KAPITAN SOROKIN,3,345312,31,43,28,5138,39,1,2016-12-18T21:55:03.000Z,st_petersburg,2016-12-18T00:00:00.000Z,51,Tug,St. Petersburg,1
59.88224,30.19493,0,0,88,5,SPB,RU,141,0,KAPITAN SOROKIN,3,345312,31,43,28,5138,39,1,2016-12-18T21:55:04.000Z,st_petersburg,2016-12-18T00:00:00.000Z,51,Tug,St. Petersburg,1
59.88224,30.19493,0,0,88,7,SPB,RU,141,0,KAPITAN SOROKIN,3,345312,31,43,28,5138,39,1,2016-12-18T21:57:03.000Z,st_petersburg,2016-12-18T00:00:00.000Z,51,Tug,St. Petersburg,1
59.88224,30.19493,0,0,88,7,SPB,RU,141,0,KAPITAN SOROKIN,3,345312,31,43,28,5138,39,1,2016-12-18T21:57:03.000Z,st_petersburg,2016-12-18T00:00:00.000Z,51,Tug,St. Petersburg,1
59.88224,30.19493,0,0,88,9,SPB,RU,141,0,KAPITAN SOROKIN,3,345312,31,43,28,5138,39,1,2016-12-18T21:59:03.000Z,st_petersburg,2016-12-18T00:00:00.000Z,51,Tug,St. Petersburg,1
59.88224,30.19493,0,0,88,9,SPB,RU,141,0,KAPITAN SOROKIN,3,345312,31,43,28,5138,39,1,2016-12-18T21:59:04.000Z,st_petersburg,2016-12-18T00:00:00.000Z,51,Tug,St. Petersburg,1
59.88223,30.19493,0,0,88,3,SPB,RU,141,0,KAPITAN SOROKIN,3,345312,31,43,28,5138,39,1,2016-12-18T22:01:03.000Z,st_petersburg,2016-12-18T00:00:00.000Z,51,Tug,St. Petersburg,1
59.88223,30.19493,0,0,88,3,SPB,RU,141,0,KAPITAN SOROKIN,3,345312,31,43,28,5138,39,1,2016-12-18T22:01:04.000Z,st_petersburg,2016-12-18T00:00:00.000Z,51,Tug,St. Petersburg,1
59.88223,30.19493,0,0,88,5,SPB,RU,141,0,KAPITAN SOROKIN,3,345312,31,43,28,5138,39,1,2016-12-18T22:03:04.000Z,st_petersburg,2016-12-18T00:00:00.000Z,51,Tug,St. Petersburg,1
59.88223,30.19493,0,0,88,5,SPB,RU,141,0,KAPITAN SOROKIN,3,345312,31,43,28,5138,39,1,2016-12-18T22:03:05.000Z,st_petersburg,2016-12-18T00:00:00.000Z,51,Tug,St. Petersburg,1
59.88223,30.19493,0,0,88,7,SPB,RU,141,0,KAPITAN SOROKIN,3,345312,31,43,28,5138,39,1,2016-12-18T22:05:03.000Z,st_petersburg,2016-12-18T00:00:00.000Z,51,Tug,St. Petersburg,1
59.88223,30.19493,0,0,88,7,SPB,RU,141,0,KAPITAN SOROKIN,3,345312,31,43,28,5138,39,1,2016-12-18T22:05:04.000Z,st_petersburg,2016-12-18T00:00:00.000Z,51,Tug,St. Petersburg,1
59.88223,30.19493,0,0,88,9,SPB,RU,141,0,KAPITAN SOROKIN,3,345312,31,43,28,5138,39,1,2016-12-18T22:07:03.000Z,st_petersburg,2016-12-18T00:00:00.000Z,51,Tug,St. Petersburg,1
59.88223,30.19493,0,0,88,9,SPB,RU,141,0,KAPITAN SOROKIN,3,345312,31,43,28,5138,39,1,2016-12-18T22:07:04.000Z,st_petersburg,2016-12-18T00:00:00.000Z,51,Tug,St. Petersburg,1
59.88225,30.19494,0,0,88,3,SPB,RU,141,0,KAPITAN SOROKIN,3,345312,31,43,28,5138,39,1,2016-12-18T22:09:03.000Z,st_petersburg,2016-12-18T00:00:00.000Z,51,Tug,St. Petersburg,1
59.88225,30.19494,0,0,88,3,SPB,RU,141,0,KAPITAN SOROKIN,3,345312,31,43,28,5138,39,1,2016-12-18T22:09:04.000Z,st_petersburg,2016-12-18T00:00:00.000Z,51,Tug,St. Petersburg,1
59.8822,30.19491,0,0,88,2,SPB,RU,141,0,KAPITAN SOROKIN,3,345312,31,43,28,5138,39,1,2016-12-18T22:11:03.000Z,st_petersburg,2016-12-18T00:00:00.000Z,51,Tug,St. Petersburg,1
59.8822,30.19491,0,0,88,2,SPB,RU,141,0,KAPITAN SOROKIN,3,345312,31,43,28,5138,39,1,2016-12-18T22:11:04.000Z,st_petersburg,2016-12-18T00:00:00.000Z,51,Tug,St. Petersburg,1
59.8822,30.19491,0,0,88,4,SPB,RU,141,0,KAPITAN SOROKIN,3,345312,31,43,28,5138,39,1,2016-12-18T22:13:03.000Z,st_petersburg,2016-12-18T00:00:00.000Z,51,Tug,St. Petersburg,1
59.8822,30.19491,0,0,88,3,SPB,RU,141,0,KAPITAN SOROKIN,3,345312,31,43,28,5138,39,1,2016-12-18T22:13:04.000Z,st_petersburg,2016-12-18T00:00:00.000Z,51,Tug,St. Petersburg,1
59.88226,30.19492,0,0,88,3,SPB,RU,141,0,KAPITAN SOROKIN,3,345312,31,43,28,5138,39,1,2016-12-18T22:15:04.000Z,st_petersburg,2016-12-18T00:00:00.000Z,51,Tug,St. Petersburg,1
59.88226,30.19492,0,0,88,3,SPB,RU,141,0,KAPITAN SOROKIN,3,345312,31,43,28,5138,39,1,2016-12-18T22:15:05.000Z,st_petersburg,2016-12-18T00:00:00.000Z,51,Tug,St. Petersburg,1
59.88225,30.19491,0,0,88,2,SPB,RU,141,0,KAPITAN SOROKIN,3,345312,31,43,28,5138,39,1,2016-12-18T22:17:03.000Z,st_petersburg,2016-12-18T00:00:00.000Z,51,Tug,St. Petersburg,1
59.88226,30.19492,0,0,88,3,SPB,RU,141,0,KAPITAN SOROKIN,3,345312,31,43,28,5138,39,1,2016-12-18T22:17:04.000Z,st_petersburg,2016-12-18T00:00:00.000Z,51,Tug,St. Petersburg,1
59.88225,30.19491,0,0,88,4,SPB,RU,141,0,KAPITAN SOROKIN,3,345312,31,43,28,5138,39,1,2016-12-18T22:19:03.000Z,st_petersburg,2016-12-18T00:00:00.000Z,51,Tug,St. Petersburg,1
59.88225,30.19491,0,0,88,3,SPB,RU,141,0,KAPITAN SOROKIN,3,345312,31,43,28,5138,39,1,2016-12-18T22:19:04.000Z,st_petersburg,2016-12-18T00:00:00.000Z,51,Tug,St. Petersburg,1
59.88227,30.19497,0,0,88,3,SPB,RU,141,0,KAPITAN SOROKIN,3,345312,31,43,28,5138,39,1,2016-12-18T22:21:03.000Z,st_petersburg,2016-12-18T00:00:00.000Z,51,Tug,St. Petersburg,1
59.88227,30.19497,0,0,88,3,SPB,RU,141,0,KAPITAN SOROKIN,3,345312,31,43,28,5138,39,1,2016-12-18T22:21:04.000Z,st_petersburg,2016-12-18T00:00:00.000Z,51,Tug,St. Petersburg,1
59.88224,30.19492,0,0,88,2,SPB,RU,141,0,KAPITAN SOROKIN,3,345312,31,43,28,5138,39,1,2016-12-18T22:23:03.000Z,st_petersburg,2016-12-18T00:00:00.000Z,51,Tug,St. Petersburg,1
59.88224,30.19492,0,0,88,1,SPB,RU,141,0,KAPITAN SOROKIN,3,345312,31,43,28,5138,39,1,2016-12-18T22:23:04.000Z,st_petersburg,2016-12-18T00:00:00.000Z,51,Tug,St. Petersburg,1
59.88224,30.19492,0,0,88,4,SPB,RU,141,0,KAPITAN SOROKIN,3,345312,31,43,28,5138,39,1,2016-12-18T22:25:03.000Z,st_petersburg,2016-12-18T00:00:00.000Z,51,Tug,St. Petersburg,1
59.88224,30.19492,0,0,88,4,SPB,RU,141,0,KAPITAN SOROKIN,3,345312,31,43,28,5138,39,1,2016-12-18T22:25:04.000Z,st_petersburg,2016-12-18T00:00:00.000Z,51,Tug,St. Petersburg,1
59.88224,30.19498,0,0,88,3,SPB,RU,141,0,KAPITAN SOROKIN,3,345312,31,43,28,5138,39,1,2016-12-18T22:27:03.000Z,st_petersburg,2016-12-18T00:00:00.000Z,51,Tug,St. Petersburg,1
59.88224,30.19498,0,0,88,3,SPB,RU,141,0,KAPITAN SOROKIN,3,345312,31,43,28,5138,39,1,2016-12-18T22:27:04.000Z,st_petersburg,2016-12-18T00:00:00.000Z,51,Tug,St. Petersburg,1
59.88227,30.19497,1,0,88,2,SPB,RU,141,0,KAPITAN SOROKIN,3,345312,31,43,28,5138,39,1,2016-12-18T22:29:03.000Z,st_petersburg,2016-12-18T00:00:00.000Z,51,Tug,St. Petersburg,1
59.88227,30.19497,1,0,88,2,SPB,RU,141,0,KAPITAN SOROKIN,3,345312,31,43,28,5138,39,1,2016-12-18T22:29:03.000Z,st_petersburg,2016-12-18T00:00:00.000Z,51,Tug,St. Petersburg,1
59.88227,30.19497,1,0,88,4,SPB,RU,141,0,KAPITAN SOROKIN,3,345312,31,43,28,5138,39,1,2016-12-18T22:31:03.000Z,st_petersburg,2016-12-18T00:00:00.000Z,51,Tug,St. Petersburg,1
59.88227,30.19497,1,0,88,4,SPB,RU,141,0,KAPITAN SOROKIN,3,345312,31,43,28,5138,39,1,2016-12-18T22:31:04.000Z,st_petersburg,2016-12-18T00:00:00.000Z,51,Tug,St. Petersburg,1
59.88225,30.19496,0,0,88,3,SPB,RU,141,0,KAPITAN SOROKIN,3,345312,31,43,28,5138,39,1,2016-12-18T22:33:03.000Z,st_petersburg,2016-12-18T00:00:00.000Z,51,Tug,St. Petersburg,1
59.88225,30.19496,0,0,88,3,SPB,RU,141,0,KAPITAN SOROKIN,3,345312,31,43,28,5138,39,1,2016-12-18T22:33:04.000Z,st_petersburg,2016-12-18T00:00:00.000Z,51,Tug,St. Petersburg,1
59.88225,30.19494,0,0,88,2,SPB,RU,141,0,KAPITAN SOROKIN,3,345312,31,43,28,5138,39,1,2016-12-18T22:35:03.000Z,st_petersburg,2016-12-18T00:00:00.000Z,51,Tug,St. Petersburg,1
59.88225,30.19494,0,0,88,2,SPB,RU,141,0,KAPITAN SOROKIN,3,345312,31,43,28,5138,39,1,2016-12-18T22:35:04.000Z,st_petersburg,2016-12-18T00:00:00.000Z,51,Tug,St. Petersburg,1
59.88225,30.19494,0,0,88,4,SPB,RU,141,0,KAPITAN SOROKIN,3,345312,31,43,28,5138,39,1,2016-12-18T22:37:03.000Z,st_petersburg,2016-12-18T00:00:00.000Z,51,Tug,St. Petersburg,1
59.88225,30.19494,0,0,88,4,SPB,RU,141,0,KAPITAN SOROKIN,3,345312,31,43,28,5138,39,1,2016-12-18T22:37:04.000Z,st_petersburg,2016-12-18T00:00:00.000Z,51,Tug,St. Petersburg,1
59.88224,30.19497,0,0,88,3,SPB,RU,141,0,KAPITAN SOROKIN,3,345312,31,43,28,5138,39,1,2016-12-18T22:39:04.000Z,st_petersburg,2016-12-18T00:00:00.000Z,51,Tug,St. Petersburg,1
59.88224,30.19497,0,0,88,3,SPB,RU,141,0,KAPITAN SOROKIN,3,345312,31,43,28,5138,39,1,2016-12-18T22:39:04.000Z,st_petersburg,2016-12-18T00:00:00.000Z,51,Tug,St. Petersburg,1
59.88224,30.19497,0,0,88,5,SPB,RU,141,0,KAPITAN SOROKIN,3,345312,31,43,28,5138,39,1,2016-12-18T22:41:04.000Z,st_petersburg,2016-12-18T00:00:00.000Z,51,Tug,St. Petersburg,1
59.88224,30.19497,0,0,88,5,SPB,RU,141,0,KAPITAN SOROKIN,3,345312,31,43,28,5138,39,1,2016-12-18T22:41:05.000Z,st_petersburg,2016-12-18T00:00:00.000Z,51,Tug,St. Petersburg,1
59.88224,30.19497,0,0,88,7,SPB,RU,141,0,KAPITAN SOROKIN,3,345312,31,43,28,5138,39,1,2016-12-18T22:43:03.000Z,st_petersburg,2016-12-18T00:00:00.000Z,51,Tug,St. Petersburg,1
59.88224,30.19497,0,0,88,7,SPB,RU,141,0,KAPITAN SOROKIN,3,345312,31,43,28,5138,39,1,2016-12-18T22:43:04.000Z,st_petersburg,2016-12-18T00:00:00.000Z,51,Tug,St. Petersburg,1
59.88224,30.19497,0,0,88,9,SPB,RU,141,0,KAPITAN SOROKIN,3,345312,31,43,28,5138,39,1,2016-12-18T22:45:03.000Z,st_petersburg,2016-12-18T00:00:00.000Z,51,Tug,St. Petersburg,1
59.88224,30.19497,0,0,88,7,SPB,RU,141,0,KAPITAN SOROKIN,3,345312,31,43,28,5138,39,1,2016-12-18T22:45:04.000Z,st_petersburg,2016-12-18T00:00:00.000Z,51,Tug,St. Petersburg,1
59.88224,30.19497,0,0,88,9,SPB,RU,141,0,KAPITAN SOROKIN,3,345312,31,43,28,5138,39,1,2016-12-18T22:47:03.000Z,st_petersburg,2016-12-18T00:00:00.000Z,51,Tug,St. Petersburg,1
59.88225,30.19492,0,0,88,3,SPB,RU,141,0,KAPITAN SOROKIN,3,345312,31,43,28,5138,39,1,2016-12-18T22:47:04.000Z,st_petersburg,2016-12-18T00:00:00.000Z,51,Tug,St. Petersburg,1
59.88225,30.19492,0,0,88,5,SPB,RU,141,0,KAPITAN SOROKIN,3,345312,31,43,28,5138,39,1,2016-12-18T22:49:03.000Z,st_petersburg,2016-12-18T00:00:00.000Z,51,Tug,St. Petersburg,1
59.88225,30.19492,0,0,88,5,SPB,RU,141,0,KAPITAN SOROKIN,3,345312,31,43,28,5138,39,1,2016-12-18T22:49:04.000Z,st_petersburg,2016-12-18T00:00:00.000Z,51,Tug,St. Petersburg,1
59.88225,30.19492,0,0,88,7,SPB,RU,141,0,KAPITAN SOROKIN,3,345312,31,43,28,5138,39,1,2016-12-18T22:51:03.000Z,st_petersburg,2016-12-18T00:00:00.000Z,51,Tug,St. Petersburg,1
59.88225,30.19492,0,0,88,7,SPB,RU,141,0,KAPITAN SOROKIN,3,345312,31,43,28,5138,39,1,2016-12-18T22:51:04.000Z,st_petersburg,2016-12-18T00:00:00.000Z,51,Tug,St. Petersburg,1
59.88225,30.19492,0,0,88,9,SPB,RU,141,0,KAPITAN SOROKIN,3,345312,31,43,28,5138,39,1,2016-12-18T22:53:04.000Z,st_petersburg,2016-12-18T00:00:00.000Z,51,Tug,St. Petersburg,1
59.88225,30.19492,0,0,88,7,SPB,RU,141,0,KAPITAN SOROKIN,3,345312,31,43,28,5138,39,1,2016-12-18T22:53:04.000Z,st_petersburg,2016-12-18T00:00:00.000Z,51,Tug,St. Petersburg,1
59.88225,30.19492,0,0,88,9,SPB,RU,141,0,KAPITAN SOROKIN,3,345312,31,43,28,5138,39,1,2016-12-18T22:55:03.000Z,st_petersburg,2016-12-18T00:00:00.000Z,51,Tug,St. Petersburg,1
59.88225,30.19492,0,0,88,11,SPB,RU,141,0,KAPITAN SOROKIN,3,345312,31,43,28,5138,39,1,2016-12-18T22:55:04.000Z,st_petersburg,2016-12-18T00:00:00.000Z,51,Tug,St. Petersburg,1
59.88225,30.19492,0,0,88,13,SPB,RU,141,0,KAPITAN SOROKIN,3,345312,31,43,28,5138,39,1,2016-12-18T22:57:04.000Z,st_petersburg,2016-12-18T00:00:00.000Z,51,Tug,St. Petersburg,1
59.88225,30.19492,0,0,88,13,SPB,RU,141,0,KAPITAN SOROKIN,3,345312,31,43,28,5138,39,1,2016-12-18T22:57:04.000Z,st_petersburg,2016-12-18T00:00:00.000Z,51,Tug,St. Petersburg,1
59.88225,30.19496,0,0,88,4,SPB,RU,141,0,KAPITAN SOROKIN,3,345312,31,43,28,5138,39,1,2016-12-18T22:59:03.000Z,st_petersburg,2016-12-18T00:00:00.000Z,51,Tug,St. Petersburg,1
59.88225,30.19496,0,0,88,4,SPB,RU,141,0,KAPITAN SOROKIN,3,345312,31,43,28,5138,39,1,2016-12-18T22:59:04.000Z,st_petersburg,2016-12-18T00:00:00.000Z,51,Tug,St. Petersburg,1
59.88225,30.19496,0,0,88,6,SPB,RU,141,0,KAPITAN SOROKIN,3,345312,31,43,28,5138,39,1,2016-12-18T23:01:03.000Z,st_petersburg,2016-12-18T00:00:00.000Z,51,Tug,St. Petersburg,1
59.88225,30.19496,0,0,88,6,SPB,RU,141,0,KAPITAN SOROKIN,3,345312,31,43,28,5138,39,1,2016-12-18T23:01:04.000Z,st_petersburg,2016-12-18T00:00:00.000Z,51,Tug,St. Petersburg,1
59.88225,30.19496,0,0,88,8,SPB,RU,141,0,KAPITAN SOROKIN,3,345312,31,43,28,5138,39,1,2016-12-18T23:03:04.000Z,st_petersburg,2016-12-18T00:00:00.000Z,51,Tug,St. Petersburg,1
59.88225,30.19496,0,0,88,8,SPB,RU,141,0,KAPITAN SOROKIN,3,345312,31,43,28,5138,39,1,2016-12-18T23:03:04.000Z,st_petersburg,2016-12-18T00:00:00.000Z,51,Tug,St. Petersburg,1
59.88225,30.19496,0,0,88,8,SPB,RU,141,0,KAPITAN SOROKIN,3,345312,31,43,28,5138,39,1,2016-12-18T23:05:03.000Z,st_petersburg,2016-12-18T00:00:00.000Z,51,Tug,St. Petersburg,1
59.88228,30.19495,0,0,88,2,SPB,RU,141,0,KAPITAN SOROKIN,3,345312,31,43,28,5138,39,1,2016-12-18T23:05:04.000Z,st_petersburg,2016-12-18T00:00:00.000Z,51,Tug,St. Petersburg,1
59.88228,30.19495,0,0,88,4,SPB,RU,141,0,KAPITAN SOROKIN,3,345312,31,43,28,5138,39,1,2016-12-18T23:07:04.000Z,st_petersburg,2016-12-18T00:00:00.000Z,51,Tug,St. Petersburg,1
59.88228,30.19495,0,0,88,4,SPB,RU,141,0,KAPITAN SOROKIN,3,345312,31,43,28,5138,39,1,2016-12-18T23:07:05.000Z,st_petersburg,2016-12-18T00:00:00.000Z,51,Tug,St. Petersburg,1
59.88227,30.19495,0,0,88,3,SPB,RU,141,0,KAPITAN SOROKIN,3,345312,31,43,28,5138,39,1,2016-12-18T23:09:03.000Z,st_petersburg,2016-12-18T00:00:00.000Z,51,Tug,St. Petersburg,1
59.88227,30.19495,0,0,88,3,SPB,RU,141,0,KAPITAN SOROKIN,3,345312,31,43,28,5138,39,1,2016-12-18T23:09:04.000Z,st_petersburg,2016-12-18T00:00:00.000Z,51,Tug,St. Petersburg,1
59.88227,30.19495,0,0,88,5,SPB,RU,141,0,KAPITAN SOROKIN,3,345312,31,43,28,5138,39,1,2016-12-18T23:11:03.000Z,st_petersburg,2016-12-18T00:00:00.000Z,51,Tug,St. Petersburg,1
59.88227,30.19495,0,0,88,5,SPB,RU,141,0,KAPITAN SOROKIN,3,345312,31,43,28,5138,39,1,2016-12-18T23:11:04.000Z,st_petersburg,2016-12-18T00:00:00.000Z,51,Tug,St. Petersburg,1
59.88228,30.19495,1,0,88,3,SPB,RU,141,0,KAPITAN SOROKIN,3,345312,31,43,28,5138,39,1,2016-12-18T23:13:03.000Z,st_petersburg,2016-12-18T00:00:00.000Z,51,Tug,St. Petersburg,1
59.88228,30.19495,1,0,88,3,SPB,RU,141,0,KAPITAN SOROKIN,3,345312,31,43,28,5138,39,1,2016-12-18T23:13:04.000Z,st_petersburg,2016-12-18T00:00:00.000Z,51,Tug,St. Petersburg,1
59.88227,30.19495,0,0,88,2,SPB,RU,141,0,KAPITAN SOROKIN,3,345312,31,43,28,5138,39,1,2016-12-18T23:15:03.000Z,st_petersburg,2016-12-18T00:00:00.000Z,51,Tug,St. Petersburg,1
59.88227,30.19495,0,0,88,2,SPB,RU,141,0,KAPITAN SOROKIN,3,345312,31,43,28,5138,39,1,2016-12-18T23:15:04.000Z,st_petersburg,2016-12-18T00:00:00.000Z,51,Tug,St. Petersburg,1
59.88227,30.19495,0,0,88,4,SPB,RU,141,0,KAPITAN SOROKIN,3,345312,31,43,28,5138,39,1,2016-12-18T23:17:03.000Z,st_petersburg,2016-12-18T00:00:00.000Z,51,Tug,St. Petersburg,1
59.88227,30.19495,0,0,88,4,SPB,RU,141,0,KAPITAN SOROKIN,3,345312,31,43,28,5138,39,1,2016-12-18T23:17:04.000Z,st_petersburg,2016-12-18T00:00:00.000Z,51,Tug,St. Petersburg,1
59.8823,30.19495,0,0,88,3,SPB,RU,141,0,KAPITAN SOROKIN,3,345312,31,43,28,5138,39,1,2016-12-18T23:19:04.000Z,st_petersburg,2016-12-18T00:00:00.000Z,51,Tug,St. Petersburg,1
59.8823,30.19495,0,0,88,3,SPB,RU,141,0,KAPITAN SOROKIN,3,345312,31,43,28,5138,39,1,2016-12-18T23:19:04.000Z,st_petersburg,2016-12-18T00:00:00.000Z,51,Tug,St. Petersburg,1
59.88229,30.19495,0,0,88,2,SPB,RU,141,0,KAPITAN SOROKIN,3,345312,31,43,28,5138,39,1,2016-12-18T23:21:03.000Z,st_petersburg,2016-12-18T00:00:00.000Z,51,Tug,St. Petersburg,1
59.88229,30.19495,0,0,88,2,SPB,RU,141,0,KAPITAN SOROKIN,3,345312,31,43,28,5138,39,1,2016-12-18T23:21:04.000Z,st_petersburg,2016-12-18T00:00:00.000Z,51,Tug,St. Petersburg,1
59.88229,30.19495,0,0,88,4,SPB,RU,141,0,KAPITAN SOROKIN,3,345312,31,43,28,5138,39,1,2016-12-18T23:23:03.000Z,st_petersburg,2016-12-18T00:00:00.000Z,51,Tug,St. Petersburg,1
59.88229,30.19495,0,0,88,4,SPB,RU,141,0,KAPITAN SOROKIN,3,345312,31,43,28,5138,39,1,2016-12-18T23:23:04.000Z,st_petersburg,2016-12-18T00:00:00.000Z,51,Tug,St. Petersburg,1
59.88229,30.19495,0,0,88,6,SPB,RU,141,0,KAPITAN SOROKIN,3,345312,31,43,28,5138,39,1,2016-12-18T23:25:03.000Z,st_petersburg,2016-12-18T00:00:00.000Z,51,Tug,St. Petersburg,1
59.88229,30.19495,0,0,88,6,SPB,RU,141,0,KAPITAN SOROKIN,3,345312,31,43,28,5138,39,1,2016-12-18T23:25:04.000Z,st_petersburg,2016-12-18T00:00:00.000Z,51,Tug,St. Petersburg,1
59.88229,30.19495,0,0,88,8,SPB,RU,141,0,KAPITAN SOROKIN,3,345312,31,43,28,5138,39,1,2016-12-18T23:27:03.000Z,st_petersburg,2016-12-18T00:00:00.000Z,51,Tug,St. Petersburg,1
59.88229,30.19495,0,0,88,8,SPB,RU,141,0,KAPITAN SOROKIN,3,345312,31,43,28,5138,39,1,2016-12-18T23:27:04.000Z,st_petersburg,2016-12-18T00:00:00.000Z,51,Tug,St. Petersburg,1
59.88231,30.19491,0,0,88,2,SPB,RU,141,0,KAPITAN SOROKIN,3,345312,31,43,28,5138,39,1,2016-12-18T23:29:04.000Z,st_petersburg,2016-12-18T00:00:00.000Z,51,Tug,St. Petersburg,1
59.88229,30.19495,0,0,88,8,SPB,RU,141,0,KAPITAN SOROKIN,3,345312,31,43,28,5138,39,1,2016-12-18T23:29:05.000Z,st_petersburg,2016-12-18T00:00:00.000Z,51,Tug,St. Petersburg,1
59.88231,30.19491,0,0,88,4,SPB,RU,141,0,KAPITAN SOROKIN,3,345312,31,43,28,5138,39,1,2016-12-18T23:31:03.000Z,st_petersburg,2016-12-18T00:00:00.000Z,51,Tug,St. Petersburg,1
59.88231,30.19491,0,0,88,3,SPB,RU,141,0,KAPITAN SOROKIN,3,345312,31,43,28,5138,39,1,2016-12-18T23:31:04.000Z,st_petersburg,2016-12-18T00:00:00.000Z,51,Tug,St. Petersburg,1
59.88227,30.1949,1,0,88,3,SPB,RU,141,0,KAPITAN SOROKIN,3,345312,31,43,28,5138,39,1,2016-12-18T23:33:04.000Z,st_petersburg,2016-12-18T00:00:00.000Z,51,Tug,St. Petersburg,1
59.88227,30.1949,1,0,88,3,SPB,RU,141,0,KAPITAN SOROKIN,3,345312,31,43,28,5138,39,1,2016-12-18T23:33:05.000Z,st_petersburg,2016-12-18T00:00:00.000Z,51,Tug,St. Petersburg,1
59.88227,30.1949,1,0,88,5,SPB,RU,141,0,KAPITAN SOROKIN,3,345312,31,43,28,5138,39,1,2016-12-18T23:35:04.000Z,st_petersburg,2016-12-18T00:00:00.000Z,51,Tug,St. Petersburg,1
59.88227,30.1949,1,0,88,4,SPB,RU,141,0,KAPITAN SOROKIN,3,345312,31,43,28,5138,39,1,2016-12-18T23:35:04.000Z,st_petersburg,2016-12-18T00:00:00.000Z,51,Tug,St. Petersburg,1
59.88227,30.1949,1,0,88,5,SPB,RU,141,0,KAPITAN SOROKIN,3,345312,31,43,28,5138,39,1,2016-12-18T23:37:03.000Z,st_petersburg,2016-12-18T00:00:00.000Z,51,Tug,St. Petersburg,1
59.88226,30.19494,1,0,88,1,SPB,RU,141,0,KAPITAN SOROKIN,3,345312,31,43,28,5138,39,1,2016-12-18T23:37:04.000Z,st_petersburg,2016-12-18T00:00:00.000Z,51,Tug,St. Petersburg,1
59.88227,30.19492,0,0,88,2,SPB,RU,141,0,KAPITAN SOROKIN,3,345312,31,43,28,5138,39,1,2016-12-18T23:39:04.000Z,st_petersburg,2016-12-18T00:00:00.000Z,51,Tug,St. Petersburg,1
59.88227,30.19492,0,0,88,2,SPB,RU,141,0,KAPITAN SOROKIN,3,345312,31,43,28,5138,39,1,2016-12-18T23:39:05.000Z,st_petersburg,2016-12-18T00:00:00.000Z,51,Tug,St. Petersburg,1
59.88227,30.19492,0,0,88,4,SPB,RU,141,0,KAPITAN SOROKIN,3,345312,31,43,28,5138,39,1,2016-12-18T23:41:04.000Z,st_petersburg,2016-12-18T00:00:00.000Z,51,Tug,St. Petersburg,1
59.88227,30.19492,0,0,88,4,SPB,RU,141,0,KAPITAN SOROKIN,3,345312,31,43,28,5138,39,1,2016-12-18T23:41:05.000Z,st_petersburg,2016-12-18T00:00:00.000Z,51,Tug,St. Petersburg,1
59.88223,30.19494,0,0,88,3,SPB,RU,141,0,KAPITAN SOROKIN,3,345312,31,43,28,5138,39,1,2016-12-18T23:43:03.000Z,st_petersburg,2016-12-18T00:00:00.000Z,51,Tug,St. Petersburg,1
59.88223,30.19494,0,0,88,3,SPB,RU,141,0,KAPITAN SOROKIN,3,345312,31,43,28,5138,39,1,2016-12-18T23:43:04.000Z,st_petersburg,2016-12-18T00:00:00.000Z,51,Tug,St. Petersburg,1
59.88226,30.19498,0,0,88,2,SPB,RU,141,0,KAPITAN SOROKIN,3,345312,31,43,28,5138,39,1,2016-12-18T23:45:04.000Z,st_petersburg,2016-12-18T00:00:00.000Z,51,Tug,St. Petersburg,1
59.88226,30.19498,0,0,88,2,SPB,RU,141,0,KAPITAN SOROKIN,3,345312,31,43,28,5138,39,1,2016-12-18T23:45:05.000Z,st_petersburg,2016-12-18T00:00:00.000Z,51,Tug,St. Petersburg,1
59.88226,30.19498,0,0,88,4,SPB,RU,141,0,KAPITAN SOROKIN,3,345312,31,43,28,5138,39,1,2016-12-18T23:47:03.000Z,st_petersburg,2016-12-18T00:00:00.000Z,51,Tug,St. Petersburg,1
59.88226,30.19498,0,0,88,2,SPB,RU,141,0,KAPITAN SOROKIN,3,345312,31,43,28,5138,39,1,2016-12-18T23:47:04.000Z,st_petersburg,2016-12-18T00:00:00.000Z,51,Tug,St. Petersburg,1
59.88221,30.19493,0,0,88,3,SPB,RU,141,0,KAPITAN SOROKIN,3,345312,31,43,28,5138,39,1,2016-12-18T23:49:04.000Z,st_petersburg,2016-12-18T00:00:00.000Z,51,Tug,St. Petersburg,1
59.88221,30.19493,0,0,88,3,SPB,RU,141,0,KAPITAN SOROKIN,3,345312,31,43,28,5138,39,1,2016-12-18T23:49:05.000Z,st_petersburg,2016-12-18T00:00:00.000Z,51,Tug,St. Petersburg,1
59.88226,30.19496,0,0,88,2,SPB,RU,141,0,KAPITAN SOROKIN,3,345312,31,43,28,5138,39,1,2016-12-18T23:51:03.000Z,st_petersburg,2016-12-18T00:00:00.000Z,51,Tug,St. Petersburg,1
59.88226,30.19496,0,0,88,2,SPB,RU,141,0,KAPITAN SOROKIN,3,345312,31,43,28,5138,39,1,2016-12-18T23:51:04.000Z,st_petersburg,2016-12-18T00:00:00.000Z,51,Tug,St. Petersburg,1
59.88226,30.19496,0,0,88,4,SPB,RU,141,0,KAPITAN SOROKIN,3,345312,31,43,28,5138,39,1,2016-12-18T23:53:03.000Z,st_petersburg,2016-12-18T00:00:00.000Z,51,Tug,St. Petersburg,1
59.88226,30.19496,0,0,88,4,SPB,RU,141,0,KAPITAN SOROKIN,3,345312,31,43,28,5138,39,1,2016-12-18T23:53:04.000Z,st_petersburg,2016-12-18T00:00:00.000Z,51,Tug,St. Petersburg,1
59.88226,30.19496,0,0,88,6,SPB,RU,141,0,KAPITAN SOROKIN,3,345312,31,43,28,5138,39,1,2016-12-18T23:55:03.000Z,st_petersburg,2016-12-18T00:00:00.000Z,51,Tug,St. Petersburg,1
59.88226,30.19496,0,0,88,4,SPB,RU,141,0,KAPITAN SOROKIN,3,345312,31,43,28,5138,39,1,2016-12-18T23:55:04.000Z,st_petersburg,2016-12-18T00:00:00.000Z,51,Tug,St. Petersburg,1
59.88226,30.19496,0,0,88,8,SPB,RU,141,0,KAPITAN SOROKIN,3,345312,31,43,28,5138,39,1,2016-12-18T23:57:03.000Z,st_petersburg,2016-12-18T00:00:00.000Z,51,Tug,St. Petersburg,1
59.88226,30.19496,0,0,88,8,SPB,RU,141,0,KAPITAN SOROKIN,3,345312,31,43,28,5138,39,1,2016-12-18T23:57:04.000Z,st_petersburg,2016-12-18T00:00:00.000Z,51,Tug,St. Petersburg,1
59.88227,30.19494,0,0,88,2,SPB,RU,141,0,KAPITAN SOROKIN,3,345312,31,43,28,5138,39,1,2016-12-18T23:59:03.000Z,st_petersburg,2016-12-18T00:00:00.000Z,51,Tug,St. Petersburg,1
59.88227,30.19494,0,0,88,2,SPB,RU,141,0,KAPITAN SOROKIN,3,345312,31,43,28,5138,39,1,2016-12-18T23:59:04.000Z,st_petersburg,2016-12-18T00:00:00.000Z,51,Tug,St. Petersburg,1
59.88227,30.19494,0,0,88,4,SPB,RU,141,0,KAPITAN SOROKIN,3,345312,31,43,28,5138,39,1,2016-12-19T00:01:35.000Z,st_petersburg,2016-12-19T00:00:00.000Z,51,Tug,St. Petersburg,1
59.88227,30.19494,0,0,88,4,SPB,RU,141,0,KAPITAN SOROKIN,3,345312,31,43,28,5138,39,1,2016-12-19T00:01:35.000Z,st_petersburg,2016-12-19T00:00:00.000Z,51,Tug,St. Petersburg,1
59.88227,30.19494,0,0,88,6,SPB,RU,141,0,KAPITAN SOROKIN,3,345312,31,43,28,5138,39,1,2016-12-19T00:03:03.000Z,st_petersburg,2016-12-19T00:00:00.000Z,51,Tug,St. Petersburg,1
59.88227,30.19494,0,0,88,6,SPB,RU,141,0,KAPITAN SOROKIN,3,345312,31,43,28,5138,39,1,2016-12-19T00:03:04.000Z,st_petersburg,2016-12-19T00:00:00.000Z,51,Tug,St. Petersburg,1
59.88227,30.19494,0,0,88,8,SPB,RU,141,0,KAPITAN SOROKIN,3,345312,31,43,28,5138,39,1,2016-12-19T00:05:04.000Z,st_petersburg,2016-12-19T00:00:00.000Z,51,Tug,St. Petersburg,1
59.88227,30.19494,0,0,88,8,SPB,RU,141,0,KAPITAN SOROKIN,3,345312,31,43,28,5138,39,1,2016-12-19T00:05:06.000Z,st_petersburg,2016-12-19T00:00:00.000Z,51,Tug,St. Petersburg,1
59.88221,30.19496,0,0,88,2,SPB,RU,141,0,KAPITAN SOROKIN,3,345312,31,43,28,5138,39,1,2016-12-19T00:07:03.000Z,st_petersburg,2016-12-19T00:00:00.000Z,51,Tug,St. Petersburg,1
59.88221,30.19496,0,0,88,2,SPB,RU,141,0,KAPITAN SOROKIN,3,345312,31,43,28,5138,39,1,2016-12-19T00:07:04.000Z,st_petersburg,2016-12-19T00:00:00.000Z,51,Tug,St. Petersburg,1
59.88221,30.19496,0,0,88,4,SPB,RU,141,0,KAPITAN SOROKIN,3,345312,31,43,28,5138,39,1,2016-12-19T00:09:04.000Z,st_petersburg,2016-12-19T00:00:00.000Z,51,Tug,St. Petersburg,1
59.88221,30.19496,0,0,88,4,SPB,RU,141,0,KAPITAN SOROKIN,3,345312,31,43,28,5138,39,1,2016-12-19T00:09:05.000Z,st_petersburg,2016-12-19T00:00:00.000Z,51,Tug,St. Petersburg,1
59.88225,30.19497,0,0,88,3,SPB,RU,141,0,KAPITAN SOROKIN,3,345312,31,43,28,5138,39,1,2016-12-19T00:11:03.000Z,st_petersburg,2016-12-19T00:00:00.000Z,51,Tug,St. Petersburg,1
59.88225,30.19497,0,0,88,3,SPB,RU,141,0,KAPITAN SOROKIN,3,345312,31,43,28,5138,39,1,2016-12-19T00:11:04.000Z,st_petersburg,2016-12-19T00:00:00.000Z,51,Tug,St. Petersburg,1
59.88225,30.19497,0,0,88,5,SPB,RU,141,0,KAPITAN SOROKIN,3,345312,31,43,28,5138,39,1,2016-12-19T00:13:04.000Z,st_petersburg,2016-12-19T00:00:00.000Z,51,Tug,St. Petersburg,1
59.88225,30.19497,0,0,88,5,SPB,RU,141,0,KAPITAN SOROKIN,3,345312,31,43,28,5138,39,1,2016-12-19T00:13:05.000Z,st_petersburg,2016-12-19T00:00:00.000Z,51,Tug,St. Petersburg,1
59.88225,30.19496,0,0,88,3,SPB,RU,141,0,KAPITAN SOROKIN,3,345312,31,43,28,5138,39,1,2016-12-19T00:15:05.000Z,st_petersburg,2016-12-19T00:00:00.000Z,51,Tug,St. Petersburg,1
59.88225,30.19496,0,0,88,3,SPB,RU,141,0,KAPITAN SOROKIN,3,345312,31,43,28,5138,39,1,2016-12-19T00:15:06.000Z,st_petersburg,2016-12-19T00:00:00.000Z,51,Tug,St. Petersburg,1
59.88224,30.19496,0,0,88,2,SPB,RU,141,0,KAPITAN SOROKIN,3,345312,31,43,28,5138,39,1,2016-12-19T00:17:04.000Z,st_petersburg,2016-12-19T00:00:00.000Z,51,Tug,St. Petersburg,1
59.88224,30.19496,0,0,88,1,SPB,RU,141,0,KAPITAN SOROKIN,3,345312,31,43,28,5138,39,1,2016-12-19T00:17:04.000Z,st_petersburg,2016-12-19T00:00:00.000Z,51,Tug,St. Petersburg,1
59.88224,30.19496,0,0,88,4,SPB,RU,141,0,KAPITAN SOROKIN,3,345312,31,43,28,5138,39,1,2016-12-19T00:19:03.000Z,st_petersburg,2016-12-19T00:00:00.000Z,51,Tug,St. Petersburg,1
59.88224,30.19496,0,0,88,4,SPB,RU,141,0,KAPITAN SOROKIN,3,345312,31,43,28,5138,39,1,2016-12-19T00:19:04.000Z,st_petersburg,2016-12-19T00:00:00.000Z,51,Tug,St. Petersburg,1
59.88224,30.19496,0,0,88,6,SPB,RU,141,0,KAPITAN SOROKIN,3,345312,31,43,28,5138,39,1,2016-12-19T00:21:03.000Z,st_petersburg,2016-12-19T00:00:00.000Z,51,Tug,St. Petersburg,1
59.88224,30.19496,0,0,88,6,SPB,RU,141,0,KAPITAN SOROKIN,3,345312,31,43,28,5138,39,1,2016-12-19T00:21:04.000Z,st_petersburg,2016-12-19T00:00:00.000Z,51,Tug,St. Petersburg,1
59.88224,30.19496,0,0,88,8,SPB,RU,141,0,KAPITAN SOROKIN,3,345312,31,43,28,5138,39,1,2016-12-19T00:23:04.000Z,st_petersburg,2016-12-19T00:00:00.000Z,51,Tug,St. Petersburg,1
59.88224,30.19496,0,0,88,8,SPB,RU,141,0,KAPITAN SOROKIN,3,345312,31,43,28,5138,39,1,2016-12-19T00:23:05.000Z,st_petersburg,2016-12-19T00:00:00.000Z,51,Tug,St. Petersburg,1
59.88224,30.19496,0,0,88,8,SPB,RU,141,0,KAPITAN SOROKIN,3,345312,31,43,28,5138,39,1,2016-12-19T00:25:03.000Z,st_petersburg,2016-12-19T00:00:00.000Z,51,Tug,St. Petersburg,1
59.88225,30.19491,0,0,88,2,SPB,RU,141,0,KAPITAN SOROKIN,3,345312,31,43,28,5138,39,1,2016-12-19T00:25:05.000Z,st_petersburg,2016-12-19T00:00:00.000Z,51,Tug,St. Petersburg,1
59.88225,30.19491,0,0,88,4,SPB,RU,141,0,KAPITAN SOROKIN,3,345312,31,43,28,5138,39,1,2016-12-19T00:27:04.000Z,st_petersburg,2016-12-19T00:00:00.000Z,51,Tug,St. Petersburg,1
59.88225,30.19491,0,0,88,4,SPB,RU,141,0,KAPITAN SOROKIN,3,345312,31,43,28,5138,39,1,2016-12-19T00:27:05.000Z,st_petersburg,2016-12-19T00:00:00.000Z,51,Tug,St. Petersburg,1
59.88224,30.19492,0,0,88,3,SPB,RU,141,0,KAPITAN SOROKIN,3,345312,31,43,28,5138,39,1,2016-12-19T00:29:03.000Z,st_petersburg,2016-12-19T00:00:00.000Z,51,Tug,St. Petersburg,1
59.88224,30.19492,0,0,88,3,SPB,RU,141,0,KAPITAN SOROKIN,3,345312,31,43,28,5138,39,1,2016-12-19T00:29:04.000Z,st_petersburg,2016-12-19T00:00:00.000Z,51,Tug,St. Petersburg,1
59.88226,30.19493,0,0,88,2,SPB,RU,141,0,KAPITAN SOROKIN,3,345312,31,43,28,5138,39,1,2016-12-19T00:31:04.000Z,st_petersburg,2016-12-19T00:00:00.000Z,51,Tug,St. Petersburg,1
59.88226,30.19493,0,0,88,2,SPB,RU,141,0,KAPITAN SOROKIN,3,345312,31,43,28,5138,39,1,2016-12-19T00:31:05.000Z,st_petersburg,2016-12-19T00:00:00.000Z,51,Tug,St. Petersburg,1
59.88226,30.19493,0,0,88,4,SPB,RU,141,0,KAPITAN SOROKIN,3,345312,31,43,28,5138,39,1,2016-12-19T00:33:03.000Z,st_petersburg,2016-12-19T00:00:00.000Z,51,Tug,St. Petersburg,1
59.88226,30.19493,0,0,88,2,SPB,RU,141,0,KAPITAN SOROKIN,3,345312,31,43,28,5138,39,1,2016-12-19T00:33:04.000Z,st_petersburg,2016-12-19T00:00:00.000Z,51,Tug,St. Petersburg,1
59.88226,30.19493,0,0,88,6,SPB,RU,141,0,KAPITAN SOROKIN,3,345312,31,43,28,5138,39,1,2016-12-19T00:35:04.000Z,st_petersburg,2016-12-19T00:00:00.000Z,51,Tug,St. Petersburg,1
59.88226,30.19493,0,0,88,5,SPB,RU,141,0,KAPITAN SOROKIN,3,345312,31,43,28,5138,39,1,2016-12-19T00:35:04.000Z,st_petersburg,2016-12-19T00:00:00.000Z,51,Tug,St. Petersburg,1
59.88226,30.19493,0,0,88,8,SPB,RU,141,0,KAPITAN SOROKIN,3,345312,31,43,28,5138,39,1,2016-12-19T00:37:03.000Z,st_petersburg,2016-12-19T00:00:00.000Z,51,Tug,St. Petersburg,1
59.88226,30.19493,0,0,88,6,SPB,RU,141,0,KAPITAN SOROKIN,3,345312,31,43,28,5138,39,1,2016-12-19T00:37:04.000Z,st_petersburg,2016-12-19T00:00:00.000Z,51,Tug,St. Petersburg,1
59.88225,30.19496,0,0,88,2,SPB,RU,141,0,KAPITAN SOROKIN,3,345312,31,43,28,5138,39,1,2016-12-19T00:39:05.000Z,st_petersburg,2016-12-19T00:00:00.000Z,51,Tug,St. Petersburg,1
59.88225,30.19496,0,0,88,2,SPB,RU,141,0,KAPITAN SOROKIN,3,345312,31,43,28,5138,39,1,2016-12-19T00:39:06.000Z,st_petersburg,2016-12-19T00:00:00.000Z,51,Tug,St. Petersburg,1
59.88225,30.19496,0,0,88,4,SPB,RU,141,0,KAPITAN SOROKIN,3,345312,31,43,28,5138,39,1,2016-12-19T00:41:03.000Z,st_petersburg,2016-12-19T00:00:00.000Z,51,Tug,St. Petersburg,1
59.88225,30.19496,0,0,88,2,SPB,RU,141,0,KAPITAN SOROKIN,3,345312,31,43,28,5138,39,1,2016-12-19T00:41:04.000Z,st_petersburg,2016-12-19T00:00:00.000Z,51,Tug,St. Petersburg,1
59.88222,30.19494,0,0,88,3,SPB,RU,141,0,KAPITAN SOROKIN,3,345312,31,43,28,5138,39,1,2016-12-19T00:43:04.000Z,st_petersburg,2016-12-19T00:00:00.000Z,51,Tug,St. Petersburg,1
59.88222,30.19494,0,0,88,3,SPB,RU,141,0,KAPITAN SOROKIN,3,345312,31,43,28,5138,39,1,2016-12-19T00:43:05.000Z,st_petersburg,2016-12-19T00:00:00.000Z,51,Tug,St. Petersburg,1
59.88225,30.19494,0,0,88,2,SPB,RU,141,0,KAPITAN SOROKIN,3,345312,31,43,28,5138,39,1,2016-12-19T00:45:04.000Z,st_petersburg,2016-12-19T00:00:00.000Z,51,Tug,St. Petersburg,1
59.88225,30.19494,0,0,88,2,SPB,RU,141,0,KAPITAN SOROKIN,3,345312,31,43,28,5138,39,1,2016-12-19T00:45:05.000Z,st_petersburg,2016-12-19T00:00:00.000Z,51,Tug,St. Petersburg,1
59.88225,30.19494,0,0,88,4,SPB,RU,141,0,KAPITAN SOROKIN,3,345312,31,43,28,5138,39,1,2016-12-19T00:47:03.000Z,st_petersburg,2016-12-19T00:00:00.000Z,51,Tug,St. Petersburg,1
59.88225,30.19494,0,0,88,4,SPB,RU,141,0,KAPITAN SOROKIN,3,345312,31,43,28,5138,39,1,2016-12-19T00:47:04.000Z,st_petersburg,2016-12-19T00:00:00.000Z,51,Tug,St. Petersburg,1
59.88225,30.19494,0,0,88,3,SPB,RU,141,0,KAPITAN SOROKIN,3,345312,31,43,28,5138,39,1,2016-12-19T00:49:03.000Z,st_petersburg,2016-12-19T00:00:00.000Z,51,Tug,St. Petersburg,1
59.88225,30.19494,0,0,88,3,SPB,RU,141,0,KAPITAN SOROKIN,3,345312,31,43,28,5138,39,1,2016-12-19T00:49:04.000Z,st_petersburg,2016-12-19T00:00:00.000Z,51,Tug,St. Petersburg,1
59.88225,30.19492,0,0,88,2,SPB,RU,141,0,KAPITAN SOROKIN,3,345312,31,43,28,5138,39,1,2016-12-19T00:51:03.000Z,st_petersburg,2016-12-19T00:00:00.000Z,51,Tug,St. Petersburg,1
59.88225,30.19492,0,0,88,2,SPB,RU,141,0,KAPITAN SOROKIN,3,345312,31,43,28,5138,39,1,2016-12-19T00:51:04.000Z,st_petersburg,2016-12-19T00:00:00.000Z,51,Tug,St. Petersburg,1
59.88225,30.19492,0,0,88,4,SPB,RU,141,0,KAPITAN SOROKIN,3,345312,31,43,28,5138,39,1,2016-12-19T00:53:03.000Z,st_petersburg,2016-12-19T00:00:00.000Z,51,Tug,St. Petersburg,1
59.88225,30.19492,0,0,88,4,SPB,RU,141,0,KAPITAN SOROKIN,3,345312,31,43,28,5138,39,1,2016-12-19T00:53:04.000Z,st_petersburg,2016-12-19T00:00:00.000Z,51,Tug,St. Petersburg,1
59.88226,30.19493,0,0,88,2,SPB,RU,141,0,KAPITAN SOROKIN,3,345312,31,43,28,5138,39,1,2016-12-19T00:55:04.000Z,st_petersburg,2016-12-19T00:00:00.000Z,51,Tug,St. Petersburg,1
59.88226,30.19493,0,0,88,2,SPB,RU,141,0,KAPITAN SOROKIN,3,345312,31,43,28,5138,39,1,2016-12-19T00:55:05.000Z,st_petersburg,2016-12-19T00:00:00.000Z,51,Tug,St. Petersburg,1
59.88226,30.19493,0,0,88,4,SPB,RU,141,0,KAPITAN SOROKIN,3,345312,31,43,28,5138,39,1,2016-12-19T00:57:04.000Z,st_petersburg,2016-12-19T00:00:00.000Z,51,Tug,St. Petersburg,1
59.88226,30.19493,0,0,88,3,SPB,RU,141,0,KAPITAN SOROKIN,3,345312,31,43,28,5138,39,1,2016-12-19T00:57:05.000Z,st_petersburg,2016-12-19T00:00:00.000Z,51,Tug,St. Petersburg,1
59.88227,30.19499,0,0,88,3,SPB,RU,141,0,KAPITAN SOROKIN,3,345312,31,43,28,5138,39,1,2016-12-19T00:59:04.000Z,st_petersburg,2016-12-19T00:00:00.000Z,51,Tug,St. Petersburg,1
59.88227,30.19499,0,0,88,3,SPB,RU,141,0,KAPITAN SOROKIN,3,345312,31,43,28,5138,39,1,2016-12-19T00:59:04.000Z,st_petersburg,2016-12-19T00:00:00.000Z,51,Tug,St. Petersburg,1
59.88224,30.19492,0,0,88,2,SPB,RU,141,0,KAPITAN SOROKIN,3,345312,31,43,28,5138,39,1,2016-12-19T01:01:03.000Z,st_petersburg,2016-12-19T00:00:00.000Z,51,Tug,St. Petersburg,1
59.88224,30.19492,0,0,88,2,SPB,RU,141,0,KAPITAN SOROKIN,3,345312,31,43,28,5138,39,1,2016-12-19T01:01:04.000Z,st_petersburg,2016-12-19T00:00:00.000Z,51,Tug,St. Petersburg,1
59.88224,30.19492,0,0,88,4,SPB,RU,141,0,KAPITAN SOROKIN,3,345312,31,43,28,5138,39,1,2016-12-19T01:03:03.000Z,st_petersburg,2016-12-19T00:00:00.000Z,51,Tug,St. Petersburg,1
59.88224,30.19492,0,0,88,4,SPB,RU,141,0,KAPITAN SOROKIN,3,345312,31,43,28,5138,39,1,2016-12-19T01:03:04.000Z,st_petersburg,2016-12-19T00:00:00.000Z,51,Tug,St. Petersburg,1
59.88225,30.19495,0,0,88,3,SPB,RU,141,0,KAPITAN SOROKIN,3,345312,31,43,28,5138,39,1,2016-12-19T01:05:03.000Z,st_petersburg,2016-12-19T00:00:00.000Z,51,Tug,St. Petersburg,1
59.88225,30.19495,0,0,88,3,SPB,RU,141,0,KAPITAN SOROKIN,3,345312,31,43,28,5138,39,1,2016-12-19T01:05:04.000Z,st_petersburg,2016-12-19T00:00:00.000Z,51,Tug,St. Petersburg,1
59.88225,30.19495,0,0,88,5,SPB,RU,141,0,KAPITAN SOROKIN,3,345312,31,43,28,5138,39,1,2016-12-19T01:07:04.000Z,st_petersburg,2016-12-19T00:00:00.000Z,51,Tug,St. Petersburg,1
59.88225,30.19495,0,0,88,5,SPB,RU,141,0,KAPITAN SOROKIN,3,345312,31,43,28,5138,39,1,2016-12-19T01:07:04.000Z,st_petersburg,2016-12-19T00:00:00.000Z,51,Tug,St. Petersburg,1
59.88225,30.19495,0,0,88,7,SPB,RU,141,0,KAPITAN SOROKIN,3,345312,31,43,28,5138,39,1,2016-12-19T01:09:03.000Z,st_petersburg,2016-12-19T00:00:00.000Z,51,Tug,St. Petersburg,1
59.88225,30.19495,0,0,88,7,SPB,RU,141,0,KAPITAN SOROKIN,3,345312,31,43,28,5138,39,1,2016-12-19T01:09:04.000Z,st_petersburg,2016-12-19T00:00:00.000Z,51,Tug,St. Petersburg,1
59.88225,30.19495,0,0,88,9,SPB,RU,141,0,KAPITAN SOROKIN,3,345312,31,43,28,5138,39,1,2016-12-19T01:11:03.000Z,st_petersburg,2016-12-19T00:00:00.000Z,51,Tug,St. Petersburg,1
59.88225,30.19495,0,0,88,9,SPB,RU,141,0,KAPITAN SOROKIN,3,345312,31,43,28,5138,39,1,2016-12-19T01:11:04.000Z,st_petersburg,2016-12-19T00:00:00.000Z,51,Tug,St. Petersburg,1
59.88226,30.19496,0,0,88,3,SPB,RU,141,0,KAPITAN SOROKIN,3,345312,31,43,28,5138,39,1,2016-12-19T01:13:03.000Z,st_petersburg,2016-12-19T00:00:00.000Z,51,Tug,St. Petersburg,1
59.88226,30.19496,0,0,88,3,SPB,RU,141,0,KAPITAN SOROKIN,3,345312,31,43,28,5138,39,1,2016-12-19T01:13:04.000Z,st_petersburg,2016-12-19T00:00:00.000Z,51,Tug,St. Petersburg,1
59.88226,30.19496,0,0,88,5,SPB,RU,141,0,KAPITAN SOROKIN,3,345312,31,43,28,5138,39,1,2016-12-19T01:15:04.000Z,st_petersburg,2016-12-19T00:00:00.000Z,51,Tug,St. Petersburg,1
59.88226,30.19496,0,0,88,5,SPB,RU,141,0,KAPITAN SOROKIN,3,345312,31,43,28,5138,39,1,2016-12-19T01:15:04.000Z,st_petersburg,2016-12-19T00:00:00.000Z,51,Tug,St. Petersburg,1
59.88225,30.19492,0,0,88,4,SPB,RU,141,0,KAPITAN SOROKIN,3,345312,31,43,28,5138,39,1,2016-12-19T01:17:03.000Z,st_petersburg,2016-12-19T00:00:00.000Z,51,Tug,St. Petersburg,1
59.88225,30.19492,0,0,88,4,SPB,RU,141,0,KAPITAN SOROKIN,3,345312,31,43,28,5138,39,1,2016-12-19T01:17:04.000Z,st_petersburg,2016-12-19T00:00:00.000Z,51,Tug,St. Petersburg,1
59.88223,30.19497,0,0,88,3,SPB,RU,141,0,KAPITAN SOROKIN,3,345312,31,43,28,5138,39,1,2016-12-19T01:19:04.000Z,st_petersburg,2016-12-19T00:00:00.000Z,51,Tug,St. Petersburg,1
59.88223,30.19497,0,0,88,3,SPB,RU,141,0,KAPITAN SOROKIN,3,345312,31,43,28,5138,39,1,2016-12-19T01:19:04.000Z,st_petersburg,2016-12-19T00:00:00.000Z,51,Tug,St. Petersburg,1
59.88223,30.19497,0,0,88,5,SPB,RU,141,0,KAPITAN SOROKIN,3,345312,31,43,28,5138,39,1,2016-12-19T01:21:03.000Z,st_petersburg,2016-12-19T00:00:00.000Z,51,Tug,St. Petersburg,1
59.88223,30.19497,0,0,88,4,SPB,RU,141,0,KAPITAN SOROKIN,3,345312,31,43,28,5138,39,1,2016-12-19T01:21:04.000Z,st_petersburg,2016-12-19T00:00:00.000Z,51,Tug,St. Petersburg,1
59.88223,30.19497,0,0,88,7,SPB,RU,141,0,KAPITAN SOROKIN,3,345312,31,43,28,5138,39,1,2016-12-19T01:23:03.000Z,st_petersburg,2016-12-19T00:00:00.000Z,51,Tug,St. Petersburg,1
59.88223,30.19497,0,0,88,7,SPB,RU,141,0,KAPITAN SOROKIN,3,345312,31,43,28,5138,39,1,2016-12-19T01:23:04.000Z,st_petersburg,2016-12-19T00:00:00.000Z,51,Tug,St. Petersburg,1
59.88223,30.19497,0,0,88,9,SPB,RU,141,0,KAPITAN SOROKIN,3,345312,31,43,28,5138,39,1,2016-12-19T01:25:03.000Z,st_petersburg,2016-12-19T00:00:00.000Z,51,Tug,St. Petersburg,1
59.88223,30.19497,0,0,88,9,SPB,RU,141,0,KAPITAN SOROKIN,3,345312,31,43,28,5138,39,1,2016-12-19T01:25:04.000Z,st_petersburg,2016-12-19T00:00:00.000Z,51,Tug,St. Petersburg,1
59.88226,30.19499,0,0,88,3,SPB,RU,141,0,KAPITAN SOROKIN,3,345312,31,43,28,5138,39,1,2016-12-19T01:27:03.000Z,st_petersburg,2016-12-19T00:00:00.000Z,51,Tug,St. Petersburg,1
59.88226,30.19499,0,0,88,3,SPB,RU,141,0,KAPITAN SOROKIN,3,345312,31,43,28,5138,39,1,2016-12-19T01:27:04.000Z,st_petersburg,2016-12-19T00:00:00.000Z,51,Tug,St. Petersburg,1
59.88223,30.195,0,0,88,2,SPB,RU,141,0,KAPITAN SOROKIN,3,345312,31,43,28,5138,39,1,2016-12-19T01:29:04.000Z,st_petersburg,2016-12-19T00:00:00.000Z,51,Tug,St. Petersburg,1
59.88223,30.195,0,0,88,2,SPB,RU,141,0,KAPITAN SOROKIN,3,345312,31,43,28,5138,39,1,2016-12-19T01:29:05.000Z,st_petersburg,2016-12-19T00:00:00.000Z,51,Tug,St. Petersburg,1
59.88223,30.195,0,0,88,4,SPB,RU,141,0,KAPITAN SOROKIN,3,345312,31,43,28,5138,39,1,2016-12-19T01:31:04.000Z,st_petersburg,2016-12-19T00:00:00.000Z,51,Tug,St. Petersburg,1
59.88223,30.195,0,0,88,4,SPB,RU,141,0,KAPITAN SOROKIN,3,345312,31,43,28,5138,39,1,2016-12-19T01:31:05.000Z,st_petersburg,2016-12-19T00:00:00.000Z,51,Tug,St. Petersburg,1
59.88223,30.19498,0,0,88,3,SPB,RU,141,0,KAPITAN SOROKIN,3,345312,31,43,28,5138,39,1,2016-12-19T01:33:03.000Z,st_petersburg,2016-12-19T00:00:00.000Z,51,Tug,St. Petersburg,1
59.88223,30.19498,0,0,88,3,SPB,RU,141,0,KAPITAN SOROKIN,3,345312,31,43,28,5138,39,1,2016-12-19T01:33:04.000Z,st_petersburg,2016-12-19T00:00:00.000Z,51,Tug,St. Petersburg,1
59.88227,30.19493,0,0,88,2,SPB,RU,141,0,KAPITAN SOROKIN,3,345312,31,43,28,5138,39,1,2016-12-19T01:35:03.000Z,st_petersburg,2016-12-19T00:00:00.000Z,51,Tug,St. Petersburg,1
59.88227,30.19493,0,0,88,2,SPB,RU,141,0,KAPITAN SOROKIN,3,345312,31,43,28,5138,39,1,2016-12-19T01:35:04.000Z,st_petersburg,2016-12-19T00:00:00.000Z,51,Tug,St. Petersburg,1
59.88227,30.19493,0,0,88,4,SPB,RU,141,0,KAPITAN SOROKIN,3,345312,31,43,28,5138,39,1,2016-12-19T01:37:03.000Z,st_petersburg,2016-12-19T00:00:00.000Z,51,Tug,St. Petersburg,1
59.88227,30.19493,0,0,88,4,SPB,RU,141,0,KAPITAN SOROKIN,3,345312,31,43,28,5138,39,1,2016-12-19T01:37:04.000Z,st_petersburg,2016-12-19T00:00:00.000Z,51,Tug,St. Petersburg,1
59.88227,30.19493,0,0,88,6,SPB,RU,141,0,KAPITAN SOROKIN,3,345312,31,43,28,5138,39,1,2016-12-19T01:39:03.000Z,st_petersburg,2016-12-19T00:00:00.000Z,51,Tug,St. Petersburg,1
59.88227,30.19493,0,0,88,6,SPB,RU,141,0,KAPITAN SOROKIN,3,345312,31,43,28,5138,39,1,2016-12-19T01:39:04.000Z,st_petersburg,2016-12-19T00:00:00.000Z,51,Tug,St. Petersburg,1
59.88227,30.19493,0,0,88,8,SPB,RU,141,0,KAPITAN SOROKIN,3,345312,31,43,28,5138,39,1,2016-12-19T01:41:04.000Z,st_petersburg,2016-12-19T00:00:00.000Z,51,Tug,St. Petersburg,1
59.88227,30.19493,0,0,88,8,SPB,RU,141,0,KAPITAN SOROKIN,3,345312,31,43,28,5138,39,1,2016-12-19T01:41:05.000Z,st_petersburg,2016-12-19T00:00:00.000Z,51,Tug,St. Petersburg,1
59.88227,30.19493,0,0,88,8,SPB,RU,141,0,KAPITAN SOROKIN,3,345312,31,43,28,5138,39,1,2016-12-19T01:43:03.000Z,st_petersburg,2016-12-19T00:00:00.000Z,51,Tug,St. Petersburg,1
59.88226,30.19495,0,0,88,2,SPB,RU,141,0,KAPITAN SOROKIN,3,345312,31,43,28,5138,39,1,2016-12-19T01:43:04.000Z,st_petersburg,2016-12-19T00:00:00.000Z,51,Tug,St. Petersburg,1
59.88226,30.19495,0,0,88,4,SPB,RU,141,0,KAPITAN SOROKIN,3,345312,31,43,28,5138,39,1,2016-12-19T01:45:04.000Z,st_petersburg,2016-12-19T00:00:00.000Z,51,Tug,St. Petersburg,1
59.88226,30.19495,0,0,88,3,SPB,RU,141,0,KAPITAN SOROKIN,3,345312,31,43,28,5138,39,1,2016-12-19T01:45:04.000Z,st_petersburg,2016-12-19T00:00:00.000Z,51,Tug,St. Petersburg,1
59.88224,30.19496,0,0,88,3,SPB,RU,141,0,KAPITAN SOROKIN,3,345312,31,43,28,5138,39,1,2016-12-19T01:47:03.000Z,st_petersburg,2016-12-19T00:00:00.000Z,51,Tug,St. Petersburg,1
59.88224,30.19496,0,0,88,3,SPB,RU,141,0,KAPITAN SOROKIN,3,345312,31,43,28,5138,39,1,2016-12-19T01:47:04.000Z,st_petersburg,2016-12-19T00:00:00.000Z,51,Tug,St. Petersburg,1
59.88226,30.19496,0,0,88,2,SPB,RU,141,0,KAPITAN SOROKIN,3,345312,31,43,28,5138,39,1,2016-12-19T01:49:03.000Z,st_petersburg,2016-12-19T00:00:00.000Z,51,Tug,St. Petersburg,1
59.88226,30.19496,0,0,88,2,SPB,RU,141,0,KAPITAN SOROKIN,3,345312,31,43,28,5138,39,1,2016-12-19T01:49:04.000Z,st_petersburg,2016-12-19T00:00:00.000Z,51,Tug,St. Petersburg,1
59.88226,30.19496,0,0,88,4,SPB,RU,141,0,KAPITAN SOROKIN,3,345312,31,43,28,5138,39,1,2016-12-19T01:51:03.000Z,st_petersburg,2016-12-19T00:00:00.000Z,51,Tug,St. Petersburg,1
59.88226,30.19496,0,0,88,4,SPB,RU,141,0,KAPITAN SOROKIN,3,345312,31,43,28,5138,39,1,2016-12-19T01:51:04.000Z,st_petersburg,2016-12-19T00:00:00.000Z,51,Tug,St. Petersburg,1
59.88225,30.19495,0,0,88,2,SPB,RU,141,0,KAPITAN SOROKIN,3,345312,31,43,28,5138,39,1,2016-12-19T01:53:03.000Z,st_petersburg,2016-12-19T00:00:00.000Z,51,Tug,St. Petersburg,1
59.88225,30.19495,0,0,88,2,SPB,RU,141,0,KAPITAN SOROKIN,3,345312,31,43,28,5138,39,1,2016-12-19T01:53:04.000Z,st_petersburg,2016-12-19T00:00:00.000Z,51,Tug,St. Petersburg,1
59.88225,30.19495,0,0,88,4,SPB,RU,141,0,KAPITAN SOROKIN,3,345312,31,43,28,5138,39,1,2016-12-19T01:55:04.000Z,st_petersburg,2016-12-19T00:00:00.000Z,51,Tug,St. Petersburg,1
59.88225,30.19495,0,0,88,4,SPB,RU,141,0,KAPITAN SOROKIN,3,345312,31,43,28,5138,39,1,2016-12-19T01:55:04.000Z,st_petersburg,2016-12-19T00:00:00.000Z,51,Tug,St. Petersburg,1
59.88225,30.19495,0,0,88,6,SPB,RU,141,0,KAPITAN SOROKIN,3,345312,31,43,28,5138,39,1,2016-12-19T01:57:03.000Z,st_petersburg,2016-12-19T00:00:00.000Z,51,Tug,St. Petersburg,1
59.88225,30.19495,0,0,88,6,SPB,RU,141,0,KAPITAN SOROKIN,3,345312,31,43,28,5138,39,1,2016-12-19T01:57:04.000Z,st_petersburg,2016-12-19T00:00:00.000Z,51,Tug,St. Petersburg,1
59.88225,30.19495,0,0,88,8,SPB,RU,141,0,KAPITAN SOROKIN,3,345312,31,43,28,5138,39,1,2016-12-19T01:59:03.000Z,st_petersburg,2016-12-19T00:00:00.000Z,51,Tug,St. Petersburg,1
59.88225,30.19495,0,0,88,8,SPB,RU,141,0,KAPITAN SOROKIN,3,345312,31,43,28,5138,39,1,2016-12-19T01:59:04.000Z,st_petersburg,2016-12-19T00:00:00.000Z,51,Tug,St. Petersburg,1
59.88225,30.19497,0,0,88,2,SPB,RU,141,0,KAPITAN SOROKIN,3,345312,31,43,28,5138,39,1,2016-12-19T02:01:03.000Z,st_petersburg,2016-12-19T00:00:00.000Z,51,Tug,St. Petersburg,1
59.88225,30.19497,0,0,88,2,SPB,RU,141,0,KAPITAN SOROKIN,3,345312,31,43,28,5138,39,1,2016-12-19T02:01:04.000Z,st_petersburg,2016-12-19T00:00:00.000Z,51,Tug,St. Petersburg,1
59.88225,30.19497,0,0,88,4,SPB,RU,141,0,KAPITAN SOROKIN,3,345312,31,43,28,5138,39,1,2016-12-19T02:03:04.000Z,st_petersburg,2016-12-19T00:00:00.000Z,51,Tug,St. Petersburg,1
59.88225,30.19497,0,0,88,4,SPB,RU,141,0,KAPITAN SOROKIN,3,345312,31,43,28,5138,39,1,2016-12-19T02:03:05.000Z,st_petersburg,2016-12-19T00:00:00.000Z,51,Tug,St. Petersburg,1
59.88226,30.19493,0,0,88,3,SPB,RU,141,0,KAPITAN SOROKIN,3,345312,31,43,28,5138,39,1,2016-12-19T02:05:03.000Z,st_petersburg,2016-12-19T00:00:00.000Z,51,Tug,St. Petersburg,1
59.88226,30.19493,0,0,88,2,SPB,RU,141,0,KAPITAN SOROKIN,3,345312,31,43,28,5138,39,1,2016-12-19T02:05:04.000Z,st_petersburg,2016-12-19T00:00:00.000Z,51,Tug,St. Petersburg,1
59.88225,30.19494,0,0,88,2,SPB,RU,141,0,KAPITAN SOROKIN,3,345312,31,43,28,5138,39,1,2016-12-19T02:07:04.000Z,st_petersburg,2016-12-19T00:00:00.000Z,51,Tug,St. Petersburg,1
59.88225,30.19494,0,0,88,2,SPB,RU,141,0,KAPITAN SOROKIN,3,345312,31,43,28,5138,39,1,2016-12-19T02:07:05.000Z,st_petersburg,2016-12-19T00:00:00.000Z,51,Tug,St. Petersburg,1
59.88225,30.19494,0,0,88,4,SPB,RU,141,0,KAPITAN SOROKIN,3,345312,31,43,28,5138,39,1,2016-12-19T02:09:03.000Z,st_petersburg,2016-12-19T00:00:00.000Z,51,Tug,St. Petersburg,1
59.88225,30.19494,0,0,88,4,SPB,RU,141,0,KAPITAN SOROKIN,3,345312,31,43,28,5138,39,1,2016-12-19T02:09:04.000Z,st_petersburg,2016-12-19T00:00:00.000Z,51,Tug,St. Petersburg,1
59.88227,30.19496,0,0,88,3,SPB,RU,141,0,KAPITAN SOROKIN,3,345312,31,43,28,5138,39,1,2016-12-19T02:11:03.000Z,st_petersburg,2016-12-19T00:00:00.000Z,51,Tug,St. Petersburg,1
59.88227,30.19496,0,0,88,3,SPB,RU,141,0,KAPITAN SOROKIN,3,345312,31,43,28,5138,39,1,2016-12-19T02:11:04.000Z,st_petersburg,2016-12-19T00:00:00.000Z,51,Tug,St. Petersburg,1
59.88225,30.19495,0,0,88,2,SPB,RU,141,0,KAPITAN SOROKIN,3,345312,31,43,28,5138,39,1,2016-12-19T02:13:03.000Z,st_petersburg,2016-12-19T00:00:00.000Z,51,Tug,St. Petersburg,1
59.88225,30.19495,0,0,88,2,SPB,RU,141,0,KAPITAN SOROKIN,3,345312,31,43,28,5138,39,1,2016-12-19T02:13:04.000Z,st_petersburg,2016-12-19T00:00:00.000Z,51,Tug,St. Petersburg,1
59.88225,30.19495,0,0,88,4,SPB,RU,141,0,KAPITAN SOROKIN,3,345312,31,43,28,5138,39,1,2016-12-19T02:15:04.000Z,st_petersburg,2016-12-19T00:00:00.000Z,51,Tug,St. Petersburg,1
59.88225,30.19495,0,0,88,4,SPB,RU,141,0,KAPITAN SOROKIN,3,345312,31,43,28,5138,39,1,2016-12-19T02:15:08.000Z,st_petersburg,2016-12-19T00:00:00.000Z,51,Tug,St. Petersburg,1
59.88227,30.19489,0,0,88,3,SPB,RU,141,0,KAPITAN SOROKIN,3,345312,31,43,28,5138,39,1,2016-12-19T02:17:03.000Z,st_petersburg,2016-12-19T00:00:00.000Z,51,Tug,St. Petersburg,1
59.88227,30.19489,0,0,88,3,SPB,RU,141,0,KAPITAN SOROKIN,3,345312,31,43,28,5138,39,1,2016-12-19T02:17:04.000Z,st_petersburg,2016-12-19T00:00:00.000Z,51,Tug,St. Petersburg,1
59.88227,30.19489,0,0,88,5,SPB,RU,141,0,KAPITAN SOROKIN,3,345312,31,43,28,5138,39,1,2016-12-19T02:19:04.000Z,st_petersburg,2016-12-19T00:00:00.000Z,51,Tug,St. Petersburg,1
59.88227,30.19489,0,0,88,5,SPB,RU,141,0,KAPITAN SOROKIN,3,345312,31,43,28,5138,39,1,2016-12-19T02:19:04.000Z,st_petersburg,2016-12-19T00:00:00.000Z,51,Tug,St. Petersburg,1
59.88227,30.19489,0,0,88,7,SPB,RU,141,0,KAPITAN SOROKIN,3,345312,31,43,28,5138,39,1,2016-12-19T02:21:03.000Z,st_petersburg,2016-12-19T00:00:00.000Z,51,Tug,St. Petersburg,1
59.88227,30.19489,0,0,88,7,SPB,RU,141,0,KAPITAN SOROKIN,3,345312,31,43,28,5138,39,1,2016-12-19T02:21:04.000Z,st_petersburg,2016-12-19T00:00:00.000Z,51,Tug,St. Petersburg,1
59.88227,30.19489,0,0,88,9,SPB,RU,141,0,KAPITAN SOROKIN,3,345312,31,43,28,5138,39,1,2016-12-19T02:23:03.000Z,st_petersburg,2016-12-19T00:00:00.000Z,51,Tug,St. Petersburg,1
59.88227,30.19489,0,0,88,9,SPB,RU,141,0,KAPITAN SOROKIN,3,345312,31,43,28,5138,39,1,2016-12-19T02:23:04.000Z,st_petersburg,2016-12-19T00:00:00.000Z,51,Tug,St. Petersburg,1
59.88226,30.19495,0,0,88,3,SPB,RU,141,0,KAPITAN SOROKIN,3,345312,31,43,28,5138,39,1,2016-12-19T02:25:03.000Z,st_petersburg,2016-12-19T00:00:00.000Z,51,Tug,St. Petersburg,1
59.88226,30.19495,0,0,88,3,SPB,RU,141,0,KAPITAN SOROKIN,3,345312,31,43,28,5138,39,1,2016-12-19T02:25:04.000Z,st_petersburg,2016-12-19T00:00:00.000Z,51,Tug,St. Petersburg,1
59.88227,30.19496,0,0,88,2,SPB,RU,141,0,KAPITAN SOROKIN,3,345312,31,43,28,5138,39,1,2016-12-19T02:27:04.000Z,st_petersburg,2016-12-19T00:00:00.000Z,51,Tug,St. Petersburg,1
59.88227,30.19496,0,0,88,2,SPB,RU,141,0,KAPITAN SOROKIN,3,345312,31,43,28,5138,39,1,2016-12-19T02:27:05.000Z,st_petersburg,2016-12-19T00:00:00.000Z,51,Tug,St. Petersburg,1
59.88227,30.19496,0,0,88,4,SPB,RU,141,0,KAPITAN SOROKIN,3,345312,31,43,28,5138,39,1,2016-12-19T02:29:03.000Z,st_petersburg,2016-12-19T00:00:00.000Z,51,Tug,St. Petersburg,1
59.88227,30.19496,0,0,88,3,SPB,RU,141,0,KAPITAN SOROKIN,3,345312,31,43,28,5138,39,1,2016-12-19T02:29:04.000Z,st_petersburg,2016-12-19T00:00:00.000Z,51,Tug,St. Petersburg,1
59.88228,30.19493,0,0,88,3,SPB,RU,141,0,KAPITAN SOROKIN,3,345312,31,43,28,5138,39,1,2016-12-19T02:31:03.000Z,st_petersburg,2016-12-19T00:00:00.000Z,51,Tug,St. Petersburg,1
59.88228,30.19493,0,0,88,3,SPB,RU,141,0,KAPITAN SOROKIN,3,345312,31,43,28,5138,39,1,2016-12-19T02:31:04.000Z,st_petersburg,2016-12-19T00:00:00.000Z,51,Tug,St. Petersburg,1
59.88228,30.19493,0,0,88,5,SPB,RU,141,0,KAPITAN SOROKIN,3,345312,31,43,28,5138,39,1,2016-12-19T02:33:03.000Z,st_petersburg,2016-12-19T00:00:00.000Z,51,Tug,St. Petersburg,1
59.88228,30.19493,0,0,88,5,SPB,RU,141,0,KAPITAN SOROKIN,3,345312,31,43,28,5138,39,1,2016-12-19T02:33:04.000Z,st_petersburg,2016-12-19T00:00:00.000Z,51,Tug,St. Petersburg,1
59.88228,30.19493,0,0,88,7,SPB,RU,141,0,KAPITAN SOROKIN,3,345312,31,43,28,5138,39,1,2016-12-19T02:35:04.000Z,st_petersburg,2016-12-19T00:00:00.000Z,51,Tug,St. Petersburg,1
59.88228,30.19493,0,0,88,7,SPB,RU,141,0,KAPITAN SOROKIN,3,345312,31,43,28,5138,39,1,2016-12-19T02:35:05.000Z,st_petersburg,2016-12-19T00:00:00.000Z,51,Tug,St. Petersburg,1
59.88228,30.19493,0,0,88,9,SPB,RU,141,0,KAPITAN SOROKIN,3,345312,31,43,28,5138,39,1,2016-12-19T02:37:03.000Z,st_petersburg,2016-12-19T00:00:00.000Z,51,Tug,St. Petersburg,1
59.88228,30.19493,0,0,88,7,SPB,RU,141,0,KAPITAN SOROKIN,3,345312,31,43,28,5138,39,1,2016-12-19T02:37:04.000Z,st_petersburg,2016-12-19T00:00:00.000Z,51,Tug,St. Petersburg,1
59.88225,30.19495,0,0,88,3,SPB,RU,141,0,KAPITAN SOROKIN,3,345312,31,43,28,5138,39,1,2016-12-19T02:39:03.000Z,st_petersburg,2016-12-19T00:00:00.000Z,51,Tug,St. Petersburg,1
59.88225,30.19495,0,0,88,3,SPB,RU,141,0,KAPITAN SOROKIN,3,345312,31,43,28,5138,39,1,2016-12-19T02:39:04.000Z,st_petersburg,2016-12-19T00:00:00.000Z,51,Tug,St. Petersburg,1
59.88225,30.19495,0,0,88,5,SPB,RU,141,0,KAPITAN SOROKIN,3,345312,31,43,28,5138,39,1,2016-12-19T02:41:03.000Z,st_petersburg,2016-12-19T00:00:00.000Z,51,Tug,St. Petersburg,1
59.88225,30.19495,0,0,88,5,SPB,RU,141,0,KAPITAN SOROKIN,3,345312,31,43,28,5138,39,1,2016-12-19T02:41:04.000Z,st_petersburg,2016-12-19T00:00:00.000Z,51,Tug,St. Petersburg,1
59.88225,30.19495,0,0,88,7,SPB,RU,141,0,KAPITAN SOROKIN,3,345312,31,43,28,5138,39,1,2016-12-19T02:43:03.000Z,st_petersburg,2016-12-19T00:00:00.000Z,51,Tug,St. Petersburg,1
59.88225,30.19495,0,0,88,7,SPB,RU,141,0,KAPITAN SOROKIN,3,345312,31,43,28,5138,39,1,2016-12-19T02:43:03.000Z,st_petersburg,2016-12-19T00:00:00.000Z,51,Tug,St. Petersburg,1
59.88225,30.19495,0,0,88,9,SPB,RU,141,0,KAPITAN SOROKIN,3,345312,31,43,28,5138,39,1,2016-12-19T02:45:03.000Z,st_petersburg,2016-12-19T00:00:00.000Z,51,Tug,St. Petersburg,1
59.88225,30.19495,0,0,88,9,SPB,RU,141,0,KAPITAN SOROKIN,3,345312,31,43,28,5138,39,1,2016-12-19T02:45:04.000Z,st_petersburg,2016-12-19T00:00:00.000Z,51,Tug,St. Petersburg,1
59.88228,30.19493,0,0,88,3,SPB,RU,141,0,KAPITAN SOROKIN,3,345312,31,43,28,5138,39,1,2016-12-19T02:47:03.000Z,st_petersburg,2016-12-19T00:00:00.000Z,51,Tug,St. Petersburg,1
59.88228,30.19493,0,0,88,1,SPB,RU,141,0,KAPITAN SOROKIN,3,345312,31,43,28,5138,39,1,2016-12-19T02:47:03.000Z,st_petersburg,2016-12-19T00:00:00.000Z,51,Tug,St. Petersburg,1
59.88223,30.19497,0,0,88,2,SPB,RU,141,0,KAPITAN SOROKIN,3,345312,31,43,28,5138,39,1,2016-12-19T02:49:03.000Z,st_petersburg,2016-12-19T00:00:00.000Z,51,Tug,St. Petersburg,1
59.88223,30.19497,0,0,88,2,SPB,RU,141,0,KAPITAN SOROKIN,3,345312,31,43,28,5138,39,1,2016-12-19T02:49:04.000Z,st_petersburg,2016-12-19T00:00:00.000Z,51,Tug,St. Petersburg,1
59.88223,30.19497,0,0,88,4,SPB,RU,141,0,KAPITAN SOROKIN,3,345312,31,43,28,5138,39,1,2016-12-19T02:51:04.000Z,st_petersburg,2016-12-19T00:00:00.000Z,51,Tug,St. Petersburg,1
59.88223,30.19497,0,0,88,4,SPB,RU,141,0,KAPITAN SOROKIN,3,345312,31,43,28,5138,39,1,2016-12-19T02:51:05.000Z,st_petersburg,2016-12-19T00:00:00.000Z,51,Tug,St. Petersburg,1
59.88223,30.19497,0,0,88,4,SPB,RU,141,0,KAPITAN SOROKIN,3,345312,31,43,28,5138,39,1,2016-12-19T02:53:03.000Z,st_petersburg,2016-12-19T00:00:00.000Z,51,Tug,St. Petersburg,1
59.88223,30.19497,0,0,88,6,SPB,RU,141,0,KAPITAN SOROKIN,3,345312,31,43,28,5138,39,1,2016-12-19T02:53:04.000Z,st_petersburg,2016-12-19T00:00:00.000Z,51,Tug,St. Petersburg,1
59.88223,30.19497,0,0,88,8,SPB,RU,141,0,KAPITAN SOROKIN,3,345312,31,43,28,5138,39,1,2016-12-19T02:55:03.000Z,st_petersburg,2016-12-19T00:00:00.000Z,51,Tug,St. Petersburg,1
59.88223,30.19497,0,0,88,6,SPB,RU,141,0,KAPITAN SOROKIN,3,345312,31,43,28,5138,39,1,2016-12-19T02:55:03.000Z,st_petersburg,2016-12-19T00:00:00.000Z,51,Tug,St. Petersburg,1
59.8822,30.19495,0,0,88,2,SPB,RU,141,0,KAPITAN SOROKIN,3,345312,31,43,28,5138,39,1,2016-12-19T02:57:04.000Z,st_petersburg,2016-12-19T00:00:00.000Z,51,Tug,St. Petersburg,1
59.8822,30.19495,0,0,88,2,SPB,RU,141,0,KAPITAN SOROKIN,3,345312,31,43,28,5138,39,1,2016-12-19T02:57:05.000Z,st_petersburg,2016-12-19T00:00:00.000Z,51,Tug,St. Petersburg,1
59.8822,30.19495,0,0,88,4,SPB,RU,141,0,KAPITAN SOROKIN,3,345312,31,43,28,5138,39,1,2016-12-19T02:59:03.000Z,st_petersburg,2016-12-19T00:00:00.000Z,51,Tug,St. Petersburg,1
59.8822,30.19495,0,0,88,4,SPB,RU,141,0,KAPITAN SOROKIN,3,345312,31,43,28,5138,39,1,2016-12-19T02:59:04.000Z,st_petersburg,2016-12-19T00:00:00.000Z,51,Tug,St. Petersburg,1
59.8822,30.19495,0,0,88,6,SPB,RU,141,0,KAPITAN SOROKIN,3,345312,31,43,28,5138,39,1,2016-12-19T03:01:03.000Z,st_petersburg,2016-12-19T00:00:00.000Z,51,Tug,St. Petersburg,1
59.8822,30.19495,0,0,88,6,SPB,RU,141,0,KAPITAN SOROKIN,3,345312,31,43,28,5138,39,1,2016-12-19T03:01:04.000Z,st_petersburg,2016-12-19T00:00:00.000Z,51,Tug,St. Petersburg,1
59.8822,30.19495,0,0,88,8,SPB,RU,141,0,KAPITAN SOROKIN,3,345312,31,43,28,5138,39,1,2016-12-19T03:03:03.000Z,st_petersburg,2016-12-19T00:00:00.000Z,51,Tug,St. Petersburg,1
59.8822,30.19495,0,0,88,7,SPB,RU,141,0,KAPITAN SOROKIN,3,345312,31,43,28,5138,39,1,2016-12-19T03:03:04.000Z,st_petersburg,2016-12-19T00:00:00.000Z,51,Tug,St. Petersburg,1
59.88225,30.19493,0,0,88,2,SPB,RU,141,0,KAPITAN SOROKIN,3,345312,31,43,28,5138,39,1,2016-12-19T03:05:03.000Z,st_petersburg,2016-12-19T00:00:00.000Z,51,Tug,St. Petersburg,1
59.8822,30.19495,0,0,88,8,SPB,RU,141,0,KAPITAN SOROKIN,3,345312,31,43,28,5138,39,1,2016-12-19T03:05:04.000Z,st_petersburg,2016-12-19T00:00:00.000Z,51,Tug,St. Petersburg,1
59.88225,30.19493,0,0,88,4,SPB,RU,141,0,KAPITAN SOROKIN,3,345312,31,43,28,5138,39,1,2016-12-19T03:07:04.000Z,st_petersburg,2016-12-19T00:00:00.000Z,51,Tug,St. Petersburg,1
59.88225,30.19493,0,0,88,4,SPB,RU,141,0,KAPITAN SOROKIN,3,345312,31,43,28,5138,39,1,2016-12-19T03:07:04.000Z,st_petersburg,2016-12-19T00:00:00.000Z,51,Tug,St. Petersburg,1
59.88224,30.19491,0,0,88,3,SPB,RU,141,0,KAPITAN SOROKIN,3,345312,31,43,28,5138,39,1,2016-12-19T03:09:03.000Z,st_petersburg,2016-12-19T00:00:00.000Z,51,Tug,St. Petersburg,1
59.88224,30.19491,0,0,88,2,SPB,RU,141,0,KAPITAN SOROKIN,3,345312,31,43,28,5138,39,1,2016-12-19T03:09:04.000Z,st_petersburg,2016-12-19T00:00:00.000Z,51,Tug,St. Petersburg,1
59.88224,30.19491,0,0,88,5,SPB,RU,141,0,KAPITAN SOROKIN,3,345312,31,43,28,5138,39,1,2016-12-19T03:11:04.000Z,st_petersburg,2016-12-19T00:00:00.000Z,51,Tug,St. Petersburg,1
59.88224,30.19491,0,0,88,5,SPB,RU,141,0,KAPITAN SOROKIN,3,345312,31,43,28,5138,39,1,2016-12-19T03:11:05.000Z,st_petersburg,2016-12-19T00:00:00.000Z,51,Tug,St. Petersburg,1
59.88226,30.19495,0,0,88,3,SPB,RU,141,0,KAPITAN SOROKIN,3,345312,31,43,28,5138,39,1,2016-12-19T03:13:05.000Z,st_petersburg,2016-12-19T00:00:00.000Z,51,Tug,St. Petersburg,1
59.88226,30.19495,0,0,88,3,SPB,RU,141,0,KAPITAN SOROKIN,3,345312,31,43,28,5138,39,1,2016-12-19T03:13:06.000Z,st_petersburg,2016-12-19T00:00:00.000Z,51,Tug,St. Petersburg,1
59.88224,30.19496,0,0,88,2,SPB,RU,141,0,KAPITAN SOROKIN,3,345312,31,43,28,5138,39,1,2016-12-19T03:15:03.000Z,st_petersburg,2016-12-19T00:00:00.000Z,51,Tug,St. Petersburg,1
59.88226,30.19495,0,0,88,3,SPB,RU,141,0,KAPITAN SOROKIN,3,345312,31,43,28,5138,39,1,2016-12-19T03:15:04.000Z,st_petersburg,2016-12-19T00:00:00.000Z,51,Tug,St. Petersburg,1
59.88224,30.19496,0,0,88,4,SPB,RU,141,0,KAPITAN SOROKIN,3,345312,31,43,28,5138,39,1,2016-12-19T03:17:03.000Z,st_petersburg,2016-12-19T00:00:00.000Z,51,Tug,St. Petersburg,1
59.88224,30.19496,0,0,88,2,SPB,RU,141,0,KAPITAN SOROKIN,3,345312,31,43,28,5138,39,1,2016-12-19T03:17:04.000Z,st_petersburg,2016-12-19T00:00:00.000Z,51,Tug,St. Petersburg,1
59.88224,30.19496,0,0,88,2,SPB,RU,141,0,KAPITAN SOROKIN,3,345312,31,43,28,5138,39,1,2016-12-19T03:19:03.000Z,st_petersburg,2016-12-19T00:00:00.000Z,51,Tug,St. Petersburg,1
59.88224,30.19496,0,0,88,2,SPB,RU,141,0,KAPITAN SOROKIN,3,345312,31,43,28,5138,39,1,2016-12-19T03:19:04.000Z,st_petersburg,2016-12-19T00:00:00.000Z,51,Tug,St. Petersburg,1
59.88224,30.19496,0,0,88,4,SPB,RU,141,0,KAPITAN SOROKIN,3,345312,31,43,28,5138,39,1,2016-12-19T03:21:03.000Z,st_petersburg,2016-12-19T00:00:00.000Z,51,Tug,St. Petersburg,1
59.88224,30.19496,0,0,88,4,SPB,RU,141,0,KAPITAN SOROKIN,3,345312,31,43,28,5138,39,1,2016-12-19T03:21:04.000Z,st_petersburg,2016-12-19T00:00:00.000Z,51,Tug,St. Petersburg,1
59.88228,30.19493,0,0,88,3,SPB,RU,141,0,KAPITAN SOROKIN,3,345312,31,43,28,5138,39,1,2016-12-19T03:23:03.000Z,st_petersburg,2016-12-19T00:00:00.000Z,51,Tug,St. Petersburg,1
59.88228,30.19493,0,0,88,3,SPB,RU,141,0,KAPITAN SOROKIN,3,345312,31,43,28,5138,39,1,2016-12-19T03:23:04.000Z,st_petersburg,2016-12-19T00:00:00.000Z,51,Tug,St. Petersburg,1
59.88228,30.19493,0,0,88,5,SPB,RU,141,0,KAPITAN SOROKIN,3,345312,31,43,28,5138,39,1,2016-12-19T03:25:03.000Z,st_petersburg,2016-12-19T00:00:00.000Z,51,Tug,St. Petersburg,1
59.88228,30.19493,0,0,88,5,SPB,RU,141,0,KAPITAN SOROKIN,3,345312,31,43,28,5138,39,1,2016-12-19T03:25:05.000Z,st_petersburg,2016-12-19T00:00:00.000Z,51,Tug,St. Petersburg,1
59.88225,30.19493,0,0,88,3,SPB,RU,141,0,KAPITAN SOROKIN,3,345312,31,43,28,5138,39,1,2016-12-19T03:27:04.000Z,st_petersburg,2016-12-19T00:00:00.000Z,51,Tug,St. Petersburg,1
59.88225,30.19493,0,0,88,3,SPB,RU,141,0,KAPITAN SOROKIN,3,345312,31,43,28,5138,39,1,2016-12-19T03:27:04.000Z,st_petersburg,2016-12-19T00:00:00.000Z,51,Tug,St. Petersburg,1
59.88225,30.19493,0,0,88,5,SPB,RU,141,0,KAPITAN SOROKIN,3,345312,31,43,28,5138,39,1,2016-12-19T03:29:03.000Z,st_petersburg,2016-12-19T00:00:00.000Z,51,Tug,St. Petersburg,1
59.88225,30.19493,0,0,88,4,SPB,RU,141,0,KAPITAN SOROKIN,3,345312,31,43,28,5138,39,1,2016-12-19T03:29:04.000Z,st_petersburg,2016-12-19T00:00:00.000Z,51,Tug,St. Petersburg,1
59.88225,30.19493,0,0,88,7,SPB,RU,141,0,KAPITAN SOROKIN,3,345312,31,43,28,5138,39,1,2016-12-19T03:31:03.000Z,st_petersburg,2016-12-19T00:00:00.000Z,51,Tug,St. Petersburg,1
59.88225,30.19493,0,0,88,7,SPB,RU,141,0,KAPITAN SOROKIN,3,345312,31,43,28,5138,39,1,2016-12-19T03:31:04.000Z,st_petersburg,2016-12-19T00:00:00.000Z,51,Tug,St. Petersburg,1
59.88225,30.19493,0,0,88,9,SPB,RU,141,0,KAPITAN SOROKIN,3,345312,31,43,28,5138,39,1,2016-12-19T03:33:03.000Z,st_petersburg,2016-12-19T00:00:00.000Z,51,Tug,St. Petersburg,1
59.88225,30.19493,0,0,88,9,SPB,RU,141,0,KAPITAN SOROKIN,3,345312,31,43,28,5138,39,1,2016-12-19T03:33:04.000Z,st_petersburg,2016-12-19T00:00:00.000Z,51,Tug,St. Petersburg,1
59.88228,30.19496,0,0,88,3,SPB,RU,141,0,KAPITAN SOROKIN,3,345312,31,43,28,5138,39,1,2016-12-19T03:35:03.000Z,st_petersburg,2016-12-19T00:00:00.000Z,51,Tug,St. Petersburg,1
59.88228,30.19496,0,0,88,3,SPB,RU,141,0,KAPITAN SOROKIN,3,345312,31,43,28,5138,39,1,2016-12-19T03:35:04.000Z,st_petersburg,2016-12-19T00:00:00.000Z,51,Tug,St. Petersburg,1
59.88225,30.19496,0,0,88,2,SPB,RU,141,0,KAPITAN SOROKIN,3,345312,31,43,28,5138,39,1,2016-12-19T03:37:03.000Z,st_petersburg,2016-12-19T00:00:00.000Z,51,Tug,St. Petersburg,1
59.88225,30.19496,0,0,88,2,SPB,RU,141,0,KAPITAN SOROKIN,3,345312,31,43,28,5138,39,1,2016-12-19T03:37:04.000Z,st_petersburg,2016-12-19T00:00:00.000Z,51,Tug,St. Petersburg,1
59.88225,30.19496,0,0,88,4,SPB,RU,141,0,KAPITAN SOROKIN,3,345312,31,43,28,5138,39,1,2016-12-19T03:39:03.000Z,st_petersburg,2016-12-19T00:00:00.000Z,51,Tug,St. Petersburg,1
59.88225,30.19496,0,0,88,2,SPB,RU,141,0,KAPITAN SOROKIN,3,345312,31,43,28,5138,39,1,2016-12-19T03:39:04.000Z,st_petersburg,2016-12-19T00:00:00.000Z,51,Tug,St. Petersburg,1
59.88225,30.19495,0,0,88,3,SPB,RU,141,0,KAPITAN SOROKIN,3,345312,31,43,28,5138,39,1,2016-12-19T03:41:04.000Z,st_petersburg,2016-12-19T00:00:00.000Z,51,Tug,St. Petersburg,1
59.88225,30.19495,0,0,88,3,SPB,RU,141,0,KAPITAN SOROKIN,3,345312,31,43,28,5138,39,1,2016-12-19T03:41:04.000Z,st_petersburg,2016-12-19T00:00:00.000Z,51,Tug,St. Petersburg,1
59.88225,30.19495,0,0,88,5,SPB,RU,141,0,KAPITAN SOROKIN,3,345312,31,43,28,5138,39,1,2016-12-19T03:43:03.000Z,st_petersburg,2016-12-19T00:00:00.000Z,51,Tug,St. Petersburg,1
59.88225,30.19495,0,0,88,3,SPB,RU,141,0,KAPITAN SOROKIN,3,345312,31,43,28,5138,39,1,2016-12-19T03:43:04.000Z,st_petersburg,2016-12-19T00:00:00.000Z,51,Tug,St. Petersburg,1
59.88227,30.19498,0,0,88,3,SPB,RU,141,0,KAPITAN SOROKIN,3,345312,31,43,28,5138,39,1,2016-12-19T03:45:03.000Z,st_petersburg,2016-12-19T00:00:00.000Z,51,Tug,St. Petersburg,1
59.88227,30.19498,0,0,88,3,SPB,RU,141,0,KAPITAN SOROKIN,3,345312,31,43,28,5138,39,1,2016-12-19T03:45:04.000Z,st_petersburg,2016-12-19T00:00:00.000Z,51,Tug,St. Petersburg,1
59.88225,30.19494,0,0,88,2,SPB,RU,141,0,KAPITAN SOROKIN,3,345312,31,43,28,5138,39,1,2016-12-19T03:47:03.000Z,st_petersburg,2016-12-19T00:00:00.000Z,51,Tug,St. Petersburg,1
59.88225,30.19494,0,0,88,2,SPB,RU,141,0,KAPITAN SOROKIN,3,345312,31,43,28,5138,39,1,2016-12-19T03:47:04.000Z,st_petersburg,2016-12-19T00:00:00.000Z,51,Tug,St. Petersburg,1
59.88225,30.19494,0,0,88,4,SPB,RU,141,0,KAPITAN SOROKIN,3,345312,31,43,28,5138,39,1,2016-12-19T03:49:04.000Z,st_petersburg,2016-12-19T00:00:00.000Z,51,Tug,St. Petersburg,1
59.88225,30.19494,0,0,88,4,SPB,RU,141,0,KAPITAN SOROKIN,3,345312,31,43,28,5138,39,1,2016-12-19T03:49:05.000Z,st_petersburg,2016-12-19T00:00:00.000Z,51,Tug,St. Petersburg,1
59.88225,30.19495,0,0,88,3,SPB,RU,141,0,KAPITAN SOROKIN,3,345312,31,43,28,5138,39,1,2016-12-19T03:51:03.000Z,st_petersburg,2016-12-19T00:00:00.000Z,51,Tug,St. Petersburg,1
59.88225,30.19495,0,0,88,3,SPB,RU,141,0,KAPITAN SOROKIN,3,345312,31,43,28,5138,39,1,2016-12-19T03:51:04.000Z,st_petersburg,2016-12-19T00:00:00.000Z,51,Tug,St. Petersburg,1
59.88225,30.19495,0,0,88,5,SPB,RU,141,0,KAPITAN SOROKIN,3,345312,31,43,28,5138,39,1,2016-12-19T03:53:03.000Z,st_petersburg,2016-12-19T00:00:00.000Z,51,Tug,St. Petersburg,1
59.88225,30.19495,0,0,88,5,SPB,RU,141,0,KAPITAN SOROKIN,3,345312,31,43,28,5138,39,1,2016-12-19T03:53:04.000Z,st_petersburg,2016-12-19T00:00:00.000Z,51,Tug,St. Petersburg,1
59.88225,30.19495,0,0,88,7,SPB,RU,141,0,KAPITAN SOROKIN,3,345312,31,43,28,5138,39,1,2016-12-19T03:55:04.000Z,st_petersburg,2016-12-19T00:00:00.000Z,51,Tug,St. Petersburg,1
59.88225,30.19495,0,0,88,7,SPB,RU,141,0,KAPITAN SOROKIN,3,345312,31,43,28,5138,39,1,2016-12-19T03:55:05.000Z,st_petersburg,2016-12-19T00:00:00.000Z,51,Tug,St. Petersburg,1
59.88225,30.19495,0,0,88,9,SPB,RU,141,0,KAPITAN SOROKIN,3,345312,31,43,28,5138,39,1,2016-12-19T03:57:03.000Z,st_petersburg,2016-12-19T00:00:00.000Z,51,Tug,St. Petersburg,1
59.88225,30.19495,0,0,88,9,SPB,RU,141,0,KAPITAN SOROKIN,3,345312,31,43,28,5138,39,1,2016-12-19T03:57:04.000Z,st_petersburg,2016-12-19T00:00:00.000Z,51,Tug,St. Petersburg,1
59.88227,30.19494,0,0,88,3,SPB,RU,141,0,KAPITAN SOROKIN,3,345312,31,43,28,5138,39,1,2016-12-19T03:59:03.000Z,st_petersburg,2016-12-19T00:00:00.000Z,51,Tug,St. Petersburg,1
59.88227,30.19494,0,0,88,2,SPB,RU,141,0,KAPITAN SOROKIN,3,345312,31,43,28,5138,39,1,2016-12-19T03:59:04.000Z,st_petersburg,2016-12-19T00:00:00.000Z,51,Tug,St. Petersburg,1
59.88224,30.19494,0,0,88,2,SPB,RU,141,0,KAPITAN SOROKIN,3,345312,31,43,28,5138,39,1,2016-12-19T04:01:03.000Z,st_petersburg,2016-12-19T00:00:00.000Z,51,Tug,St. Petersburg,1
59.88224,30.19494,0,0,88,2,SPB,RU,141,0,KAPITAN SOROKIN,3,345312,31,43,28,5138,39,1,2016-12-19T04:01:04.000Z,st_petersburg,2016-12-19T00:00:00.000Z,51,Tug,St. Petersburg,1
59.88224,30.19494,0,0,88,4,SPB,RU,141,0,KAPITAN SOROKIN,3,345312,31,43,28,5138,39,1,2016-12-19T04:03:04.000Z,st_petersburg,2016-12-19T00:00:00.000Z,51,Tug,St. Petersburg,1
59.88224,30.19494,0,0,88,4,SPB,RU,141,0,KAPITAN SOROKIN,3,345312,31,43,28,5138,39,1,2016-12-19T04:03:04.000Z,st_petersburg,2016-12-19T00:00:00.000Z,51,Tug,St. Petersburg,1
59.88225,30.19494,0,0,88,3,SPB,RU,141,0,KAPITAN SOROKIN,3,345312,31,43,28,5138,39,1,2016-12-19T04:05:03.000Z,st_petersburg,2016-12-19T00:00:00.000Z,51,Tug,St. Petersburg,1
59.88225,30.19494,0,0,88,2,SPB,RU,141,0,KAPITAN SOROKIN,3,345312,31,43,28,5138,39,1,2016-12-19T04:05:04.000Z,st_petersburg,2016-12-19T00:00:00.000Z,51,Tug,St. Petersburg,1
59.88227,30.19495,0,0,88,2,SPB,RU,141,0,KAPITAN SOROKIN,3,345312,31,43,28,5138,39,1,2016-12-19T04:07:03.000Z,st_petersburg,2016-12-19T00:00:00.000Z,51,Tug,St. Petersburg,1
59.88227,30.19495,0,0,88,2,SPB,RU,141,0,KAPITAN SOROKIN,3,345312,31,43,28,5138,39,1,2016-12-19T04:07:04.000Z,st_petersburg,2016-12-19T00:00:00.000Z,51,Tug,St. Petersburg,1
59.88227,30.19495,0,0,88,4,SPB,RU,141,0,KAPITAN SOROKIN,3,345312,31,43,28,5138,39,1,2016-12-19T04:09:04.000Z,st_petersburg,2016-12-19T00:00:00.000Z,51,Tug,St. Petersburg,1
59.88227,30.19495,0,0,88,4,SPB,RU,141,0,KAPITAN SOROKIN,3,345312,31,43,28,5138,39,1,2016-12-19T04:09:05.000Z,st_petersburg,2016-12-19T00:00:00.000Z,51,Tug,St. Petersburg,1
59.88227,30.19495,0,0,88,6,SPB,RU,141,0,KAPITAN SOROKIN,3,345312,31,43,28,5138,39,1,2016-12-19T04:11:03.000Z,st_petersburg,2016-12-19T00:00:00.000Z,51,Tug,St. Petersburg,1
59.88227,30.19495,0,0,88,5,SPB,RU,141,0,KAPITAN SOROKIN,3,345312,31,43,28,5138,39,1,2016-12-19T04:11:04.000Z,st_petersburg,2016-12-19T00:00:00.000Z,51,Tug,St. Petersburg,1
59.88227,30.19495,0,0,88,8,SPB,RU,141,0,KAPITAN SOROKIN,3,345312,31,43,28,5138,39,1,2016-12-19T04:13:03.000Z,st_petersburg,2016-12-19T00:00:00.000Z,51,Tug,St. Petersburg,1
59.88227,30.19495,0,0,88,8,SPB,RU,141,0,KAPITAN SOROKIN,3,345312,31,43,28,5138,39,1,2016-12-19T04:13:04.000Z,st_petersburg,2016-12-19T00:00:00.000Z,51,Tug,St. Petersburg,1
59.88226,30.19495,0,0,88,2,SPB,RU,141,0,KAPITAN SOROKIN,3,345312,31,43,28,5138,39,1,2016-12-19T04:15:04.000Z,st_petersburg,2016-12-19T00:00:00.000Z,51,Tug,St. Petersburg,1
59.88226,30.19495,0,0,88,2,SPB,RU,141,0,KAPITAN SOROKIN,3,345312,31,43,28,5138,39,1,2016-12-19T04:15:05.000Z,st_petersburg,2016-12-19T00:00:00.000Z,51,Tug,St. Petersburg,1
59.88226,30.19495,0,0,88,4,SPB,RU,141,0,KAPITAN SOROKIN,3,345312,31,43,28,5138,39,1,2016-12-19T04:17:03.000Z,st_petersburg,2016-12-19T00:00:00.000Z,51,Tug,St. Petersburg,1
59.88226,30.19495,0,0,88,4,SPB,RU,141,0,KAPITAN SOROKIN,3,345312,31,43,28,5138,39,1,2016-12-19T04:17:04.000Z,st_petersburg,2016-12-19T00:00:00.000Z,51,Tug,St. Petersburg,1
59.88224,30.19493,0,0,88,3,SPB,RU,141,0,KAPITAN SOROKIN,3,345312,31,43,28,5138,39,1,2016-12-19T04:19:04.000Z,st_petersburg,2016-12-19T00:00:00.000Z,51,Tug,St. Petersburg,1
59.88224,30.19493,0,0,88,3,SPB,RU,141,0,KAPITAN SOROKIN,3,345312,31,43,28,5138,39,1,2016-12-19T04:19:05.000Z,st_petersburg,2016-12-19T00:00:00.000Z,51,Tug,St. Petersburg,1
59.88224,30.19493,0,0,88,5,SPB,RU,141,0,KAPITAN SOROKIN,3,345312,31,43,28,5138,39,1,2016-12-19T04:21:03.000Z,st_petersburg,2016-12-19T00:00:00.000Z,51,Tug,St. Petersburg,1
59.88224,30.19493,0,0,88,3,SPB,RU,141,0,KAPITAN SOROKIN,3,345312,31,43,28,5138,39,1,2016-12-19T04:21:04.000Z,st_petersburg,2016-12-19T00:00:00.000Z,51,Tug,St. Petersburg,1
59.88225,30.19493,0,0,88,3,SPB,RU,141,0,KAPITAN SOROKIN,3,345312,31,43,28,5138,39,1,2016-12-19T04:23:03.000Z,st_petersburg,2016-12-19T00:00:00.000Z,51,Tug,St. Petersburg,1
59.88225,30.19493,0,0,88,3,SPB,RU,141,0,KAPITAN SOROKIN,3,345312,31,43,28,5138,39,1,2016-12-19T04:23:04.000Z,st_petersburg,2016-12-19T00:00:00.000Z,51,Tug,St. Petersburg,1
59.88225,30.19495,0,0,88,2,SPB,RU,141,0,KAPITAN SOROKIN,3,345312,31,43,28,5138,39,1,2016-12-19T04:25:04.000Z,st_petersburg,2016-12-19T00:00:00.000Z,51,Tug,St. Petersburg,1
59.88225,30.19495,0,0,88,2,SPB,RU,141,0,KAPITAN SOROKIN,3,345312,31,43,28,5138,39,1,2016-12-19T04:25:05.000Z,st_petersburg,2016-12-19T00:00:00.000Z,51,Tug,St. Petersburg,1
59.88225,30.19495,0,0,88,4,SPB,RU,141,0,KAPITAN SOROKIN,3,345312,31,43,28,5138,39,1,2016-12-19T04:27:03.000Z,st_petersburg,2016-12-19T00:00:00.000Z,51,Tug,St. Petersburg,1
59.88225,30.19495,0,0,88,4,SPB,RU,141,0,KAPITAN SOROKIN,3,345312,31,43,28,5138,39,1,2016-12-19T04:27:04.000Z,st_petersburg,2016-12-19T00:00:00.000Z,51,Tug,St. Petersburg,1
59.88225,30.19496,0,0,88,3,SPB,RU,141,0,KAPITAN SOROKIN,3,345312,31,43,28,5138,39,1,2016-12-19T04:29:03.000Z,st_petersburg,2016-12-19T00:00:00.000Z,51,Tug,St. Petersburg,1
59.88225,30.19496,0,0,88,3,SPB,RU,141,0,KAPITAN SOROKIN,3,345312,31,43,28,5138,39,1,2016-12-19T04:29:04.000Z,st_petersburg,2016-12-19T00:00:00.000Z,51,Tug,St. Petersburg,1
59.88224,30.19494,0,0,88,2,SPB,RU,141,0,KAPITAN SOROKIN,3,345312,31,43,28,5138,39,1,2016-12-19T04:31:03.000Z,st_petersburg,2016-12-19T00:00:00.000Z,51,Tug,St. Petersburg,1
59.88224,30.19494,0,0,88,2,SPB,RU,141,0,KAPITAN SOROKIN,3,345312,31,43,28,5138,39,1,2016-12-19T04:31:04.000Z,st_petersburg,2016-12-19T00:00:00.000Z,51,Tug,St. Petersburg,1
59.88224,30.19494,0,0,88,4,SPB,RU,141,0,KAPITAN SOROKIN,3,345312,31,43,28,5138,39,1,2016-12-19T04:33:03.000Z,st_petersburg,2016-12-19T00:00:00.000Z,51,Tug,St. Petersburg,1
59.88224,30.19494,0,0,88,4,SPB,RU,141,0,KAPITAN SOROKIN,3,345312,31,43,28,5138,39,1,2016-12-19T04:33:04.000Z,st_petersburg,2016-12-19T00:00:00.000Z,51,Tug,St. Petersburg,1
59.88224,30.19494,0,0,88,6,SPB,RU,141,0,KAPITAN SOROKIN,3,345312,31,43,28,5138,39,1,2016-12-19T04:35:03.000Z,st_petersburg,2016-12-19T00:00:00.000Z,51,Tug,St. Petersburg,1
59.88224,30.19494,0,0,88,6,SPB,RU,141,0,KAPITAN SOROKIN,3,345312,31,43,28,5138,39,1,2016-12-19T04:35:04.000Z,st_petersburg,2016-12-19T00:00:00.000Z,51,Tug,St. Petersburg,1
59.88224,30.19494,0,0,88,8,SPB,RU,141,0,KAPITAN SOROKIN,3,345312,31,43,28,5138,39,1,2016-12-19T04:37:04.000Z,st_petersburg,2016-12-19T00:00:00.000Z,51,Tug,St. Petersburg,1
59.88224,30.19494,0,0,88,6,SPB,RU,141,0,KAPITAN SOROKIN,3,345312,31,43,28,5138,39,1,2016-12-19T04:37:05.000Z,st_petersburg,2016-12-19T00:00:00.000Z,51,Tug,St. Petersburg,1
59.88225,30.19494,0,0,88,2,SPB,RU,141,0,KAPITAN SOROKIN,3,345312,31,43,28,5138,39,1,2016-12-19T04:39:03.000Z,st_petersburg,2016-12-19T00:00:00.000Z,51,Tug,St. Petersburg,1
59.88225,30.19494,0,0,88,2,SPB,RU,141,0,KAPITAN SOROKIN,3,345312,31,43,28,5138,39,1,2016-12-19T04:39:04.000Z,st_petersburg,2016-12-19T00:00:00.000Z,51,Tug,St. Petersburg,1
59.88225,30.19494,0,0,88,4,SPB,RU,141,0,KAPITAN SOROKIN,3,345312,31,43,28,5138,39,1,2016-12-19T04:41:03.000Z,st_petersburg,2016-12-19T00:00:00.000Z,51,Tug,St. Petersburg,1
59.88225,30.19494,0,0,88,4,SPB,RU,141,0,KAPITAN SOROKIN,3,345312,31,43,28,5138,39,1,2016-12-19T04:41:04.000Z,st_petersburg,2016-12-19T00:00:00.000Z,51,Tug,St. Petersburg,1
59.88225,30.19495,0,0,88,3,SPB,RU,141,0,KAPITAN SOROKIN,3,345312,31,43,28,5138,39,1,2016-12-19T04:43:03.000Z,st_petersburg,2016-12-19T00:00:00.000Z,51,Tug,St. Petersburg,1
59.88225,30.19495,0,0,88,3,SPB,RU,141,0,KAPITAN SOROKIN,3,345312,31,43,28,5138,39,1,2016-12-19T04:43:04.000Z,st_petersburg,2016-12-19T00:00:00.000Z,51,Tug,St. Petersburg,1
59.88226,30.19496,0,0,88,2,SPB,RU,141,0,KAPITAN SOROKIN,3,345312,31,43,28,5138,39,1,2016-12-19T04:45:03.000Z,st_petersburg,2016-12-19T00:00:00.000Z,51,Tug,St. Petersburg,1
59.88226,30.19496,0,0,88,2,SPB,RU,141,0,KAPITAN SOROKIN,3,345312,31,43,28,5138,39,1,2016-12-19T04:45:04.000Z,st_petersburg,2016-12-19T00:00:00.000Z,51,Tug,St. Petersburg,1
59.88226,30.19496,0,0,88,4,SPB,RU,141,0,KAPITAN SOROKIN,3,345312,31,43,28,5138,39,1,2016-12-19T04:47:03.000Z,st_petersburg,2016-12-19T00:00:00.000Z,51,Tug,St. Petersburg,1
59.88226,30.19496,0,0,88,4,SPB,RU,141,0,KAPITAN SOROKIN,3,345312,31,43,28,5138,39,1,2016-12-19T04:47:04.000Z,st_petersburg,2016-12-19T00:00:00.000Z,51,Tug,St. Petersburg,1
59.88225,30.19494,0,0,88,2,SPB,RU,141,0,KAPITAN SOROKIN,3,345312,31,43,28,5138,39,1,2016-12-19T04:49:03.000Z,st_petersburg,2016-12-19T00:00:00.000Z,51,Tug,St. Petersburg,1
59.88225,30.19494,0,0,88,2,SPB,RU,141,0,KAPITAN SOROKIN,3,345312,31,43,28,5138,39,1,2016-12-19T04:49:04.000Z,st_petersburg,2016-12-19T00:00:00.000Z,51,Tug,St. Petersburg,1
59.88225,30.19494,0,0,88,4,SPB,RU,141,0,KAPITAN SOROKIN,3,345312,31,43,28,5138,39,1,2016-12-19T04:51:04.000Z,st_petersburg,2016-12-19T00:00:00.000Z,51,Tug,St. Petersburg,1
59.88225,30.19494,0,0,88,4,SPB,RU,141,0,KAPITAN SOROKIN,3,345312,31,43,28,5138,39,1,2016-12-19T04:51:04.000Z,st_petersburg,2016-12-19T00:00:00.000Z,51,Tug,St. Petersburg,1
59.88225,30.19494,0,0,88,6,SPB,RU,141,0,KAPITAN SOROKIN,3,345312,31,43,28,5138,39,1,2016-12-19T04:53:03.000Z,st_petersburg,2016-12-19T00:00:00.000Z,51,Tug,St. Petersburg,1
59.88225,30.19494,0,0,88,6,SPB,RU,141,0,KAPITAN SOROKIN,3,345312,31,43,28,5138,39,1,2016-12-19T04:53:04.000Z,st_petersburg,2016-12-19T00:00:00.000Z,51,Tug,St. Petersburg,1
59.88225,30.19494,0,0,88,8,SPB,RU,141,0,KAPITAN SOROKIN,3,345312,31,43,28,5138,39,1,2016-12-19T04:55:03.000Z,st_petersburg,2016-12-19T00:00:00.000Z,51,Tug,St. Petersburg,1
59.88225,30.19494,0,0,88,7,SPB,RU,141,0,KAPITAN SOROKIN,3,345312,31,43,28,5138,39,1,2016-12-19T04:55:05.000Z,st_petersburg,2016-12-19T00:00:00.000Z,51,Tug,St. Petersburg,1
59.88227,30.19496,0,0,88,2,SPB,RU,141,0,KAPITAN SOROKIN,3,345312,31,43,28,5138,39,1,2016-12-19T04:57:03.000Z,st_petersburg,2016-12-19T00:00:00.000Z,51,Tug,St. Petersburg,1
59.88227,30.19496,0,0,88,2,SPB,RU,141,0,KAPITAN SOROKIN,3,345312,31,43,28,5138,39,1,2016-12-19T04:57:04.000Z,st_petersburg,2016-12-19T00:00:00.000Z,51,Tug,St. Petersburg,1
59.88227,30.19496,0,0,88,4,SPB,RU,141,0,KAPITAN SOROKIN,3,345312,31,43,28,5138,39,1,2016-12-19T04:59:04.000Z,st_petersburg,2016-12-19T00:00:00.000Z,51,Tug,St. Petersburg,1
59.88227,30.19496,0,0,88,4,SPB,RU,141,0,KAPITAN SOROKIN,3,345312,31,43,28,5138,39,1,2016-12-19T04:59:04.000Z,st_petersburg,2016-12-19T00:00:00.000Z,51,Tug,St. Petersburg,1
59.88225,30.19497,0,0,88,3,SPB,RU,141,0,KAPITAN SOROKIN,3,345312,31,43,28,5138,39,1,2016-12-19T05:01:03.000Z,st_petersburg,2016-12-19T00:00:00.000Z,51,Tug,St. Petersburg,1
59.88225,30.19497,0,0,88,3,SPB,RU,141,0,KAPITAN SOROKIN,3,345312,31,43,28,5138,39,1,2016-12-19T05:01:04.000Z,st_petersburg,2016-12-19T00:00:00.000Z,51,Tug,St. Petersburg,1
59.88223,30.19492,0,0,88,2,SPB,RU,141,0,KAPITAN SOROKIN,3,345312,31,43,28,5138,39,1,2016-12-19T05:03:03.000Z,st_petersburg,2016-12-19T00:00:00.000Z,51,Tug,St. Petersburg,1
59.88223,30.19492,0,0,88,2,SPB,RU,141,0,KAPITAN SOROKIN,3,345312,31,43,28,5138,39,1,2016-12-19T05:03:04.000Z,st_petersburg,2016-12-19T00:00:00.000Z,51,Tug,St. Petersburg,1
59.88223,30.19492,0,0,88,4,SPB,RU,141,0,KAPITAN SOROKIN,3,345312,31,43,28,5138,39,1,2016-12-19T05:05:03.000Z,st_petersburg,2016-12-19T00:00:00.000Z,51,Tug,St. Petersburg,1
59.88223,30.19492,0,0,88,4,SPB,RU,141,0,KAPITAN SOROKIN,3,345312,31,43,28,5138,39,1,2016-12-19T05:05:04.000Z,st_petersburg,2016-12-19T00:00:00.000Z,51,Tug,St. Petersburg,1
59.88227,30.19492,0,0,88,3,SPB,RU,141,0,KAPITAN SOROKIN,3,345312,31,43,28,5138,39,1,2016-12-19T05:07:03.000Z,st_petersburg,2016-12-19T00:00:00.000Z,51,Tug,St. Petersburg,1
59.88227,30.19492,0,0,88,3,SPB,RU,141,0,KAPITAN SOROKIN,3,345312,31,43,28,5138,39,1,2016-12-19T05:07:04.000Z,st_petersburg,2016-12-19T00:00:00.000Z,51,Tug,St. Petersburg,1
59.88225,30.19494,0,0,88,2,SPB,RU,141,0,KAPITAN SOROKIN,3,345312,31,43,28,5138,39,1,2016-12-19T05:09:04.000Z,st_petersburg,2016-12-19T00:00:00.000Z,51,Tug,St. Petersburg,1
59.88225,30.19494,0,0,88,2,SPB,RU,141,0,KAPITAN SOROKIN,3,345312,31,43,28,5138,39,1,2016-12-19T05:09:04.000Z,st_petersburg,2016-12-19T00:00:00.000Z,51,Tug,St. Petersburg,1
59.88225,30.19494,0,0,88,4,SPB,RU,141,0,KAPITAN SOROKIN,3,345312,31,43,28,5138,39,1,2016-12-19T05:11:03.000Z,st_petersburg,2016-12-19T00:00:00.000Z,51,Tug,St. Petersburg,1
59.88225,30.19494,0,0,88,4,SPB,RU,141,0,KAPITAN SOROKIN,3,345312,31,43,28,5138,39,1,2016-12-19T05:11:04.000Z,st_petersburg,2016-12-19T00:00:00.000Z,51,Tug,St. Petersburg,1
59.88225,30.19497,0,0,88,3,SPB,RU,141,0,KAPITAN SOROKIN,3,345312,31,43,28,5138,39,1,2016-12-19T05:13:04.000Z,st_petersburg,2016-12-19T00:00:00.000Z,51,Tug,St. Petersburg,1
59.88225,30.19497,0,0,88,3,SPB,RU,141,0,KAPITAN SOROKIN,3,345312,31,43,28,5138,39,1,2016-12-19T05:13:05.000Z,st_petersburg,2016-12-19T00:00:00.000Z,51,Tug,St. Petersburg,1
59.88225,30.19497,0,0,88,5,SPB,RU,141,0,KAPITAN SOROKIN,3,345312,31,43,28,5138,39,1,2016-12-19T05:15:04.000Z,st_petersburg,2016-12-19T00:00:00.000Z,51,Tug,St. Petersburg,1
59.88225,30.19497,0,0,88,5,SPB,RU,141,0,KAPITAN SOROKIN,3,345312,31,43,28,5138,39,1,2016-12-19T05:15:05.000Z,st_petersburg,2016-12-19T00:00:00.000Z,51,Tug,St. Petersburg,1
59.88225,30.19497,0,0,88,7,SPB,RU,141,0,KAPITAN SOROKIN,3,345312,31,43,28,5138,39,1,2016-12-19T05:17:03.000Z,st_petersburg,2016-12-19T00:00:00.000Z,51,Tug,St. Petersburg,1
59.88225,30.19497,0,0,88,7,SPB,RU,141,0,KAPITAN SOROKIN,3,345312,31,43,28,5138,39,1,2016-12-19T05:17:04.000Z,st_petersburg,2016-12-19T00:00:00.000Z,51,Tug,St. Petersburg,1
59.88225,30.19497,0,0,88,9,SPB,RU,141,0,KAPITAN SOROKIN,3,345312,31,43,28,5138,39,1,2016-12-19T05:19:03.000Z,st_petersburg,2016-12-19T00:00:00.000Z,51,Tug,St. Petersburg,1
59.88225,30.19497,0,0,88,9,SPB,RU,141,0,KAPITAN SOROKIN,3,345312,31,43,28,5138,39,1,2016-12-19T05:19:04.000Z,st_petersburg,2016-12-19T00:00:00.000Z,51,Tug,St. Petersburg,1
59.88226,30.19495,0,0,88,3,SPB,RU,141,0,KAPITAN SOROKIN,3,345312,31,43,28,5138,39,1,2016-12-19T05:21:03.000Z,st_petersburg,2016-12-19T00:00:00.000Z,51,Tug,St. Petersburg,1
59.88226,30.19495,0,0,88,3,SPB,RU,141,0,KAPITAN SOROKIN,3,345312,31,43,28,5138,39,1,2016-12-19T05:21:04.000Z,st_petersburg,2016-12-19T00:00:00.000Z,51,Tug,St. Petersburg,1
59.88225,30.19494,0,0,88,2,SPB,RU,141,0,KAPITAN SOROKIN,3,345312,31,43,28,5138,39,1,2016-12-19T05:23:03.000Z,st_petersburg,2016-12-19T00:00:00.000Z,51,Tug,St. Petersburg,1
59.88225,30.19494,0,0,88,2,SPB,RU,141,0,KAPITAN SOROKIN,3,345312,31,43,28,5138,39,1,2016-12-19T05:23:04.000Z,st_petersburg,2016-12-19T00:00:00.000Z,51,Tug,St. Petersburg,1
59.88225,30.19494,0,0,88,4,SPB,RU,141,0,KAPITAN SOROKIN,3,345312,31,43,28,5138,39,1,2016-12-19T05:25:03.000Z,st_petersburg,2016-12-19T00:00:00.000Z,51,Tug,St. Petersburg,1
59.88225,30.19494,0,0,88,4,SPB,RU,141,0,KAPITAN SOROKIN,3,345312,31,43,28,5138,39,1,2016-12-19T05:25:04.000Z,st_petersburg,2016-12-19T00:00:00.000Z,51,Tug,St. Petersburg,1
59.88227,30.19493,0,0,88,3,SPB,RU,141,0,KAPITAN SOROKIN,3,345312,31,43,28,5138,39,1,2016-12-19T05:27:03.000Z,st_petersburg,2016-12-19T00:00:00.000Z,51,Tug,St. Petersburg,1
59.88227,30.19493,0,0,88,3,SPB,RU,141,0,KAPITAN SOROKIN,3,345312,31,43,28,5138,39,1,2016-12-19T05:27:04.000Z,st_petersburg,2016-12-19T00:00:00.000Z,51,Tug,St. Petersburg,1
59.88225,30.19492,0,0,88,2,SPB,RU,141,0,KAPITAN SOROKIN,3,345312,31,43,28,5138,39,1,2016-12-19T05:29:03.000Z,st_petersburg,2016-12-19T00:00:00.000Z,51,Tug,St. Petersburg,1
59.88225,30.19492,0,0,88,2,SPB,RU,141,0,KAPITAN SOROKIN,3,345312,31,43,28,5138,39,1,2016-12-19T05:29:04.000Z,st_petersburg,2016-12-19T00:00:00.000Z,51,Tug,St. Petersburg,1
59.88225,30.19492,0,0,88,4,SPB,RU,141,0,KAPITAN SOROKIN,3,345312,31,43,28,5138,39,1,2016-12-19T05:31:03.000Z,st_petersburg,2016-12-19T00:00:00.000Z,51,Tug,St. Petersburg,1
59.88225,30.19492,0,0,88,4,SPB,RU,141,0,KAPITAN SOROKIN,3,345312,31,43,28,5138,39,1,2016-12-19T05:31:04.000Z,st_petersburg,2016-12-19T00:00:00.000Z,51,Tug,St. Petersburg,1
59.88225,30.19494,0,0,88,3,SPB,RU,141,0,KAPITAN SOROKIN,3,345312,31,43,28,5138,39,1,2016-12-19T05:33:03.000Z,st_petersburg,2016-12-19T00:00:00.000Z,51,Tug,St. Petersburg,1
59.88225,30.19494,0,0,88,3,SPB,RU,141,0,KAPITAN SOROKIN,3,345312,31,43,28,5138,39,1,2016-12-19T05:33:04.000Z,st_petersburg,2016-12-19T00:00:00.000Z,51,Tug,St. Petersburg,1
59.88226,30.19495,0,0,88,2,SPB,RU,141,0,KAPITAN SOROKIN,3,345312,31,43,28,5138,39,1,2016-12-19T05:35:03.000Z,st_petersburg,2016-12-19T00:00:00.000Z,51,Tug,St. Petersburg,1
59.88226,30.19495,0,0,88,2,SPB,RU,141,0,KAPITAN SOROKIN,3,345312,31,43,28,5138,39,1,2016-12-19T05:35:04.000Z,st_petersburg,2016-12-19T00:00:00.000Z,51,Tug,St. Petersburg,1
59.88226,30.19495,0,0,88,4,SPB,RU,141,0,KAPITAN SOROKIN,3,345312,31,43,28,5138,39,1,2016-12-19T05:37:03.000Z,st_petersburg,2016-12-19T00:00:00.000Z,51,Tug,St. Petersburg,1
59.88226,30.19495,0,0,88,4,SPB,RU,141,0,KAPITAN SOROKIN,3,345312,31,43,28,5138,39,1,2016-12-19T05:37:04.000Z,st_petersburg,2016-12-19T00:00:00.000Z,51,Tug,St. Petersburg,1
59.88223,30.19495,0,0,88,3,SPB,RU,141,0,KAPITAN SOROKIN,3,345312,31,43,28,5138,39,1,2016-12-19T05:39:04.000Z,st_petersburg,2016-12-19T00:00:00.000Z,51,Tug,St. Petersburg,1
59.88223,30.19495,0,0,88,3,SPB,RU,141,0,KAPITAN SOROKIN,3,345312,31,43,28,5138,39,1,2016-12-19T05:39:05.000Z,st_petersburg,2016-12-19T00:00:00.000Z,51,Tug,St. Petersburg,1
59.88227,30.19493,0,0,88,2,SPB,RU,141,0,KAPITAN SOROKIN,3,345312,31,43,28,5138,39,1,2016-12-19T05:41:03.000Z,st_petersburg,2016-12-19T00:00:00.000Z,51,Tug,St. Petersburg,1
59.88227,30.19493,0,0,88,2,SPB,RU,141,0,KAPITAN SOROKIN,3,345312,31,43,28,5138,39,1,2016-12-19T05:41:04.000Z,st_petersburg,2016-12-19T00:00:00.000Z,51,Tug,St. Petersburg,1
59.88227,30.19493,0,0,88,4,SPB,RU,141,0,KAPITAN SOROKIN,3,345312,31,43,28,5138,39,1,2016-12-19T05:43:03.000Z,st_petersburg,2016-12-19T00:00:00.000Z,51,Tug,St. Petersburg,1
59.88227,30.19493,0,0,88,3,SPB,RU,141,0,KAPITAN SOROKIN,3,345312,31,43,28,5138,39,1,2016-12-19T05:43:04.000Z,st_petersburg,2016-12-19T00:00:00.000Z,51,Tug,St. Petersburg,1
59.88226,30.19494,0,0,88,3,SPB,RU,141,0,KAPITAN SOROKIN,3,345312,31,43,28,5138,39,1,2016-12-19T05:45:04.000Z,st_petersburg,2016-12-19T00:00:00.000Z,51,Tug,St. Petersburg,1
59.88226,30.19494,0,0,88,3,SPB,RU,141,0,KAPITAN SOROKIN,3,345312,31,43,28,5138,39,1,2016-12-19T05:45:05.000Z,st_petersburg,2016-12-19T00:00:00.000Z,51,Tug,St. Petersburg,1
59.88223,30.19494,0,0,88,2,SPB,RU,141,0,KAPITAN SOROKIN,3,345312,31,43,28,5138,39,1,2016-12-19T05:47:04.000Z,st_petersburg,2016-12-19T00:00:00.000Z,51,Tug,St. Petersburg,1
59.88226,30.19494,0,0,88,3,SPB,RU,141,0,KAPITAN SOROKIN,3,345312,31,43,28,5138,39,1,2016-12-19T05:47:04.000Z,st_petersburg,2016-12-19T00:00:00.000Z,51,Tug,St. Petersburg,1
59.88223,30.19494,0,0,88,4,SPB,RU,141,0,KAPITAN SOROKIN,3,345312,31,43,28,5138,39,1,2016-12-19T05:49:04.000Z,st_petersburg,2016-12-19T00:00:00.000Z,51,Tug,St. Petersburg,1
59.88223,30.19494,0,0,88,4,SPB,RU,141,0,KAPITAN SOROKIN,3,345312,31,43,28,5138,39,1,2016-12-19T05:49:05.000Z,st_petersburg,2016-12-19T00:00:00.000Z,51,Tug,St. Petersburg,1
59.88227,30.19491,0,0,88,2,SPB,RU,141,0,KAPITAN SOROKIN,3,345312,31,43,28,5138,39,1,2016-12-19T05:51:03.000Z,st_petersburg,2016-12-19T00:00:00.000Z,51,Tug,St. Petersburg,1
59.88227,30.19491,0,0,88,2,SPB,RU,141,0,KAPITAN SOROKIN,3,345312,31,43,28,5138,39,1,2016-12-19T05:51:04.000Z,st_petersburg,2016-12-19T00:00:00.000Z,51,Tug,St. Petersburg,1
59.88227,30.19491,0,0,88,2,SPB,RU,141,0,KAPITAN SOROKIN,3,345312,31,43,28,5138,39,1,2016-12-19T05:53:02.000Z,st_petersburg,2016-12-19T00:00:00.000Z,51,Tug,St. Petersburg,1
59.88227,30.19491,0,0,88,4,SPB,RU,141,0,KAPITAN SOROKIN,3,345312,31,43,28,5138,39,1,2016-12-19T05:53:03.000Z,st_petersburg,2016-12-19T00:00:00.000Z,51,Tug,St. Petersburg,1
59.88225,30.19493,0,0,88,3,SPB,RU,141,0,KAPITAN SOROKIN,3,345312,31,43,28,5138,39,1,2016-12-19T05:55:03.000Z,st_petersburg,2016-12-19T00:00:00.000Z,51,Tug,St. Petersburg,1
59.88225,30.19493,0,0,88,2,SPB,RU,141,0,KAPITAN SOROKIN,3,345312,31,43,28,5138,39,1,2016-12-19T05:55:04.000Z,st_petersburg,2016-12-19T00:00:00.000Z,51,Tug,St. Petersburg,1
59.88225,30.19493,0,0,88,5,SPB,RU,141,0,KAPITAN SOROKIN,3,345312,31,43,28,5138,39,1,2016-12-19T05:57:03.000Z,st_petersburg,2016-12-19T00:00:00.000Z,51,Tug,St. Petersburg,1
59.88225,30.19493,0,0,88,4,SPB,RU,141,0,KAPITAN SOROKIN,3,345312,31,43,28,5138,39,1,2016-12-19T05:57:04.000Z,st_petersburg,2016-12-19T00:00:00.000Z,51,Tug,St. Petersburg,1
59.88225,30.19493,0,0,88,3,SPB,RU,141,0,KAPITAN SOROKIN,3,345312,31,43,28,5138,39,1,2016-12-19T05:59:04.000Z,st_petersburg,2016-12-19T00:00:00.000Z,51,Tug,St. Petersburg,1
59.88225,30.19493,0,0,88,3,SPB,RU,141,0,KAPITAN SOROKIN,3,345312,31,43,28,5138,39,1,2016-12-19T05:59:05.000Z,st_petersburg,2016-12-19T00:00:00.000Z,51,Tug,St. Petersburg,1
59.88228,30.19493,0,0,88,2,SPB,RU,141,0,KAPITAN SOROKIN,3,345312,31,43,28,5138,39,1,2016-12-19T06:01:04.000Z,st_petersburg,2016-12-19T00:00:00.000Z,51,Tug,St. Petersburg,1
59.88228,30.19493,0,0,88,2,SPB,RU,141,0,KAPITAN SOROKIN,3,345312,31,43,28,5138,39,1,2016-12-19T06:01:05.000Z,st_petersburg,2016-12-19T00:00:00.000Z,51,Tug,St. Petersburg,1
59.88228,30.19493,0,0,88,4,SPB,RU,141,0,KAPITAN SOROKIN,3,345312,31,43,28,5138,39,1,2016-12-19T06:03:03.000Z,st_petersburg,2016-12-19T00:00:00.000Z,51,Tug,St. Petersburg,1
59.88228,30.19493,0,0,88,4,SPB,RU,141,0,KAPITAN SOROKIN,3,345312,31,43,28,5138,39,1,2016-12-19T06:03:04.000Z,st_petersburg,2016-12-19T00:00:00.000Z,51,Tug,St. Petersburg,1
59.88228,30.19493,0,0,88,6,SPB,RU,141,0,KAPITAN SOROKIN,3,345312,31,43,28,5138,39,1,2016-12-19T06:05:03.000Z,st_petersburg,2016-12-19T00:00:00.000Z,51,Tug,St. Petersburg,1
59.88228,30.19493,0,0,88,4,SPB,RU,141,0,KAPITAN SOROKIN,3,345312,31,43,28,5138,39,1,2016-12-19T06:05:04.000Z,st_petersburg,2016-12-19T00:00:00.000Z,51,Tug,St. Petersburg,1
59.88228,30.19493,0,0,88,8,SPB,RU,141,0,KAPITAN SOROKIN,3,345312,31,43,28,5138,39,1,2016-12-19T06:07:04.000Z,st_petersburg,2016-12-19T00:00:00.000Z,51,Tug,St. Petersburg,1
59.88228,30.19493,0,0,88,8,SPB,RU,141,0,KAPITAN SOROKIN,3,345312,31,43,28,5138,39,1,2016-12-19T06:07:04.000Z,st_petersburg,2016-12-19T00:00:00.000Z,51,Tug,St. Petersburg,1
59.88225,30.19495,0,0,88,2,SPB,RU,141,0,KAPITAN SOROKIN,3,345312,31,43,28,5138,39,1,2016-12-19T06:09:04.000Z,st_petersburg,2016-12-19T00:00:00.000Z,51,Tug,St. Petersburg,1
59.88228,30.19493,0,0,88,8,SPB,RU,141,0,KAPITAN SOROKIN,3,345312,31,43,28,5138,39,1,2016-12-19T06:09:05.000Z,st_petersburg,2016-12-19T00:00:00.000Z,51,Tug,St. Petersburg,1
59.88225,30.19495,0,0,88,4,SPB,RU,141,0,KAPITAN SOROKIN,3,345312,31,43,28,5138,39,1,2016-12-19T06:11:03.000Z,st_petersburg,2016-12-19T00:00:00.000Z,51,Tug,St. Petersburg,1
59.88225,30.19495,0,0,88,4,SPB,RU,141,0,KAPITAN SOROKIN,3,345312,31,43,28,5138,39,1,2016-12-19T06:11:04.000Z,st_petersburg,2016-12-19T00:00:00.000Z,51,Tug,St. Petersburg,1
59.88225,30.19493,0,0,88,3,SPB,RU,141,0,KAPITAN SOROKIN,3,345312,31,43,28,5138,39,1,2016-12-19T06:13:04.000Z,st_petersburg,2016-12-19T00:00:00.000Z,51,Tug,St. Petersburg,1
59.88225,30.19493,0,0,88,2,SPB,RU,141,0,KAPITAN SOROKIN,3,345312,31,43,28,5138,39,1,2016-12-19T06:13:05.000Z,st_petersburg,2016-12-19T00:00:00.000Z,51,Tug,St. Petersburg,1
59.88225,30.19493,0,0,88,5,SPB,RU,141,0,KAPITAN SOROKIN,3,345312,31,43,28,5138,39,1,2016-12-19T06:15:04.000Z,st_petersburg,2016-12-19T00:00:00.000Z,51,Tug,St. Petersburg,1
59.88225,30.19493,0,0,88,5,SPB,RU,141,0,KAPITAN SOROKIN,3,345312,31,43,28,5138,39,1,2016-12-19T06:15:05.000Z,st_petersburg,2016-12-19T00:00:00.000Z,51,Tug,St. Petersburg,1
59.88224,30.19492,0,0,88,3,SPB,RU,141,0,KAPITAN SOROKIN,3,345312,31,43,28,5138,39,1,2016-12-19T06:17:03.000Z,st_petersburg,2016-12-19T00:00:00.000Z,51,Tug,St. Petersburg,1
59.88224,30.19492,0,0,88,3,SPB,RU,141,0,KAPITAN SOROKIN,3,345312,31,43,28,5138,39,1,2016-12-19T06:17:04.000Z,st_petersburg,2016-12-19T00:00:00.000Z,51,Tug,St. Petersburg,1
59.88223,30.19491,0,0,88,2,SPB,RU,141,0,KAPITAN SOROKIN,3,345312,31,43,28,5138,39,1,2016-12-19T06:19:04.000Z,st_petersburg,2016-12-19T00:00:00.000Z,51,Tug,St. Petersburg,1
59.88223,30.19491,0,0,88,2,SPB,RU,141,0,KAPITAN SOROKIN,3,345312,31,43,28,5138,39,1,2016-12-19T06:19:04.000Z,st_petersburg,2016-12-19T00:00:00.000Z,51,Tug,St. Petersburg,1
59.88223,30.19491,0,0,88,4,SPB,RU,141,0,KAPITAN SOROKIN,3,345312,31,43,28,5138,39,1,2016-12-19T06:21:05.000Z,st_petersburg,2016-12-19T00:00:00.000Z,51,Tug,St. Petersburg,1
59.88223,30.19491,0,0,88,4,SPB,RU,141,0,KAPITAN SOROKIN,3,345312,31,43,28,5138,39,1,2016-12-19T06:21:06.000Z,st_petersburg,2016-12-19T00:00:00.000Z,51,Tug,St. Petersburg,1
59.88223,30.19491,0,0,88,4,SPB,RU,141,0,KAPITAN SOROKIN,3,345312,31,43,28,5138,39,1,2016-12-19T06:23:03.000Z,st_petersburg,2016-12-19T00:00:00.000Z,51,Tug,St. Petersburg,1
59.88226,30.19495,0,0,88,3,SPB,RU,141,0,KAPITAN SOROKIN,3,345312,31,43,28,5138,39,1,2016-12-19T06:23:05.000Z,st_petersburg,2016-12-19T00:00:00.000Z,51,Tug,St. Petersburg,1
59.88227,30.19495,0,0,88,2,SPB,RU,141,0,KAPITAN SOROKIN,3,345312,31,43,28,5138,39,1,2016-12-19T06:25:04.000Z,st_petersburg,2016-12-19T00:00:00.000Z,51,Tug,St. Petersburg,1
59.88227,30.19495,0,0,88,2,SPB,RU,141,0,KAPITAN SOROKIN,3,345312,31,43,28,5138,39,1,2016-12-19T06:25:06.000Z,st_petersburg,2016-12-19T00:00:00.000Z,51,Tug,St. Petersburg,1
59.88227,30.19495,0,0,88,4,SPB,RU,141,0,KAPITAN SOROKIN,3,345312,31,43,28,5138,39,1,2016-12-19T06:27:03.000Z,st_petersburg,2016-12-19T00:00:00.000Z,51,Tug,St. Petersburg,1
59.88227,30.19495,0,0,88,2,SPB,RU,141,0,KAPITAN SOROKIN,3,345312,31,43,28,5138,39,1,2016-12-19T06:27:04.000Z,st_petersburg,2016-12-19T00:00:00.000Z,51,Tug,St. Petersburg,1
59.88227,30.19495,0,0,88,6,SPB,RU,141,0,KAPITAN SOROKIN,3,345312,31,43,28,5138,39,1,2016-12-19T06:29:04.000Z,st_petersburg,2016-12-19T00:00:00.000Z,51,Tug,St. Petersburg,1
59.88227,30.19495,0,0,88,6,SPB,RU,141,0,KAPITAN SOROKIN,3,345312,31,43,28,5138,39,1,2016-12-19T06:29:05.000Z,st_petersburg,2016-12-19T00:00:00.000Z,51,Tug,St. Petersburg,1
59.88227,30.19495,0,0,88,7,SPB,RU,141,0,KAPITAN SOROKIN,3,345312,31,43,28,5138,39,1,2016-12-19T06:31:04.000Z,st_petersburg,2016-12-19T00:00:00.000Z,51,Tug,St. Petersburg,1
59.88227,30.19495,0,0,88,8,SPB,RU,141,0,KAPITAN SOROKIN,3,345312,31,43,28,5138,39,1,2016-12-19T06:31:05.000Z,st_petersburg,2016-12-19T00:00:00.000Z,51,Tug,St. Petersburg,1
59.88225,30.19493,0,0,88,2,SPB,RU,141,0,KAPITAN SOROKIN,3,345312,31,43,28,5138,39,1,2016-12-19T06:33:04.000Z,st_petersburg,2016-12-19T00:00:00.000Z,51,Tug,St. Petersburg,1
59.88227,30.19495,0,0,88,9,SPB,RU,141,0,KAPITAN SOROKIN,3,345312,31,43,28,5138,39,1,2016-12-19T06:33:05.000Z,st_petersburg,2016-12-19T00:00:00.000Z,51,Tug,St. Petersburg,1
59.88225,30.19493,0,0,88,4,SPB,RU,141,0,KAPITAN SOROKIN,3,345312,31,43,28,5138,39,1,2016-12-19T06:35:04.000Z,st_petersburg,2016-12-19T00:00:00.000Z,51,Tug,St. Petersburg,1
59.88225,30.19493,0,0,88,3,SPB,RU,141,0,KAPITAN SOROKIN,3,345312,31,43,28,5138,39,1,2016-12-19T06:35:05.000Z,st_petersburg,2016-12-19T00:00:00.000Z,51,Tug,St. Petersburg,1
59.88225,30.19493,0,0,88,4,SPB,RU,141,0,KAPITAN SOROKIN,3,345312,31,43,28,5138,39,1,2016-12-19T06:37:03.000Z,st_petersburg,2016-12-19T00:00:00.000Z,51,Tug,St. Petersburg,1
59.88228,30.19493,0,0,88,3,SPB,RU,141,0,KAPITAN SOROKIN,3,345312,31,43,28,5138,39,1,2016-12-19T06:37:04.000Z,st_petersburg,2016-12-19T00:00:00.000Z,51,Tug,St. Petersburg,1
59.88225,30.19495,0,0,88,2,SPB,RU,141,0,KAPITAN SOROKIN,3,345312,31,43,28,5138,39,1,2016-12-19T06:39:04.000Z,st_petersburg,2016-12-19T00:00:00.000Z,51,Tug,St. Petersburg,1
59.88225,30.19495,0,0,88,2,SPB,RU,141,0,KAPITAN SOROKIN,3,345312,31,43,28,5138,39,1,2016-12-19T06:39:04.000Z,st_petersburg,2016-12-19T00:00:00.000Z,51,Tug,St. Petersburg,1
59.88225,30.19495,0,0,88,4,SPB,RU,141,0,KAPITAN SOROKIN,3,345312,31,43,28,5138,39,1,2016-12-19T06:41:03.000Z,st_petersburg,2016-12-19T00:00:00.000Z,51,Tug,St. Petersburg,1
59.88225,30.19495,0,0,88,4,SPB,RU,141,0,KAPITAN SOROKIN,3,345312,31,43,28,5138,39,1,2016-12-19T06:41:05.000Z,st_petersburg,2016-12-19T00:00:00.000Z,51,Tug,St. Petersburg,1
59.88225,30.19494,0,0,88,3,SPB,RU,141,0,KAPITAN SOROKIN,3,345312,31,43,28,5138,39,1,2016-12-19T06:43:03.000Z,st_petersburg,2016-12-19T00:00:00.000Z,51,Tug,St. Petersburg,1
59.88225,30.19494,0,0,88,3,SPB,RU,141,0,KAPITAN SOROKIN,3,345312,31,43,28,5138,39,1,2016-12-19T06:43:04.000Z,st_petersburg,2016-12-19T00:00:00.000Z,51,Tug,St. Petersburg,1
59.88227,30.19493,0,0,88,2,SPB,RU,141,0,KAPITAN SOROKIN,3,345312,31,43,28,5138,39,1,2016-12-19T06:45:04.000Z,st_petersburg,2016-12-19T00:00:00.000Z,51,Tug,St. Petersburg,1
59.88227,30.19493,0,0,88,1,SPB,RU,141,0,KAPITAN SOROKIN,3,345312,31,43,28,5138,39,1,2016-12-19T06:45:04.000Z,st_petersburg,2016-12-19T00:00:00.000Z,51,Tug,St. Petersburg,1
59.88227,30.19493,0,0,88,4,SPB,RU,141,0,KAPITAN SOROKIN,3,345312,31,43,28,5138,39,1,2016-12-19T06:47:04.000Z,st_petersburg,2016-12-19T00:00:00.000Z,51,Tug,St. Petersburg,1
59.88227,30.19493,0,0,88,4,SPB,RU,141,0,KAPITAN SOROKIN,3,345312,31,43,28,5138,39,1,2016-12-19T06:47:04.000Z,st_petersburg,2016-12-19T00:00:00.000Z,51,Tug,St. Petersburg,1
59.88227,30.19495,0,0,88,3,SPB,RU,141,0,KAPITAN SOROKIN,3,345312,31,43,28,5138,39,1,2016-12-19T06:49:03.000Z,st_petersburg,2016-12-19T00:00:00.000Z,51,Tug,St. Petersburg,1
59.88227,30.19495,0,0,88,3,SPB,RU,141,0,KAPITAN SOROKIN,3,345312,31,43,28,5138,39,1,2016-12-19T06:49:04.000Z,st_petersburg,2016-12-19T00:00:00.000Z,51,Tug,St. Petersburg,1
59.88223,30.19498,0,0,88,2,SPB,RU,141,0,KAPITAN SOROKIN,3,345312,31,43,28,5138,39,1,2016-12-19T06:51:03.000Z,st_petersburg,2016-12-19T00:00:00.000Z,51,Tug,St. Petersburg,1
59.88223,30.19498,0,0,88,2,SPB,RU,141,0,KAPITAN SOROKIN,3,345312,31,43,28,5138,39,1,2016-12-19T06:51:04.000Z,st_petersburg,2016-12-19T00:00:00.000Z,51,Tug,St. Petersburg,1
59.88223,30.19498,0,0,88,4,SPB,RU,141,0,KAPITAN SOROKIN,3,345312,31,43,28,5138,39,1,2016-12-19T06:53:05.000Z,st_petersburg,2016-12-19T00:00:00.000Z,51,Tug,St. Petersburg,1
59.88223,30.19498,0,0,88,2,SPB,RU,141,0,KAPITAN SOROKIN,3,345312,31,43,28,5138,39,1,2016-12-19T06:53:06.000Z,st_petersburg,2016-12-19T00:00:00.000Z,51,Tug,St. Petersburg,1
59.88227,30.19495,0,0,88,3,SPB,RU,141,0,KAPITAN SOROKIN,3,345312,31,43,28,5138,39,1,2016-12-19T06:55:03.000Z,st_petersburg,2016-12-19T00:00:00.000Z,51,Tug,St. Petersburg,1
59.88223,30.19498,0,0,88,4,SPB,RU,141,0,KAPITAN SOROKIN,3,345312,31,43,28,5138,39,1,2016-12-19T06:55:04.000Z,st_petersburg,2016-12-19T00:00:00.000Z,51,Tug,St. Petersburg,1
59.88226,30.19496,0,0,88,2,SPB,RU,141,0,KAPITAN SOROKIN,3,345312,31,43,28,5138,39,1,2016-12-19T06:57:03.000Z,st_petersburg,2016-12-19T00:00:00.000Z,51,Tug,St. Petersburg,1
59.88226,30.19496,0,0,88,2,SPB,RU,141,0,KAPITAN SOROKIN,3,345312,31,43,28,5138,39,1,2016-12-19T06:57:04.000Z,st_petersburg,2016-12-19T00:00:00.000Z,51,Tug,St. Petersburg,1
59.88226,30.19496,0,0,88,2,SPB,RU,141,0,KAPITAN SOROKIN,3,345312,31,43,28,5138,39,1,2016-12-19T06:59:03.000Z,st_petersburg,2016-12-19T00:00:00.000Z,51,Tug,St. Petersburg,1
59.88226,30.19496,0,0,88,2,SPB,RU,141,0,KAPITAN SOROKIN,3,345312,31,43,28,5138,39,1,2016-12-19T06:59:03.000Z,st_petersburg,2016-12-19T00:00:00.000Z,51,Tug,St. Petersburg,1
59.88225,30.19491,0,0,88,2,SPB,RU,141,0,KAPITAN SOROKIN,3,345312,31,43,28,5138,39,1,2016-12-19T07:01:05.000Z,st_petersburg,2016-12-19T00:00:00.000Z,51,Tug,St. Petersburg,1
59.88225,30.19491,0,0,88,3,SPB,RU,141,0,KAPITAN SOROKIN,3,345312,31,43,28,5138,39,1,2016-12-19T07:01:06.000Z,st_petersburg,2016-12-19T00:00:00.000Z,51,Tug,St. Petersburg,1
59.88224,30.19493,0,0,88,2,SPB,RU,141,0,KAPITAN SOROKIN,3,345312,31,43,28,5138,39,1,2016-12-19T07:03:03.000Z,st_petersburg,2016-12-19T00:00:00.000Z,51,Tug,St. Petersburg,1
59.88224,30.19493,0,0,88,2,SPB,RU,141,0,KAPITAN SOROKIN,3,345312,31,43,28,5138,39,1,2016-12-19T07:03:04.000Z,st_petersburg,2016-12-19T00:00:00.000Z,51,Tug,St. Petersburg,1
59.88224,30.19493,0,0,88,4,SPB,RU,141,0,KAPITAN SOROKIN,3,345312,31,43,28,5138,39,1,2016-12-19T07:05:04.000Z,st_petersburg,2016-12-19T00:00:00.000Z,51,Tug,St. Petersburg,1
59.88224,30.19493,0,0,88,3,SPB,RU,141,0,KAPITAN SOROKIN,3,345312,31,43,28,5138,39,1,2016-12-19T07:05:05.000Z,st_petersburg,2016-12-19T00:00:00.000Z,51,Tug,St. Petersburg,1
59.88224,30.19493,0,0,88,4,SPB,RU,141,0,KAPITAN SOROKIN,3,345312,31,43,28,5138,39,1,2016-12-19T07:07:03.000Z,st_petersburg,2016-12-19T00:00:00.000Z,51,Tug,St. Petersburg,1
59.88223,30.19495,0,0,88,3,SPB,RU,141,0,KAPITAN SOROKIN,3,345312,31,43,28,5138,39,1,2016-12-19T07:07:04.000Z,st_petersburg,2016-12-19T00:00:00.000Z,51,Tug,St. Petersburg,1
59.88224,30.19491,0,0,88,2,SPB,RU,141,0,KAPITAN SOROKIN,3,345312,31,43,28,5138,39,1,2016-12-19T07:09:03.000Z,st_petersburg,2016-12-19T00:00:00.000Z,51,Tug,St. Petersburg,1
59.88224,30.19491,0,0,88,2,SPB,RU,141,0,KAPITAN SOROKIN,3,345312,31,43,28,5138,39,1,2016-12-19T07:09:04.000Z,st_petersburg,2016-12-19T00:00:00.000Z,51,Tug,St. Petersburg,1
59.88224,30.19491,0,0,88,2,SPB,RU,141,0,KAPITAN SOROKIN,3,345312,31,43,28,5138,39,1,2016-12-19T07:11:05.000Z,st_petersburg,2016-12-19T00:00:00.000Z,51,Tug,St. Petersburg,1
59.88224,30.19491,0,0,88,4,SPB,RU,141,0,KAPITAN SOROKIN,3,345312,31,43,28,5138,39,1,2016-12-19T07:11:06.000Z,st_petersburg,2016-12-19T00:00:00.000Z,51,Tug,St. Petersburg,1
59.88228,30.19492,0,0,88,3,SPB,RU,141,0,KAPITAN SOROKIN,3,345312,31,43,28,5138,39,1,2016-12-19T07:13:04.000Z,st_petersburg,2016-12-19T00:00:00.000Z,51,Tug,St. Petersburg,1
59.88228,30.19492,0,0,88,3,SPB,RU,141,0,KAPITAN SOROKIN,3,345312,31,43,28,5138,39,1,2016-12-19T07:13:05.000Z,st_petersburg,2016-12-19T00:00:00.000Z,51,Tug,St. Petersburg,1
59.88228,30.19492,0,0,88,5,SPB,RU,141,0,KAPITAN SOROKIN,3,345312,31,43,28,5138,39,1,2016-12-19T07:15:04.000Z,st_petersburg,2016-12-19T00:00:00.000Z,51,Tug,St. Petersburg,1
59.88228,30.19492,0,0,88,5,SPB,RU,141,0,KAPITAN SOROKIN,3,345312,31,43,28,5138,39,1,2016-12-19T07:15:04.000Z,st_petersburg,2016-12-19T00:00:00.000Z,51,Tug,St. Petersburg,1
59.88228,30.19492,0,0,88,7,SPB,RU,141,0,KAPITAN SOROKIN,3,345312,31,43,28,5138,39,1,2016-12-19T07:17:03.000Z,st_petersburg,2016-12-19T00:00:00.000Z,51,Tug,St. Petersburg,1
59.88228,30.19492,0,0,88,7,SPB,RU,141,0,KAPITAN SOROKIN,3,345312,31,43,28,5138,39,1,2016-12-19T07:17:04.000Z,st_petersburg,2016-12-19T00:00:00.000Z,51,Tug,St. Petersburg,1
59.88228,30.19492,0,0,88,9,SPB,RU,141,0,KAPITAN SOROKIN,3,345312,31,43,28,5138,39,1,2016-12-19T07:19:04.000Z,st_petersburg,2016-12-19T00:00:00.000Z,51,Tug,St. Petersburg,1
59.88228,30.19492,0,0,88,7,SPB,RU,141,0,KAPITAN SOROKIN,3,345312,31,43,28,5138,39,1,2016-12-19T07:19:04.000Z,st_petersburg,2016-12-19T00:00:00.000Z,51,Tug,St. Petersburg,1
59.88228,30.19495,0,0,88,3,SPB,RU,141,0,KAPITAN SOROKIN,3,345312,31,43,28,5138,39,1,2016-12-19T07:21:04.000Z,st_petersburg,2016-12-19T00:00:00.000Z,51,Tug,St. Petersburg,1
59.88228,30.19495,0,0,88,3,SPB,RU,141,0,KAPITAN SOROKIN,3,345312,31,43,28,5138,39,1,2016-12-19T07:21:04.000Z,st_petersburg,2016-12-19T00:00:00.000Z,51,Tug,St. Petersburg,1
59.88225,30.19493,0,0,88,2,SPB,RU,141,0,KAPITAN SOROKIN,3,345312,31,43,28,5138,39,1,2016-12-19T07:23:03.000Z,st_petersburg,2016-12-19T00:00:00.000Z,51,Tug,St. Petersburg,1
59.88225,30.19493,0,0,88,2,SPB,RU,141,0,KAPITAN SOROKIN,3,345312,31,43,28,5138,39,1,2016-12-19T07:23:04.000Z,st_petersburg,2016-12-19T00:00:00.000Z,51,Tug,St. Petersburg,1
59.88225,30.19493,0,0,88,4,SPB,RU,141,0,KAPITAN SOROKIN,3,345312,31,43,28,5138,39,1,2016-12-19T07:25:03.000Z,st_petersburg,2016-12-19T00:00:00.000Z,51,Tug,St. Petersburg,1
59.88225,30.19493,0,0,88,4,SPB,RU,141,0,KAPITAN SOROKIN,3,345312,31,43,28,5138,39,1,2016-12-19T07:25:04.000Z,st_petersburg,2016-12-19T00:00:00.000Z,51,Tug,St. Petersburg,1
59.88228,30.19494,0,0,88,3,SPB,RU,141,0,KAPITAN SOROKIN,3,345312,31,43,28,5138,39,1,2016-12-19T07:27:04.000Z,st_petersburg,2016-12-19T00:00:00.000Z,51,Tug,St. Petersburg,1
59.88228,30.19494,0,0,88,2,SPB,RU,141,0,KAPITAN SOROKIN,3,345312,31,43,28,5138,39,1,2016-12-19T07:27:04.000Z,st_petersburg,2016-12-19T00:00:00.000Z,51,Tug,St. Petersburg,1
59.88227,30.19493,0,0,88,2,SPB,RU,141,0,KAPITAN SOROKIN,3,345312,31,43,28,5138,39,1,2016-12-19T07:29:03.000Z,st_petersburg,2016-12-19T00:00:00.000Z,51,Tug,St. Petersburg,1
59.88227,30.19493,0,0,88,2,SPB,RU,141,0,KAPITAN SOROKIN,3,345312,31,43,28,5138,39,1,2016-12-19T07:29:04.000Z,st_petersburg,2016-12-19T00:00:00.000Z,51,Tug,St. Petersburg,1
59.88227,30.19493,0,0,88,4,SPB,RU,141,0,KAPITAN SOROKIN,3,345312,31,43,28,5138,39,1,2016-12-19T07:31:03.000Z,st_petersburg,2016-12-19T00:00:00.000Z,51,Tug,St. Petersburg,1
59.88227,30.19493,0,0,88,4,SPB,RU,141,0,KAPITAN SOROKIN,3,345312,31,43,28,5138,39,1,2016-12-19T07:31:04.000Z,st_petersburg,2016-12-19T00:00:00.000Z,51,Tug,St. Petersburg,1
59.88227,30.19493,0,0,88,6,SPB,RU,141,0,KAPITAN SOROKIN,3,345312,31,43,28,5138,39,1,2016-12-19T07:33:03.000Z,st_petersburg,2016-12-19T00:00:00.000Z,51,Tug,St. Petersburg,1
59.88227,30.19493,0,0,88,5,SPB,RU,141,0,KAPITAN SOROKIN,3,345312,31,43,28,5138,39,1,2016-12-19T07:33:04.000Z,st_petersburg,2016-12-19T00:00:00.000Z,51,Tug,St. Petersburg,1
59.88227,30.19493,0,0,88,8,SPB,RU,141,0,KAPITAN SOROKIN,3,345312,31,43,28,5138,39,1,2016-12-19T07:35:03.000Z,st_petersburg,2016-12-19T00:00:00.000Z,51,Tug,St. Petersburg,1
59.88227,30.19493,0,0,88,7,SPB,RU,141,0,KAPITAN SOROKIN,3,345312,31,43,28,5138,39,1,2016-12-19T07:35:04.000Z,st_petersburg,2016-12-19T00:00:00.000Z,51,Tug,St. Petersburg,1
59.88228,30.19495,0,0,88,2,SPB,RU,141,0,KAPITAN SOROKIN,3,345312,31,43,28,5138,39,1,2016-12-19T07:37:03.000Z,st_petersburg,2016-12-19T00:00:00.000Z,51,Tug,St. Petersburg,1
59.88228,30.19495,0,0,88,1,SPB,RU,141,0,KAPITAN SOROKIN,3,345312,31,43,28,5138,39,1,2016-12-19T07:37:04.000Z,st_petersburg,2016-12-19T00:00:00.000Z,51,Tug,St. Petersburg,1
59.88228,30.19495,0,0,88,4,SPB,RU,141,0,KAPITAN SOROKIN,3,345312,31,43,28,5138,39,1,2016-12-19T07:39:04.000Z,st_petersburg,2016-12-19T00:00:00.000Z,51,Tug,St. Petersburg,1
59.88228,30.19495,0,0,88,2,SPB,RU,141,0,KAPITAN SOROKIN,3,345312,31,43,28,5138,39,1,2016-12-19T07:39:05.000Z,st_petersburg,2016-12-19T00:00:00.000Z,51,Tug,St. Petersburg,1
59.88228,30.19495,0,0,88,6,SPB,RU,141,0,KAPITAN SOROKIN,3,345312,31,43,28,5138,39,1,2016-12-19T07:41:03.000Z,st_petersburg,2016-12-19T00:00:00.000Z,51,Tug,St. Petersburg,1
59.88228,30.19495,0,0,88,4,SPB,RU,141,0,KAPITAN SOROKIN,3,345312,31,43,28,5138,39,1,2016-12-19T07:41:04.000Z,st_petersburg,2016-12-19T00:00:00.000Z,51,Tug,St. Petersburg,1
59.88228,30.19495,0,0,88,8,SPB,RU,141,0,KAPITAN SOROKIN,3,345312,31,43,28,5138,39,1,2016-12-19T07:43:04.000Z,st_petersburg,2016-12-19T00:00:00.000Z,51,Tug,St. Petersburg,1
59.88228,30.19495,0,0,88,8,SPB,RU,141,0,KAPITAN SOROKIN,3,345312,31,43,28,5138,39,1,2016-12-19T07:43:04.000Z,st_petersburg,2016-12-19T00:00:00.000Z,51,Tug,St. Petersburg,1
59.88223,30.19497,0,0,88,2,SPB,RU,141,0,KAPITAN SOROKIN,3,345312,31,43,28,5138,39,1,2016-12-19T07:45:04.000Z,st_petersburg,2016-12-19T00:00:00.000Z,51,Tug,St. Petersburg,1
59.88223,30.19497,0,0,88,2,SPB,RU,141,0,KAPITAN SOROKIN,3,345312,31,43,28,5138,39,1,2016-12-19T07:45:05.000Z,st_petersburg,2016-12-19T00:00:00.000Z,51,Tug,St. Petersburg,1
59.88223,30.19497,0,0,88,4,SPB,RU,141,0,KAPITAN SOROKIN,3,345312,31,43,28,5138,39,1,2016-12-19T07:47:03.000Z,st_petersburg,2016-12-19T00:00:00.000Z,51,Tug,St. Petersburg,1
59.88223,30.19497,0,0,88,4,SPB,RU,141,0,KAPITAN SOROKIN,3,345312,31,43,28,5138,39,1,2016-12-19T07:47:04.000Z,st_petersburg,2016-12-19T00:00:00.000Z,51,Tug,St. Petersburg,1
59.88223,30.19497,0,0,88,6,SPB,RU,141,0,KAPITAN SOROKIN,3,345312,31,43,28,5138,39,1,2016-12-19T07:49:04.000Z,st_petersburg,2016-12-19T00:00:00.000Z,51,Tug,St. Petersburg,1
59.88223,30.19497,0,0,88,6,SPB,RU,141,0,KAPITAN SOROKIN,3,345312,31,43,28,5138,39,1,2016-12-19T07:49:05.000Z,st_petersburg,2016-12-19T00:00:00.000Z,51,Tug,St. Petersburg,1
59.88223,30.19497,0,0,88,6,SPB,RU,141,0,KAPITAN SOROKIN,3,345312,31,43,28,5138,39,1,2016-12-19T07:51:03.000Z,st_petersburg,2016-12-19T00:00:00.000Z,51,Tug,St. Petersburg,1
59.88223,30.19497,0,0,88,7,SPB,RU,141,0,KAPITAN SOROKIN,3,345312,31,43,28,5138,39,1,2016-12-19T07:51:04.000Z,st_petersburg,2016-12-19T00:00:00.000Z,51,Tug,St. Petersburg,1
59.88228,30.19492,0,0,88,2,SPB,RU,141,0,KAPITAN SOROKIN,3,345312,31,43,28,5138,39,1,2016-12-19T07:53:03.000Z,st_petersburg,2016-12-19T00:00:00.000Z,51,Tug,St. Petersburg,1
59.88228,30.19492,0,0,88,2,SPB,RU,141,0,KAPITAN SOROKIN,3,345312,31,43,28,5138,39,1,2016-12-19T07:53:04.000Z,st_petersburg,2016-12-19T00:00:00.000Z,51,Tug,St. Petersburg,1
59.88228,30.19492,0,0,88,4,SPB,RU,141,0,KAPITAN SOROKIN,3,345312,31,43,28,5138,39,1,2016-12-19T07:55:04.000Z,st_petersburg,2016-12-19T00:00:00.000Z,51,Tug,St. Petersburg,1
59.88228,30.19492,0,0,88,4,SPB,RU,141,0,KAPITAN SOROKIN,3,345312,31,43,28,5138,39,1,2016-12-19T07:55:05.000Z,st_petersburg,2016-12-19T00:00:00.000Z,51,Tug,St. Petersburg,1
59.88228,30.19492,0,0,88,4,SPB,RU,141,0,KAPITAN SOROKIN,3,345312,31,43,28,5138,39,1,2016-12-19T07:57:03.000Z,st_petersburg,2016-12-19T00:00:00.000Z,51,Tug,St. Petersburg,1
59.88226,30.19495,0,0,88,3,SPB,RU,141,0,KAPITAN SOROKIN,3,345312,31,43,28,5138,39,1,2016-12-19T07:57:04.000Z,st_petersburg,2016-12-19T00:00:00.000Z,51,Tug,St. Petersburg,1
59.88226,30.19495,0,0,88,5,SPB,RU,141,0,KAPITAN SOROKIN,3,345312,31,43,28,5138,39,1,2016-12-19T07:59:04.000Z,st_petersburg,2016-12-19T00:00:00.000Z,51,Tug,St. Petersburg,1
59.88226,30.19495,0,0,88,5,SPB,RU,141,0,KAPITAN SOROKIN,3,345312,31,43,28,5138,39,1,2016-12-19T07:59:05.000Z,st_petersburg,2016-12-19T00:00:00.000Z,51,Tug,St. Petersburg,1
59.88226,30.19495,0,0,88,5,SPB,RU,141,0,KAPITAN SOROKIN,3,345312,31,43,28,5138,39,1,2016-12-19T08:01:03.000Z,st_petersburg,2016-12-19T00:00:00.000Z,51,Tug,St. Petersburg,1
59.88224,30.19492,0,0,88,3,SPB,RU,141,0,KAPITAN SOROKIN,3,345312,31,43,28,5138,39,1,2016-12-19T08:01:04.000Z,st_petersburg,2016-12-19T00:00:00.000Z,51,Tug,St. Petersburg,1
59.88225,30.19495,0,0,88,2,SPB,RU,141,0,KAPITAN SOROKIN,3,345312,31,43,28,5138,39,1,2016-12-19T08:03:03.000Z,st_petersburg,2016-12-19T00:00:00.000Z,51,Tug,St. Petersburg,1
59.88225,30.19495,0,0,88,2,SPB,RU,141,0,KAPITAN SOROKIN,3,345312,31,43,28,5138,39,1,2016-12-19T08:03:04.000Z,st_petersburg,2016-12-19T00:00:00.000Z,51,Tug,St. Petersburg,1
59.88225,30.19495,0,0,88,4,SPB,RU,141,0,KAPITAN SOROKIN,3,345312,31,43,28,5138,39,1,2016-12-19T08:05:03.000Z,st_petersburg,2016-12-19T00:00:00.000Z,51,Tug,St. Petersburg,1
59.88225,30.19495,0,0,88,4,SPB,RU,141,0,KAPITAN SOROKIN,3,345312,31,43,28,5138,39,1,2016-12-19T08:05:04.000Z,st_petersburg,2016-12-19T00:00:00.000Z,51,Tug,St. Petersburg,1
59.88225,30.19493,0,0,88,3,SPB,RU,141,0,KAPITAN SOROKIN,3,345312,31,43,28,5138,39,1,2016-12-19T08:07:03.000Z,st_petersburg,2016-12-19T00:00:00.000Z,51,Tug,St. Petersburg,1
59.88225,30.19493,0,0,88,3,SPB,RU,141,0,KAPITAN SOROKIN,3,345312,31,43,28,5138,39,1,2016-12-19T08:07:04.000Z,st_petersburg,2016-12-19T00:00:00.000Z,51,Tug,St. Petersburg,1
59.88225,30.19493,0,0,88,5,SPB,RU,141,0,KAPITAN SOROKIN,3,345312,31,43,28,5138,39,1,2016-12-19T08:09:03.000Z,st_petersburg,2016-12-19T00:00:00.000Z,51,Tug,St. Petersburg,1
59.88225,30.19493,0,0,88,5,SPB,RU,141,0,KAPITAN SOROKIN,3,345312,31,43,28,5138,39,1,2016-12-19T08:09:04.000Z,st_petersburg,2016-12-19T00:00:00.000Z,51,Tug,St. Petersburg,1
59.88225,30.19493,0,0,88,7,SPB,RU,141,0,KAPITAN SOROKIN,3,345312,31,43,28,5138,39,1,2016-12-19T08:11:04.000Z,st_petersburg,2016-12-19T00:00:00.000Z,51,Tug,St. Petersburg,1
59.88225,30.19493,0,0,88,7,SPB,RU,141,0,KAPITAN SOROKIN,3,345312,31,43,28,5138,39,1,2016-12-19T08:11:04.000Z,st_petersburg,2016-12-19T00:00:00.000Z,51,Tug,St. Petersburg,1
59.88225,30.19493,0,0,88,9,SPB,RU,141,0,KAPITAN SOROKIN,3,345312,31,43,28,5138,39,1,2016-12-19T08:13:04.000Z,st_petersburg,2016-12-19T00:00:00.000Z,51,Tug,St. Petersburg,1
59.88225,30.19493,0,0,88,8,SPB,RU,141,0,KAPITAN SOROKIN,3,345312,31,43,28,5138,39,1,2016-12-19T08:13:05.000Z,st_petersburg,2016-12-19T00:00:00.000Z,51,Tug,St. Petersburg,1
59.88227,30.19493,0,0,88,3,SPB,RU,141,0,KAPITAN SOROKIN,3,345312,31,43,28,5138,39,1,2016-12-19T08:15:04.000Z,st_petersburg,2016-12-19T00:00:00.000Z,51,Tug,St. Petersburg,1
59.88227,30.19493,0,0,88,3,SPB,RU,141,0,KAPITAN SOROKIN,3,345312,31,43,28,5138,39,1,2016-12-19T08:15:04.000Z,st_petersburg,2016-12-19T00:00:00.000Z,51,Tug,St. Petersburg,1
59.88225,30.19495,0,0,88,2,SPB,RU,141,0,KAPITAN SOROKIN,3,345312,31,43,28,5138,39,1,2016-12-19T08:17:03.000Z,st_petersburg,2016-12-19T00:00:00.000Z,51,Tug,St. Petersburg,1
59.88225,30.19495,0,0,88,2,SPB,RU,141,0,KAPITAN SOROKIN,3,345312,31,43,28,5138,39,1,2016-12-19T08:17:04.000Z,st_petersburg,2016-12-19T00:00:00.000Z,51,Tug,St. Petersburg,1
59.88225,30.19495,0,0,88,4,SPB,RU,141,0,KAPITAN SOROKIN,3,345312,31,43,28,5138,39,1,2016-12-19T08:19:03.000Z,st_petersburg,2016-12-19T00:00:00.000Z,51,Tug,St. Petersburg,1
59.88225,30.19495,0,0,88,4,SPB,RU,141,0,KAPITAN SOROKIN,3,345312,31,43,28,5138,39,1,2016-12-19T08:19:04.000Z,st_petersburg,2016-12-19T00:00:00.000Z,51,Tug,St. Petersburg,1
59.88225,30.19494,0,0,88,3,SPB,RU,141,0,KAPITAN SOROKIN,3,345312,31,43,28,5138,39,1,2016-12-19T08:21:03.000Z,st_petersburg,2016-12-19T00:00:00.000Z,51,Tug,St. Petersburg,1
59.88225,30.19494,0,0,88,3,SPB,RU,141,0,KAPITAN SOROKIN,3,345312,31,43,28,5138,39,1,2016-12-19T08:21:04.000Z,st_petersburg,2016-12-19T00:00:00.000Z,51,Tug,St. Petersburg,1
59.88226,30.19492,0,0,88,2,SPB,RU,141,0,KAPITAN SOROKIN,3,345312,31,43,28,5138,39,1,2016-12-19T08:23:04.000Z,st_petersburg,2016-12-19T00:00:00.000Z,51,Tug,St. Petersburg,1
59.88225,30.19494,0,0,88,4,SPB,RU,141,0,KAPITAN SOROKIN,3,345312,31,43,28,5138,39,1,2016-12-19T08:23:05.000Z,st_petersburg,2016-12-19T00:00:00.000Z,51,Tug,St. Petersburg,1
59.88226,30.19492,0,0,88,4,SPB,RU,141,0,KAPITAN SOROKIN,3,345312,31,43,28,5138,39,1,2016-12-19T08:25:03.000Z,st_petersburg,2016-12-19T00:00:00.000Z,51,Tug,St. Petersburg,1
59.88226,30.19492,0,0,88,2,SPB,RU,141,0,KAPITAN SOROKIN,3,345312,31,43,28,5138,39,1,2016-12-19T08:25:04.000Z,st_petersburg,2016-12-19T00:00:00.000Z,51,Tug,St. Petersburg,1
59.88227,30.19495,0,0,88,3,SPB,RU,141,0,KAPITAN SOROKIN,3,345312,31,43,28,5138,39,1,2016-12-19T08:27:03.000Z,st_petersburg,2016-12-19T00:00:00.000Z,51,Tug,St. Petersburg,1
59.88227,30.19495,0,0,88,3,SPB,RU,141,0,KAPITAN SOROKIN,3,345312,31,43,28,5138,39,1,2016-12-19T08:27:04.000Z,st_petersburg,2016-12-19T00:00:00.000Z,51,Tug,St. Petersburg,1
59.88227,30.19495,0,0,88,5,SPB,RU,141,0,KAPITAN SOROKIN,3,345312,31,43,28,5138,39,1,2016-12-19T08:29:04.000Z,st_petersburg,2016-12-19T00:00:00.000Z,51,Tug,St. Petersburg,1
59.88227,30.19495,0,0,88,5,SPB,RU,141,0,KAPITAN SOROKIN,3,345312,31,43,28,5138,39,1,2016-12-19T08:29:05.000Z,st_petersburg,2016-12-19T00:00:00.000Z,51,Tug,St. Petersburg,1
59.88222,30.19496,0,0,88,2,SPB,RU,141,0,KAPITAN SOROKIN,3,345312,31,43,28,5138,39,1,2016-12-19T08:31:04.000Z,st_petersburg,2016-12-19T00:00:00.000Z,51,Tug,St. Petersburg,1
59.88222,30.19496,0,0,88,3,SPB,RU,141,0,KAPITAN SOROKIN,3,345312,31,43,28,5138,39,1,2016-12-19T08:31:05.000Z,st_petersburg,2016-12-19T00:00:00.000Z,51,Tug,St. Petersburg,1
59.88222,30.19496,0,0,88,5,SPB,RU,141,0,KAPITAN SOROKIN,3,345312,31,43,28,5138,39,1,2016-12-19T08:33:03.000Z,st_petersburg,2016-12-19T00:00:00.000Z,51,Tug,St. Petersburg,1
59.88222,30.19496,0,0,88,5,SPB,RU,141,0,KAPITAN SOROKIN,3,345312,31,43,28,5138,39,1,2016-12-19T08:33:04.000Z,st_petersburg,2016-12-19T00:00:00.000Z,51,Tug,St. Petersburg,1
59.88222,30.19496,0,0,88,7,SPB,RU,141,0,KAPITAN SOROKIN,3,345312,31,43,28,5138,39,1,2016-12-19T08:35:03.000Z,st_petersburg,2016-12-19T00:00:00.000Z,51,Tug,St. Petersburg,1
59.88222,30.19496,0,0,88,7,SPB,RU,141,0,KAPITAN SOROKIN,3,345312,31,43,28,5138,39,1,2016-12-19T08:35:04.000Z,st_petersburg,2016-12-19T00:00:00.000Z,51,Tug,St. Petersburg,1
59.88222,30.19496,0,0,88,9,SPB,RU,141,0,KAPITAN SOROKIN,3,345312,31,43,28,5138,39,1,2016-12-19T08:37:04.000Z,st_petersburg,2016-12-19T00:00:00.000Z,51,Tug,St. Petersburg,1
59.88222,30.19496,0,0,88,7,SPB,RU,141,0,KAPITAN SOROKIN,3,345312,31,43,28,5138,39,1,2016-12-19T08:37:04.000Z,st_petersburg,2016-12-19T00:00:00.000Z,51,Tug,St. Petersburg,1
59.88226,30.19495,0,0,88,3,SPB,RU,141,0,KAPITAN SOROKIN,3,345312,31,43,28,5138,39,1,2016-12-19T08:39:03.000Z,st_petersburg,2016-12-19T00:00:00.000Z,51,Tug,St. Petersburg,1
59.88226,30.19495,0,0,88,3,SPB,RU,141,0,KAPITAN SOROKIN,3,345312,31,43,28,5138,39,1,2016-12-19T08:39:04.000Z,st_petersburg,2016-12-19T00:00:00.000Z,51,Tug,St. Petersburg,1
59.88224,30.19487,0,0,88,2,SPB,RU,141,0,KAPITAN SOROKIN,3,345312,31,43,28,5138,39,1,2016-12-19T08:41:03.000Z,st_petersburg,2016-12-19T00:00:00.000Z,51,Tug,St. Petersburg,1
59.88224,30.19487,0,0,88,2,SPB,RU,141,0,KAPITAN SOROKIN,3,345312,31,43,28,5138,39,1,2016-12-19T08:41:04.000Z,st_petersburg,2016-12-19T00:00:00.000Z,51,Tug,St. Petersburg,1
59.88224,30.19487,0,0,88,4,SPB,RU,141,0,KAPITAN SOROKIN,3,345312,31,43,28,5138,39,1,2016-12-19T08:43:03.000Z,st_petersburg,2016-12-19T00:00:00.000Z,51,Tug,St. Petersburg,1
59.88224,30.19487,0,0,88,2,SPB,RU,141,0,KAPITAN SOROKIN,3,345312,31,43,28,5138,39,1,2016-12-19T08:43:04.000Z,st_petersburg,2016-12-19T00:00:00.000Z,51,Tug,St. Petersburg,1
59.88223,30.19489,0,0,88,3,SPB,RU,141,0,KAPITAN SOROKIN,3,345312,31,43,28,5138,39,1,2016-12-19T08:45:04.000Z,st_petersburg,2016-12-19T00:00:00.000Z,51,Tug,St. Petersburg,1
59.88224,30.19487,0,0,88,4,SPB,RU,141,0,KAPITAN SOROKIN,3,345312,31,43,28,5138,39,1,2016-12-19T08:45:05.000Z,st_petersburg,2016-12-19T00:00:00.000Z,51,Tug,St. Petersburg,1
59.88225,30.19488,0,0,88,2,SPB,RU,141,0,KAPITAN SOROKIN,3,345312,31,43,28,5138,39,1,2016-12-19T08:47:03.000Z,st_petersburg,2016-12-19T00:00:00.000Z,51,Tug,St. Petersburg,1
59.88223,30.19489,0,0,88,3,SPB,RU,141,0,KAPITAN SOROKIN,3,345312,31,43,28,5138,39,1,2016-12-19T08:47:04.000Z,st_petersburg,2016-12-19T00:00:00.000Z,51,Tug,St. Petersburg,1
59.88225,30.19488,0,0,88,4,SPB,RU,141,0,KAPITAN SOROKIN,3,345312,31,43,28,5138,39,1,2016-12-19T08:49:03.000Z,st_petersburg,2016-12-19T00:00:00.000Z,51,Tug,St. Petersburg,1
59.88225,30.19488,0,0,88,2,SPB,RU,141,0,KAPITAN SOROKIN,3,345312,31,43,28,5138,39,1,2016-12-19T08:49:04.000Z,st_petersburg,2016-12-19T00:00:00.000Z,51,Tug,St. Petersburg,1
59.88225,30.19488,0,0,88,6,SPB,RU,141,0,KAPITAN SOROKIN,3,345312,31,43,28,5138,39,1,2016-12-19T08:51:04.000Z,st_petersburg,2016-12-19T00:00:00.000Z,51,Tug,St. Petersburg,1
59.88225,30.19488,0,0,88,6,SPB,RU,141,0,KAPITAN SOROKIN,3,345312,31,43,28,5138,39,1,2016-12-19T08:51:04.000Z,st_petersburg,2016-12-19T00:00:00.000Z,51,Tug,St. Petersburg,1
59.88225,30.19488,0,0,88,8,SPB,RU,141,0,KAPITAN SOROKIN,3,345312,31,43,28,5138,39,1,2016-12-19T08:53:03.000Z,st_petersburg,2016-12-19T00:00:00.000Z,51,Tug,St. Petersburg,1
59.88225,30.19488,0,0,88,8,SPB,RU,141,0,KAPITAN SOROKIN,3,345312,31,43,28,5138,39,1,2016-12-19T08:53:04.000Z,st_petersburg,2016-12-19T00:00:00.000Z,51,Tug,St. Petersburg,1
59.88227,30.19491,0,0,88,2,SPB,RU,141,0,KAPITAN SOROKIN,3,345312,31,43,28,5138,39,1,2016-12-19T08:55:04.000Z,st_petersburg,2016-12-19T00:00:00.000Z,51,Tug,St. Petersburg,1
59.88227,30.19491,0,0,88,2,SPB,RU,141,0,KAPITAN SOROKIN,3,345312,31,43,28,5138,39,1,2016-12-19T08:55:05.000Z,st_petersburg,2016-12-19T00:00:00.000Z,51,Tug,St. Petersburg,1
59.88227,30.19491,0,0,88,2,SPB,RU,141,0,KAPITAN SOROKIN,3,345312,31,43,28,5138,39,1,2016-12-19T08:57:03.000Z,st_petersburg,2016-12-19T00:00:00.000Z,51,Tug,St. Petersburg,1
59.88227,30.19491,0,0,88,3,SPB,RU,141,0,KAPITAN SOROKIN,3,345312,31,43,28,5138,39,1,2016-12-19T08:57:04.000Z,st_petersburg,2016-12-19T00:00:00.000Z,51,Tug,St. Petersburg,1
59.88228,30.19493,0,0,88,3,SPB,RU,141,0,KAPITAN SOROKIN,3,345312,31,43,28,5138,39,1,2016-12-19T08:59:04.000Z,st_petersburg,2016-12-19T00:00:00.000Z,51,Tug,St. Petersburg,1
59.88228,30.19493,0,0,88,3,SPB,RU,141,0,KAPITAN SOROKIN,3,345312,31,43,28,5138,39,1,2016-12-19T08:59:05.000Z,st_petersburg,2016-12-19T00:00:00.000Z,51,Tug,St. Petersburg,1
59.88228,30.19493,0,0,88,5,SPB,RU,141,0,KAPITAN SOROKIN,3,345312,31,43,28,5138,39,1,2016-12-19T09:01:04.000Z,st_petersburg,2016-12-19T00:00:00.000Z,51,Tug,St. Petersburg,1
59.88228,30.19493,0,0,88,5,SPB,RU,141,0,KAPITAN SOROKIN,3,345312,31,43,28,5138,39,1,2016-12-19T09:01:06.000Z,st_petersburg,2016-12-19T00:00:00.000Z,51,Tug,St. Petersburg,1
59.88228,30.19495,0,0,88,3,SPB,RU,141,0,KAPITAN SOROKIN,3,345312,31,43,28,5138,39,1,2016-12-19T09:03:04.000Z,st_petersburg,2016-12-19T00:00:00.000Z,51,Tug,St. Petersburg,1
59.88228,30.19495,0,0,88,3,SPB,RU,141,0,KAPITAN SOROKIN,3,345312,31,43,28,5138,39,1,2016-12-19T09:03:05.000Z,st_petersburg,2016-12-19T00:00:00.000Z,51,Tug,St. Petersburg,1
59.88226,30.19493,0,0,88,2,SPB,RU,141,0,KAPITAN SOROKIN,3,345312,31,43,28,5138,39,1,2016-12-19T09:05:03.000Z,st_petersburg,2016-12-19T00:00:00.000Z,51,Tug,St. Petersburg,1
59.88226,30.19493,0,0,88,2,SPB,RU,141,0,KAPITAN SOROKIN,3,345312,31,43,28,5138,39,1,2016-12-19T09:05:04.000Z,st_petersburg,2016-12-19T00:00:00.000Z,51,Tug,St. Petersburg,1
59.88226,30.19493,0,0,88,4,SPB,RU,141,0,KAPITAN SOROKIN,3,345312,31,43,28,5138,39,1,2016-12-19T09:07:03.000Z,st_petersburg,2016-12-19T00:00:00.000Z,51,Tug,St. Petersburg,1
59.88226,30.19493,0,0,88,2,SPB,RU,141,0,KAPITAN SOROKIN,3,345312,31,43,28,5138,39,1,2016-12-19T09:07:04.000Z,st_petersburg,2016-12-19T00:00:00.000Z,51,Tug,St. Petersburg,1
59.88225,30.19493,0,0,88,3,SPB,RU,141,0,KAPITAN SOROKIN,3,345312,31,43,28,5138,39,1,2016-12-19T09:09:04.000Z,st_petersburg,2016-12-19T00:00:00.000Z,51,Tug,St. Petersburg,1
59.88225,30.19493,0,0,88,3,SPB,RU,141,0,KAPITAN SOROKIN,3,345312,31,43,28,5138,39,1,2016-12-19T09:09:05.000Z,st_petersburg,2016-12-19T00:00:00.000Z,51,Tug,St. Petersburg,1
59.88227,30.19495,0,0,88,2,SPB,RU,141,0,KAPITAN SOROKIN,3,345312,31,43,28,5138,39,1,2016-12-19T09:11:04.000Z,st_petersburg,2016-12-19T00:00:00.000Z,51,Tug,St. Petersburg,1
59.88227,30.19495,0,0,88,2,SPB,RU,141,0,KAPITAN SOROKIN,3,345312,31,43,28,5138,39,1,2016-12-19T09:11:05.000Z,st_petersburg,2016-12-19T00:00:00.000Z,51,Tug,St. Petersburg,1
59.88227,30.19495,0,0,88,4,SPB,RU,141,0,KAPITAN SOROKIN,3,345312,31,43,28,5138,39,1,2016-12-19T09:13:04.000Z,st_petersburg,2016-12-19T00:00:00.000Z,51,Tug,St. Petersburg,1
59.88227,30.19495,0,0,88,4,SPB,RU,141,0,KAPITAN SOROKIN,3,345312,31,43,28,5138,39,1,2016-12-19T09:13:04.000Z,st_petersburg,2016-12-19T00:00:00.000Z,51,Tug,St. Petersburg,1
59.88227,30.19497,0,0,88,3,SPB,RU,141,0,KAPITAN SOROKIN,3,345312,31,43,28,5138,39,1,2016-12-19T09:15:03.000Z,st_petersburg,2016-12-19T00:00:00.000Z,51,Tug,St. Petersburg,1
59.88227,30.19497,0,0,88,3,SPB,RU,141,0,KAPITAN SOROKIN,3,345312,31,43,28,5138,39,1,2016-12-19T09:15:04.000Z,st_petersburg,2016-12-19T00:00:00.000Z,51,Tug,St. Petersburg,1
59.88227,30.19497,0,0,88,3,SPB,RU,141,0,KAPITAN SOROKIN,3,345312,31,43,28,5138,39,1,2016-12-19T09:17:03.000Z,st_petersburg,2016-12-19T00:00:00.000Z,51,Tug,St. Petersburg,1
59.88228,30.19495,0,0,88,2,SPB,RU,141,0,KAPITAN SOROKIN,3,345312,31,43,28,5138,39,1,2016-12-19T09:17:04.000Z,st_petersburg,2016-12-19T00:00:00.000Z,51,Tug,St. Petersburg,1
59.88228,30.19495,0,0,88,4,SPB,RU,141,0,KAPITAN SOROKIN,3,345312,31,43,28,5138,39,1,2016-12-19T09:19:04.000Z,st_petersburg,2016-12-19T00:00:00.000Z,51,Tug,St. Petersburg,1
59.88228,30.19495,0,0,88,4,SPB,RU,141,0,KAPITAN SOROKIN,3,345312,31,43,28,5138,39,1,2016-12-19T09:19:05.000Z,st_petersburg,2016-12-19T00:00:00.000Z,51,Tug,St. Petersburg,1
59.88224,30.19495,0,0,88,3,SPB,RU,141,0,KAPITAN SOROKIN,3,345312,31,43,28,5138,39,1,2016-12-19T09:21:04.000Z,st_petersburg,2016-12-19T00:00:00.000Z,51,Tug,St. Petersburg,1
59.88224,30.19495,0,0,88,3,SPB,RU,141,0,KAPITAN SOROKIN,3,345312,31,43,28,5138,39,1,2016-12-19T09:21:05.000Z,st_petersburg,2016-12-19T00:00:00.000Z,51,Tug,St. Petersburg,1
59.88226,30.19496,0,0,88,2,SPB,RU,141,0,KAPITAN SOROKIN,3,345312,31,43,28,5138,39,1,2016-12-19T09:23:03.000Z,st_petersburg,2016-12-19T00:00:00.000Z,51,Tug,St. Petersburg,1
59.88226,30.19496,0,0,88,2,SPB,RU,141,0,KAPITAN SOROKIN,3,345312,31,43,28,5138,39,1,2016-12-19T09:23:04.000Z,st_petersburg,2016-12-19T00:00:00.000Z,51,Tug,St. Petersburg,1
59.88226,30.19496,0,0,88,4,SPB,RU,141,0,KAPITAN SOROKIN,3,345312,31,43,28,5138,39,1,2016-12-19T09:25:03.000Z,st_petersburg,2016-12-19T00:00:00.000Z,51,Tug,St. Petersburg,1
59.88226,30.19496,0,0,88,3,SPB,RU,141,0,KAPITAN SOROKIN,3,345312,31,43,28,5138,39,1,2016-12-19T09:25:04.000Z,st_petersburg,2016-12-19T00:00:00.000Z,51,Tug,St. Petersburg,1
59.88227,30.19495,0,0,88,2,SPB,RU,141,0,KAPITAN SOROKIN,3,345312,31,43,28,5138,39,1,2016-12-19T09:27:03.000Z,st_petersburg,2016-12-19T00:00:00.000Z,51,Tug,St. Petersburg,1
59.88226,30.19496,0,0,88,4,SPB,RU,141,0,KAPITAN SOROKIN,3,345312,31,43,28,5138,39,1,2016-12-19T09:27:04.000Z,st_petersburg,2016-12-19T00:00:00.000Z,51,Tug,St. Petersburg,1
59.88227,30.19495,0,0,88,4,SPB,RU,141,0,KAPITAN SOROKIN,3,345312,31,43,28,5138,39,1,2016-12-19T09:29:03.000Z,st_petersburg,2016-12-19T00:00:00.000Z,51,Tug,St. Petersburg,1
59.88227,30.19495,0,0,88,2,SPB,RU,141,0,KAPITAN SOROKIN,3,345312,31,43,28,5138,39,1,2016-12-19T09:29:04.000Z,st_petersburg,2016-12-19T00:00:00.000Z,51,Tug,St. Petersburg,1
59.88227,30.19495,0,0,88,6,SPB,RU,141,0,KAPITAN SOROKIN,3,345312,31,43,28,5138,39,1,2016-12-19T09:31:04.000Z,st_petersburg,2016-12-19T00:00:00.000Z,51,Tug,St. Petersburg,1
59.88227,30.19495,0,0,88,5,SPB,RU,141,0,KAPITAN SOROKIN,3,345312,31,43,28,5138,39,1,2016-12-19T09:31:05.000Z,st_petersburg,2016-12-19T00:00:00.000Z,51,Tug,St. Petersburg,1
59.88227,30.19495,0,0,88,8,SPB,RU,141,0,KAPITAN SOROKIN,3,345312,31,43,28,5138,39,1,2016-12-19T09:33:03.000Z,st_petersburg,2016-12-19T00:00:00.000Z,51,Tug,St. Petersburg,1
59.88227,30.19495,0,0,88,8,SPB,RU,141,0,KAPITAN SOROKIN,3,345312,31,43,28,5138,39,1,2016-12-19T09:33:04.000Z,st_petersburg,2016-12-19T00:00:00.000Z,51,Tug,St. Petersburg,1
59.88227,30.19495,0,0,88,8,SPB,RU,141,0,KAPITAN SOROKIN,3,345312,31,43,28,5138,39,1,2016-12-19T09:35:04.000Z,st_petersburg,2016-12-19T00:00:00.000Z,51,Tug,St. Petersburg,1
59.88225,30.19494,0,0,88,2,SPB,RU,141,0,KAPITAN SOROKIN,3,345312,31,43,28,5138,39,1,2016-12-19T09:35:05.000Z,st_petersburg,2016-12-19T00:00:00.000Z,51,Tug,St. Petersburg,1
59.88225,30.19494,0,0,88,4,SPB,RU,141,0,KAPITAN SOROKIN,3,345312,31,43,28,5138,39,1,2016-12-19T09:37:03.000Z,st_petersburg,2016-12-19T00:00:00.000Z,51,Tug,St. Petersburg,1
59.88225,30.19494,0,0,88,4,SPB,RU,141,0,KAPITAN SOROKIN,3,345312,31,43,28,5138,39,1,2016-12-19T09:37:04.000Z,st_petersburg,2016-12-19T00:00:00.000Z,51,Tug,St. Petersburg,1
59.88225,30.19494,0,0,88,6,SPB,RU,141,0,KAPITAN SOROKIN,3,345312,31,43,28,5138,39,1,2016-12-19T09:39:04.000Z,st_petersburg,2016-12-19T00:00:00.000Z,51,Tug,St. Petersburg,1
59.88225,30.19494,0,0,88,5,SPB,RU,141,0,KAPITAN SOROKIN,3,345312,31,43,28,5138,39,1,2016-12-19T09:39:04.000Z,st_petersburg,2016-12-19T00:00:00.000Z,51,Tug,St. Petersburg,1
59.88225,30.19494,0,0,88,8,SPB,RU,141,0,KAPITAN SOROKIN,3,345312,31,43,28,5138,39,1,2016-12-19T09:41:03.000Z,st_petersburg,2016-12-19T00:00:00.000Z,51,Tug,St. Petersburg,1
59.88225,30.19494,0,0,88,8,SPB,RU,141,0,KAPITAN SOROKIN,3,345312,31,43,28,5138,39,1,2016-12-19T09:41:04.000Z,st_petersburg,2016-12-19T00:00:00.000Z,51,Tug,St. Petersburg,1
59.88227,30.19495,0,0,88,2,SPB,RU,141,0,KAPITAN SOROKIN,3,345312,31,43,28,5138,39,1,2016-12-19T09:43:04.000Z,st_petersburg,2016-12-19T00:00:00.000Z,51,Tug,St. Petersburg,1
59.88227,30.19495,0,0,88,2,SPB,RU,141,0,KAPITAN SOROKIN,3,345312,31,43,28,5138,39,1,2016-12-19T09:43:04.000Z,st_petersburg,2016-12-19T00:00:00.000Z,51,Tug,St. Petersburg,1
59.88227,30.19495,0,0,88,4,SPB,RU,141,0,KAPITAN SOROKIN,3,345312,31,43,28,5138,39,1,2016-12-19T09:45:04.000Z,st_petersburg,2016-12-19T00:00:00.000Z,51,Tug,St. Petersburg,1
59.88227,30.19495,0,0,88,4,SPB,RU,141,0,KAPITAN SOROKIN,3,345312,31,43,28,5138,39,1,2016-12-19T09:45:05.000Z,st_petersburg,2016-12-19T00:00:00.000Z,51,Tug,St. Petersburg,1
59.88227,30.19495,0,0,88,3,SPB,RU,141,0,KAPITAN SOROKIN,3,345312,31,43,28,5138,39,1,2016-12-19T09:47:04.000Z,st_petersburg,2016-12-19T00:00:00.000Z,51,Tug,St. Petersburg,1
59.88227,30.19495,0,0,88,3,SPB,RU,141,0,KAPITAN SOROKIN,3,345312,31,43,28,5138,39,1,2016-12-19T09:47:05.000Z,st_petersburg,2016-12-19T00:00:00.000Z,51,Tug,St. Petersburg,1
59.88227,30.19495,0,0,88,2,SPB,RU,141,0,KAPITAN SOROKIN,3,345312,31,43,28,5138,39,1,2016-12-19T09:49:05.000Z,st_petersburg,2016-12-19T00:00:00.000Z,51,Tug,St. Petersburg,1
59.88227,30.19495,0,0,88,3,SPB,RU,141,0,KAPITAN SOROKIN,3,345312,31,43,28,5138,39,1,2016-12-19T09:49:06.000Z,st_petersburg,2016-12-19T00:00:00.000Z,51,Tug,St. Petersburg,1
59.88227,30.19495,0,0,88,4,SPB,RU,141,0,KAPITAN SOROKIN,3,345312,31,43,28,5138,39,1,2016-12-19T09:51:03.000Z,st_petersburg,2016-12-19T00:00:00.000Z,51,Tug,St. Petersburg,1
59.88227,30.19495,0,0,88,3,SPB,RU,141,0,KAPITAN SOROKIN,3,345312,31,43,28,5138,39,1,2016-12-19T09:51:04.000Z,st_petersburg,2016-12-19T00:00:00.000Z,51,Tug,St. Petersburg,1
59.88223,30.19493,0,0,88,3,SPB,RU,141,0,KAPITAN SOROKIN,3,345312,31,43,28,5138,39,1,2016-12-19T09:53:03.000Z,st_petersburg,2016-12-19T00:00:00.000Z,51,Tug,St. Petersburg,1
59.88223,30.19493,0,0,88,3,SPB,RU,141,0,KAPITAN SOROKIN,3,345312,31,43,28,5138,39,1,2016-12-19T09:53:04.000Z,st_petersburg,2016-12-19T00:00:00.000Z,51,Tug,St. Petersburg,1
59.88223,30.19493,0,0,88,5,SPB,RU,141,0,KAPITAN SOROKIN,3,345312,31,43,28,5138,39,1,2016-12-19T09:55:03.000Z,st_petersburg,2016-12-19T00:00:00.000Z,51,Tug,St. Petersburg,1
59.88223,30.19493,0,0,88,5,SPB,RU,141,0,KAPITAN SOROKIN,3,345312,31,43,28,5138,39,1,2016-12-19T09:55:04.000Z,st_petersburg,2016-12-19T00:00:00.000Z,51,Tug,St. Petersburg,1
59.88223,30.19493,0,0,88,7,SPB,RU,141,0,KAPITAN SOROKIN,3,345312,31,43,28,5138,39,1,2016-12-19T09:57:03.000Z,st_petersburg,2016-12-19T00:00:00.000Z,51,Tug,St. Petersburg,1
59.88223,30.19493,0,0,88,5,SPB,RU,141,0,KAPITAN SOROKIN,3,345312,31,43,28,5138,39,1,2016-12-19T09:57:04.000Z,st_petersburg,2016-12-19T00:00:00.000Z,51,Tug,St. Petersburg,1
59.88223,30.19493,0,0,88,9,SPB,RU,141,0,KAPITAN SOROKIN,3,345312,31,43,28,5138,39,1,2016-12-19T09:59:03.000Z,st_petersburg,2016-12-19T00:00:00.000Z,51,Tug,St. Petersburg,1
59.88223,30.19493,0,0,88,9,SPB,RU,141,0,KAPITAN SOROKIN,3,345312,31,43,28,5138,39,1,2016-12-19T09:59:04.000Z,st_petersburg,2016-12-19T00:00:00.000Z,51,Tug,St. Petersburg,1
59.88228,30.19491,0,0,88,2,SPB,RU,141,0,KAPITAN SOROKIN,3,345312,31,43,28,5138,39,1,2016-12-19T10:01:03.000Z,st_petersburg,2016-12-19T00:00:00.000Z,51,Tug,St. Petersburg,1
59.88228,30.19491,0,0,88,3,SPB,RU,141,0,KAPITAN SOROKIN,3,345312,31,43,28,5138,39,1,2016-12-19T10:01:04.000Z,st_petersburg,2016-12-19T00:00:00.000Z,51,Tug,St. Petersburg,1
59.88225,30.19495,0,0,88,2,SPB,RU,141,0,KAPITAN SOROKIN,3,345312,31,43,28,5138,39,1,2016-12-19T10:03:04.000Z,st_petersburg,2016-12-19T00:00:00.000Z,51,Tug,St. Petersburg,1
59.88225,30.19495,0,0,88,2,SPB,RU,141,0,KAPITAN SOROKIN,3,345312,31,43,28,5138,39,1,2016-12-19T10:03:05.000Z,st_petersburg,2016-12-19T00:00:00.000Z,51,Tug,St. Petersburg,1
59.88225,30.19495,0,0,88,4,SPB,RU,141,0,KAPITAN SOROKIN,3,345312,31,43,28,5138,39,1,2016-12-19T10:05:04.000Z,st_petersburg,2016-12-19T00:00:00.000Z,51,Tug,St. Petersburg,1
59.88225,30.19495,0,0,88,3,SPB,RU,141,0,KAPITAN SOROKIN,3,345312,31,43,28,5138,39,1,2016-12-19T10:05:05.000Z,st_petersburg,2016-12-19T00:00:00.000Z,51,Tug,St. Petersburg,1
59.88227,30.19496,0,0,88,2,SPB,RU,141,0,KAPITAN SOROKIN,3,345312,31,43,28,5138,39,1,2016-12-19T10:07:03.000Z,st_petersburg,2016-12-19T00:00:00.000Z,51,Tug,St. Petersburg,1
59.88227,30.19496,0,0,88,2,SPB,RU,141,0,KAPITAN SOROKIN,3,345312,31,43,28,5138,39,1,2016-12-19T10:07:04.000Z,st_petersburg,2016-12-19T00:00:00.000Z,51,Tug,St. Petersburg,1
59.88227,30.19496,0,0,88,4,SPB,RU,141,0,KAPITAN SOROKIN,3,345312,31,43,28,5138,39,1,2016-12-19T10:09:03.000Z,st_petersburg,2016-12-19T00:00:00.000Z,51,Tug,St. Petersburg,1
59.88227,30.19496,0,0,88,4,SPB,RU,141,0,KAPITAN SOROKIN,3,345312,31,43,28,5138,39,1,2016-12-19T10:09:04.000Z,st_petersburg,2016-12-19T00:00:00.000Z,51,Tug,St. Petersburg,1
59.88227,30.19495,0,0,88,3,SPB,RU,141,0,KAPITAN SOROKIN,3,345312,31,43,28,5138,39,1,2016-12-19T10:11:04.000Z,st_petersburg,2016-12-19T00:00:00.000Z,51,Tug,St. Petersburg,1
59.88227,30.19495,0,0,88,3,SPB,RU,141,0,KAPITAN SOROKIN,3,345312,31,43,28,5138,39,1,2016-12-19T10:11:05.000Z,st_petersburg,2016-12-19T00:00:00.000Z,51,Tug,St. Petersburg,1
59.88226,30.19494,0,0,88,2,SPB,RU,141,0,KAPITAN SOROKIN,3,345312,31,43,28,5138,39,1,2016-12-19T10:13:04.000Z,st_petersburg,2016-12-19T00:00:00.000Z,51,Tug,St. Petersburg,1
59.88226,30.19494,0,0,88,2,SPB,RU,141,0,KAPITAN SOROKIN,3,345312,31,43,28,5138,39,1,2016-12-19T10:13:04.000Z,st_petersburg,2016-12-19T00:00:00.000Z,51,Tug,St. Petersburg,1
59.88226,30.19494,0,0,88,4,SPB,RU,141,0,KAPITAN SOROKIN,3,345312,31,43,28,5138,39,1,2016-12-19T10:15:04.000Z,st_petersburg,2016-12-19T00:00:00.000Z,51,Tug,St. Petersburg,1
59.88226,30.19494,0,0,88,2,SPB,RU,141,0,KAPITAN SOROKIN,3,345312,31,43,28,5138,39,1,2016-12-19T10:15:04.000Z,st_petersburg,2016-12-19T00:00:00.000Z,51,Tug,St. Petersburg,1
59.88229,30.19493,0,0,88,3,SPB,RU,141,0,KAPITAN SOROKIN,3,345312,31,43,28,5138,39,1,2016-12-19T10:17:03.000Z,st_petersburg,2016-12-19T00:00:00.000Z,51,Tug,St. Petersburg,1
59.88229,30.19493,0,0,88,2,SPB,RU,141,0,KAPITAN SOROKIN,3,345312,31,43,28,5138,39,1,2016-12-19T10:17:04.000Z,st_petersburg,2016-12-19T00:00:00.000Z,51,Tug,St. Petersburg,1
59.88228,30.19494,0,0,88,2,SPB,RU,141,0,KAPITAN SOROKIN,3,345312,31,43,28,5138,39,1,2016-12-19T10:19:03.000Z,st_petersburg,2016-12-19T00:00:00.000Z,51,Tug,St. Petersburg,1
59.88228,30.19494,0,0,88,2,SPB,RU,141,0,KAPITAN SOROKIN,3,345312,31,43,28,5138,39,1,2016-12-19T10:19:04.000Z,st_petersburg,2016-12-19T00:00:00.000Z,51,Tug,St. Petersburg,1
59.88228,30.19494,0,0,88,4,SPB,RU,141,0,KAPITAN SOROKIN,3,345312,31,43,28,5138,39,1,2016-12-19T10:21:03.000Z,st_petersburg,2016-12-19T00:00:00.000Z,51,Tug,St. Petersburg,1
59.88228,30.19494,0,0,88,4,SPB,RU,141,0,KAPITAN SOROKIN,3,345312,31,43,28,5138,39,1,2016-12-19T10:21:04.000Z,st_petersburg,2016-12-19T00:00:00.000Z,51,Tug,St. Petersburg,1
59.88224,30.19497,0,0,88,3,SPB,RU,141,0,KAPITAN SOROKIN,3,345312,31,43,28,5138,39,1,2016-12-19T10:23:03.000Z,st_petersburg,2016-12-19T00:00:00.000Z,51,Tug,St. Petersburg,1
59.88224,30.19497,0,0,88,3,SPB,RU,141,0,KAPITAN SOROKIN,3,345312,31,43,28,5138,39,1,2016-12-19T10:23:04.000Z,st_petersburg,2016-12-19T00:00:00.000Z,51,Tug,St. Petersburg,1
59.88226,30.19492,0,0,88,2,SPB,RU,141,0,KAPITAN SOROKIN,3,345312,31,43,28,5138,39,1,2016-12-19T10:25:03.000Z,st_petersburg,2016-12-19T00:00:00.000Z,51,Tug,St. Petersburg,1
59.88226,30.19492,0,0,88,2,SPB,RU,141,0,KAPITAN SOROKIN,3,345312,31,43,28,5138,39,1,2016-12-19T10:25:04.000Z,st_petersburg,2016-12-19T00:00:00.000Z,51,Tug,St. Petersburg,1
59.88226,30.19492,0,0,88,4,SPB,RU,141,0,KAPITAN SOROKIN,3,345312,31,43,28,5138,39,1,2016-12-19T10:27:03.000Z,st_petersburg,2016-12-19T00:00:00.000Z,51,Tug,St. Petersburg,1
59.88226,30.19492,0,0,88,3,SPB,RU,141,0,KAPITAN SOROKIN,3,345312,31,43,28,5138,39,1,2016-12-19T10:27:04.000Z,st_petersburg,2016-12-19T00:00:00.000Z,51,Tug,St. Petersburg,1
59.88226,30.19492,0,0,88,6,SPB,RU,141,0,KAPITAN SOROKIN,3,345312,31,43,28,5138,39,1,2016-12-19T10:29:03.000Z,st_petersburg,2016-12-19T00:00:00.000Z,51,Tug,St. Petersburg,1
59.88226,30.19492,0,0,88,4,SPB,RU,141,0,KAPITAN SOROKIN,3,345312,31,43,28,5138,39,1,2016-12-19T10:29:04.000Z,st_petersburg,2016-12-19T00:00:00.000Z,51,Tug,St. Petersburg,1
59.88226,30.19492,0,0,88,8,SPB,RU,141,0,KAPITAN SOROKIN,3,345312,31,43,28,5138,39,1,2016-12-19T10:31:03.000Z,st_petersburg,2016-12-19T00:00:00.000Z,51,Tug,St. Petersburg,1
59.88226,30.19492,0,0,88,6,SPB,RU,141,0,KAPITAN SOROKIN,3,345312,31,43,28,5138,39,1,2016-12-19T10:31:04.000Z,st_petersburg,2016-12-19T00:00:00.000Z,51,Tug,St. Petersburg,1
59.88225,30.19494,0,0,88,2,SPB,RU,141,0,KAPITAN SOROKIN,3,345312,31,43,28,5138,39,1,2016-12-19T10:33:03.000Z,st_petersburg,2016-12-19T00:00:00.000Z,51,Tug,St. Petersburg,1
59.88225,30.19494,0,0,88,2,SPB,RU,141,0,KAPITAN SOROKIN,3,345312,31,43,28,5138,39,1,2016-12-19T10:33:04.000Z,st_petersburg,2016-12-19T00:00:00.000Z,51,Tug,St. Petersburg,1
59.88225,30.19494,0,0,88,4,SPB,RU,141,0,KAPITAN SOROKIN,3,345312,31,43,28,5138,39,1,2016-12-19T10:35:04.000Z,st_petersburg,2016-12-19T00:00:00.000Z,51,Tug,St. Petersburg,1
59.88225,30.19494,0,0,88,3,SPB,RU,141,0,KAPITAN SOROKIN,3,345312,31,43,28,5138,39,1,2016-12-19T10:35:05.000Z,st_petersburg,2016-12-19T00:00:00.000Z,51,Tug,St. Petersburg,1
59.88227,30.19496,0,0,88,3,SPB,RU,141,0,KAPITAN SOROKIN,3,345312,31,43,28,5138,39,1,2016-12-19T10:37:03.000Z,st_petersburg,2016-12-19T00:00:00.000Z,51,Tug,St. Petersburg,1
59.88227,30.19496,0,0,88,1,SPB,RU,141,0,KAPITAN SOROKIN,3,345312,31,43,28,5138,39,1,2016-12-19T10:37:04.000Z,st_petersburg,2016-12-19T00:00:00.000Z,51,Tug,St. Petersburg,1
59.88227,30.19492,0,0,88,2,SPB,RU,141,0,KAPITAN SOROKIN,3,345312,31,43,28,5138,39,1,2016-12-19T10:39:03.000Z,st_petersburg,2016-12-19T00:00:00.000Z,51,Tug,St. Petersburg,1
59.88227,30.19492,0,0,88,1,SPB,RU,141,0,KAPITAN SOROKIN,3,345312,31,43,28,5138,39,1,2016-12-19T10:39:04.000Z,st_petersburg,2016-12-19T00:00:00.000Z,51,Tug,St. Petersburg,1
59.88227,30.19492,0,0,88,4,SPB,RU,141,0,KAPITAN SOROKIN,3,345312,31,43,28,5138,39,1,2016-12-19T10:41:04.000Z,st_petersburg,2016-12-19T00:00:00.000Z,51,Tug,St. Petersburg,1
59.88227,30.19492,0,0,88,4,SPB,RU,141,0,KAPITAN SOROKIN,3,345312,31,43,28,5138,39,1,2016-12-19T10:41:04.000Z,st_petersburg,2016-12-19T00:00:00.000Z,51,Tug,St. Petersburg,1
59.88228,30.19492,0,0,88,3,SPB,RU,141,0,KAPITAN SOROKIN,3,345312,31,43,28,5138,39,1,2016-12-19T10:43:03.000Z,st_petersburg,2016-12-19T00:00:00.000Z,51,Tug,St. Petersburg,1
59.88228,30.19492,0,0,88,3,SPB,RU,141,0,KAPITAN SOROKIN,3,345312,31,43,28,5138,39,1,2016-12-19T10:43:04.000Z,st_petersburg,2016-12-19T00:00:00.000Z,51,Tug,St. Petersburg,1
59.88223,30.19497,0,0,88,2,SPB,RU,141,0,KAPITAN SOROKIN,3,345312,31,43,28,5138,39,1,2016-12-19T10:45:04.000Z,st_petersburg,2016-12-19T00:00:00.000Z,51,Tug,St. Petersburg,1
59.88223,30.19497,0,0,88,2,SPB,RU,141,0,KAPITAN SOROKIN,3,345312,31,43,28,5138,39,1,2016-12-19T10:45:05.000Z,st_petersburg,2016-12-19T00:00:00.000Z,51,Tug,St. Petersburg,1
59.88223,30.19497,0,0,88,4,SPB,RU,141,0,KAPITAN SOROKIN,3,345312,31,43,28,5138,39,1,2016-12-19T10:47:03.000Z,st_petersburg,2016-12-19T00:00:00.000Z,51,Tug,St. Petersburg,1
59.88223,30.19497,0,0,88,2,SPB,RU,141,0,KAPITAN SOROKIN,3,345312,31,43,28,5138,39,1,2016-12-19T10:47:04.000Z,st_petersburg,2016-12-19T00:00:00.000Z,51,Tug,St. Petersburg,1
59.88225,30.19495,0,0,88,3,SPB,RU,141,0,KAPITAN SOROKIN,3,345312,31,43,28,5138,39,1,2016-12-19T10:49:03.000Z,st_petersburg,2016-12-19T00:00:00.000Z,51,Tug,St. Petersburg,1
59.88223,30.19497,0,0,88,4,SPB,RU,141,0,KAPITAN SOROKIN,3,345312,31,43,28,5138,39,1,2016-12-19T10:49:04.000Z,st_petersburg,2016-12-19T00:00:00.000Z,51,Tug,St. Petersburg,1
59.88225,30.19495,0,0,88,5,SPB,RU,141,0,KAPITAN SOROKIN,3,345312,31,43,28,5138,39,1,2016-12-19T10:51:04.000Z,st_petersburg,2016-12-19T00:00:00.000Z,51,Tug,St. Petersburg,1
59.88225,30.19495,0,0,88,3,SPB,RU,141,0,KAPITAN SOROKIN,3,345312,31,43,28,5138,39,1,2016-12-19T10:51:04.000Z,st_petersburg,2016-12-19T00:00:00.000Z,51,Tug,St. Petersburg,1
59.88225,30.19495,0,0,88,5,SPB,RU,141,0,KAPITAN SOROKIN,3,345312,31,43,28,5138,39,1,2016-12-19T10:53:03.000Z,st_petersburg,2016-12-19T00:00:00.000Z,51,Tug,St. Petersburg,1
59.88225,30.19495,0,0,88,7,SPB,RU,141,0,KAPITAN SOROKIN,3,345312,31,43,28,5138,39,1,2016-12-19T10:53:04.000Z,st_petersburg,2016-12-19T00:00:00.000Z,51,Tug,St. Petersburg,1
59.88225,30.19495,0,0,88,9,SPB,RU,141,0,KAPITAN SOROKIN,3,345312,31,43,28,5138,39,1,2016-12-19T10:55:04.000Z,st_petersburg,2016-12-19T00:00:00.000Z,51,Tug,St. Petersburg,1
59.88225,30.19495,0,0,88,7,SPB,RU,141,0,KAPITAN SOROKIN,3,345312,31,43,28,5138,39,1,2016-12-19T10:55:04.000Z,st_petersburg,2016-12-19T00:00:00.000Z,51,Tug,St. Petersburg,1
59.88228,30.19492,0,0,88,3,SPB,RU,141,0,KAPITAN SOROKIN,3,345312,31,43,28,5138,39,1,2016-12-19T10:57:04.000Z,st_petersburg,2016-12-19T00:00:00.000Z,51,Tug,St. Petersburg,1
59.88228,30.19492,0,0,88,3,SPB,RU,141,0,KAPITAN SOROKIN,3,345312,31,43,28,5138,39,1,2016-12-19T10:57:05.000Z,st_petersburg,2016-12-19T00:00:00.000Z,51,Tug,St. Petersburg,1
59.88228,30.19492,0,0,88,5,SPB,RU,141,0,KAPITAN SOROKIN,3,345312,31,43,28,5138,39,1,2016-12-19T10:59:03.000Z,st_petersburg,2016-12-19T00:00:00.000Z,51,Tug,St. Petersburg,1
59.88228,30.19492,0,0,88,5,SPB,RU,141,0,KAPITAN SOROKIN,3,345312,31,43,28,5138,39,1,2016-12-19T10:59:04.000Z,st_petersburg,2016-12-19T00:00:00.000Z,51,Tug,St. Petersburg,1
59.88228,30.19492,0,0,88,7,SPB,RU,141,0,KAPITAN SOROKIN,3,345312,31,43,28,5138,39,1,2016-12-19T11:01:03.000Z,st_petersburg,2016-12-19T00:00:00.000Z,51,Tug,St. Petersburg,1
59.88228,30.19492,0,0,88,6,SPB,RU,141,0,KAPITAN SOROKIN,3,345312,31,43,28,5138,39,1,2016-12-19T11:01:04.000Z,st_petersburg,2016-12-19T00:00:00.000Z,51,Tug,St. Petersburg,1
59.88228,30.19492,0,0,88,9,SPB,RU,141,0,KAPITAN SOROKIN,3,345312,31,43,28,5138,39,1,2016-12-19T11:03:03.000Z,st_petersburg,2016-12-19T00:00:00.000Z,51,Tug,St. Petersburg,1
59.88228,30.19492,0,0,88,9,SPB,RU,141,0,KAPITAN SOROKIN,3,345312,31,43,28,5138,39,1,2016-12-19T11:03:04.000Z,st_petersburg,2016-12-19T00:00:00.000Z,51,Tug,St. Petersburg,1
59.88223,30.19496,0,0,88,3,SPB,RU,141,0,KAPITAN SOROKIN,3,345312,31,43,28,5138,39,1,2016-12-19T11:05:03.000Z,st_petersburg,2016-12-19T00:00:00.000Z,51,Tug,St. Petersburg,1
59.88223,30.19496,0,0,88,3,SPB,RU,141,0,KAPITAN SOROKIN,3,345312,31,43,28,5138,39,1,2016-12-19T11:05:04.000Z,st_petersburg,2016-12-19T00:00:00.000Z,51,Tug,St. Petersburg,1
59.88224,30.19497,0,0,88,1,SPB,RU,141,0,KAPITAN SOROKIN,3,345312,31,43,28,5138,39,1,2016-12-19T11:07:03.000Z,st_petersburg,2016-12-19T00:00:00.000Z,51,Tug,St. Petersburg,1
59.88223,30.19496,0,0,88,3,SPB,RU,141,0,KAPITAN SOROKIN,3,345312,31,43,28,5138,39,1,2016-12-19T11:07:04.000Z,st_petersburg,2016-12-19T00:00:00.000Z,51,Tug,St. Petersburg,1
59.88224,30.19497,0,0,88,4,SPB,RU,141,0,KAPITAN SOROKIN,3,345312,31,43,28,5138,39,1,2016-12-19T11:09:04.000Z,st_petersburg,2016-12-19T00:00:00.000Z,51,Tug,St. Petersburg,1
59.88224,30.19497,0,0,88,3,SPB,RU,141,0,KAPITAN SOROKIN,3,345312,31,43,28,5138,39,1,2016-12-19T11:09:04.000Z,st_petersburg,2016-12-19T00:00:00.000Z,51,Tug,St. Petersburg,1
59.88227,30.19495,0,0,88,3,SPB,RU,141,0,KAPITAN SOROKIN,3,345312,31,43,28,5138,39,1,2016-12-19T11:11:04.000Z,st_petersburg,2016-12-19T00:00:00.000Z,51,Tug,St. Petersburg,1
59.88227,30.19495,0,0,88,3,SPB,RU,141,0,KAPITAN SOROKIN,3,345312,31,43,28,5138,39,1,2016-12-19T11:11:05.000Z,st_petersburg,2016-12-19T00:00:00.000Z,51,Tug,St. Petersburg,1
59.88224,30.19498,0,0,88,2,SPB,RU,141,0,KAPITAN SOROKIN,3,345312,31,43,28,5138,39,1,2016-12-19T11:13:03.000Z,st_petersburg,2016-12-19T00:00:00.000Z,51,Tug,St. Petersburg,1
59.88227,30.19495,0,0,88,3,SPB,RU,141,0,KAPITAN SOROKIN,3,345312,31,43,28,5138,39,1,2016-12-19T11:13:04.000Z,st_petersburg,2016-12-19T00:00:00.000Z,51,Tug,St. Petersburg,1
59.88224,30.19498,0,0,88,4,SPB,RU,141,0,KAPITAN SOROKIN,3,345312,31,43,28,5138,39,1,2016-12-19T11:15:03.000Z,st_petersburg,2016-12-19T00:00:00.000Z,51,Tug,St. Petersburg,1
59.88224,30.19498,0,0,88,4,SPB,RU,141,0,KAPITAN SOROKIN,3,345312,31,43,28,5138,39,1,2016-12-19T11:15:04.000Z,st_petersburg,2016-12-19T00:00:00.000Z,51,Tug,St. Petersburg,1
59.88224,30.19498,0,0,88,3,SPB,RU,141,0,KAPITAN SOROKIN,3,345312,31,43,28,5138,39,1,2016-12-19T11:17:03.000Z,st_petersburg,2016-12-19T00:00:00.000Z,51,Tug,St. Petersburg,1
59.88224,30.19498,0,0,88,2,SPB,RU,141,0,KAPITAN SOROKIN,3,345312,31,43,28,5138,39,1,2016-12-19T11:17:04.000Z,st_petersburg,2016-12-19T00:00:00.000Z,51,Tug,St. Petersburg,1
59.88223,30.19498,0,0,88,2,SPB,RU,141,0,KAPITAN SOROKIN,3,345312,31,43,28,5138,39,1,2016-12-19T11:19:05.000Z,st_petersburg,2016-12-19T00:00:00.000Z,51,Tug,St. Petersburg,1
59.88224,30.19498,0,0,88,4,SPB,RU,141,0,KAPITAN SOROKIN,3,345312,31,43,28,5138,39,1,2016-12-19T11:19:05.000Z,st_petersburg,2016-12-19T00:00:00.000Z,51,Tug,St. Petersburg,1
59.88223,30.19498,0,0,88,4,SPB,RU,141,0,KAPITAN SOROKIN,3,345312,31,43,28,5138,39,1,2016-12-19T11:21:03.000Z,st_petersburg,2016-12-19T00:00:00.000Z,51,Tug,St. Petersburg,1
59.88223,30.19498,0,0,88,4,SPB,RU,141,0,KAPITAN SOROKIN,3,345312,31,43,28,5138,39,1,2016-12-19T11:21:04.000Z,st_petersburg,2016-12-19T00:00:00.000Z,51,Tug,St. Petersburg,1
59.88223,30.19499,0,0,88,3,SPB,RU,141,0,KAPITAN SOROKIN,3,345312,31,43,28,5138,39,1,2016-12-19T11:23:03.000Z,st_petersburg,2016-12-19T00:00:00.000Z,51,Tug,St. Petersburg,1
59.88223,30.19499,0,0,88,3,SPB,RU,141,0,KAPITAN SOROKIN,3,345312,31,43,28,5138,39,1,2016-12-19T11:23:04.000Z,st_petersburg,2016-12-19T00:00:00.000Z,51,Tug,St. Petersburg,1
59.88228,30.19494,0,0,88,2,SPB,RU,141,0,KAPITAN SOROKIN,3,345312,31,43,28,5138,39,1,2016-12-19T11:25:03.000Z,st_petersburg,2016-12-19T00:00:00.000Z,51,Tug,St. Petersburg,1
59.88223,30.19499,0,0,88,3,SPB,RU,141,0,KAPITAN SOROKIN,3,345312,31,43,28,5138,39,1,2016-12-19T11:25:04.000Z,st_petersburg,2016-12-19T00:00:00.000Z,51,Tug,St. Petersburg,1
59.88228,30.19494,0,0,88,4,SPB,RU,141,0,KAPITAN SOROKIN,3,345312,31,43,28,5138,39,1,2016-12-19T11:27:02.000Z,st_petersburg,2016-12-19T00:00:00.000Z,51,Tug,St. Petersburg,1
59.88228,30.19494,0,0,88,4,SPB,RU,141,0,KAPITAN SOROKIN,3,345312,31,43,28,5138,39,1,2016-12-19T11:27:03.000Z,st_petersburg,2016-12-19T00:00:00.000Z,51,Tug,St. Petersburg,1
59.88222,30.19495,0,0,88,3,SPB,RU,141,0,KAPITAN SOROKIN,3,345312,31,43,28,5138,39,1,2016-12-19T11:29:03.000Z,st_petersburg,2016-12-19T00:00:00.000Z,51,Tug,St. Petersburg,1
59.88222,30.19495,0,0,88,3,SPB,RU,141,0,KAPITAN SOROKIN,3,345312,31,43,28,5138,39,1,2016-12-19T11:29:04.000Z,st_petersburg,2016-12-19T00:00:00.000Z,51,Tug,St. Petersburg,1
59.88225,30.19497,0,0,88,2,SPB,RU,141,0,KAPITAN SOROKIN,3,345312,31,43,28,5138,39,1,2016-12-19T11:31:03.000Z,st_petersburg,2016-12-19T00:00:00.000Z,51,Tug,St. Petersburg,1
59.88222,30.19495,0,0,88,4,SPB,RU,141,0,KAPITAN SOROKIN,3,345312,31,43,28,5138,39,1,2016-12-19T11:31:04.000Z,st_petersburg,2016-12-19T00:00:00.000Z,51,Tug,St. Petersburg,1
59.88223,30.19496,0,0,88,3,SPB,RU,141,0,KAPITAN SOROKIN,3,345312,31,43,28,5138,39,1,2016-12-19T11:35:03.000Z,st_petersburg,2016-12-19T00:00:00.000Z,51,Tug,St. Petersburg,1
59.88223,30.19496,0,0,88,3,SPB,RU,141,0,KAPITAN SOROKIN,3,345312,31,43,28,5138,39,1,2016-12-19T11:35:04.000Z,st_petersburg,2016-12-19T00:00:00.000Z,51,Tug,St. Petersburg,1
59.88224,30.19498,0,0,88,2,SPB,RU,141,0,KAPITAN SOROKIN,3,345312,31,43,28,5138,39,1,2016-12-19T11:37:03.000Z,st_petersburg,2016-12-19T00:00:00.000Z,51,Tug,St. Petersburg,1
59.88224,30.19498,0,0,88,2,SPB,RU,141,0,KAPITAN SOROKIN,3,345312,31,43,28,5138,39,1,2016-12-19T11:37:04.000Z,st_petersburg,2016-12-19T00:00:00.000Z,51,Tug,St. Petersburg,1
59.88224,30.19498,0,0,88,4,SPB,RU,141,0,KAPITAN SOROKIN,3,345312,31,43,28,5138,39,1,2016-12-19T11:39:03.000Z,st_petersburg,2016-12-19T00:00:00.000Z,51,Tug,St. Petersburg,1
59.88224,30.19498,0,0,88,3,SPB,RU,141,0,KAPITAN SOROKIN,3,345312,31,43,28,5138,39,1,2016-12-19T11:39:04.000Z,st_petersburg,2016-12-19T00:00:00.000Z,51,Tug,St. Petersburg,1
59.88221,30.19492,0,0,88,3,SPB,RU,141,0,KAPITAN SOROKIN,3,345312,31,43,28,5138,39,1,2016-12-19T11:41:03.000Z,st_petersburg,2016-12-19T00:00:00.000Z,51,Tug,St. Petersburg,1
59.88221,30.19492,0,0,88,3,SPB,RU,141,0,KAPITAN SOROKIN,3,345312,31,43,28,5138,39,1,2016-12-19T11:41:04.000Z,st_petersburg,2016-12-19T00:00:00.000Z,51,Tug,St. Petersburg,1
59.88227,30.19498,0,0,88,2,SPB,RU,141,0,KAPITAN SOROKIN,3,345312,31,43,28,5138,39,1,2016-12-19T11:43:03.000Z,st_petersburg,2016-12-19T00:00:00.000Z,51,Tug,St. Petersburg,1
59.88227,30.19498,0,0,88,2,SPB,RU,141,0,KAPITAN SOROKIN,3,345312,31,43,28,5138,39,1,2016-12-19T11:43:04.000Z,st_petersburg,2016-12-19T00:00:00.000Z,51,Tug,St. Petersburg,1
59.88227,30.19498,0,0,88,4,SPB,RU,141,0,KAPITAN SOROKIN,3,345312,31,43,28,5138,39,1,2016-12-19T11:45:03.000Z,st_petersburg,2016-12-19T00:00:00.000Z,51,Tug,St. Petersburg,1
59.88227,30.19498,0,0,88,4,SPB,RU,141,0,KAPITAN SOROKIN,3,345312,31,43,28,5138,39,1,2016-12-19T11:45:04.000Z,st_petersburg,2016-12-19T00:00:00.000Z,51,Tug,St. Petersburg,1
59.88225,30.19493,0,0,88,3,SPB,RU,141,0,KAPITAN SOROKIN,3,345312,31,43,28,5138,39,1,2016-12-19T11:47:04.000Z,st_petersburg,2016-12-19T00:00:00.000Z,51,Tug,St. Petersburg,1
59.88225,30.19493,0,0,88,3,SPB,RU,141,0,KAPITAN SOROKIN,3,345312,31,43,28,5138,39,1,2016-12-19T11:47:05.000Z,st_petersburg,2016-12-19T00:00:00.000Z,51,Tug,St. Petersburg,1
59.88225,30.19493,0,0,88,5,SPB,RU,141,0,KAPITAN SOROKIN,3,345312,31,43,28,5138,39,1,2016-12-19T11:49:03.000Z,st_petersburg,2016-12-19T00:00:00.000Z,51,Tug,St. Petersburg,1
59.88225,30.19493,0,0,88,5,SPB,RU,141,0,KAPITAN SOROKIN,3,345312,31,43,28,5138,39,1,2016-12-19T11:49:04.000Z,st_petersburg,2016-12-19T00:00:00.000Z,51,Tug,St. Petersburg,1
59.88226,30.19492,0,0,88,3,SPB,RU,141,0,KAPITAN SOROKIN,3,345312,31,43,28,5138,39,1,2016-12-19T11:51:03.000Z,st_petersburg,2016-12-19T00:00:00.000Z,51,Tug,St. Petersburg,1
59.88226,30.19492,0,0,88,3,SPB,RU,141,0,KAPITAN SOROKIN,3,345312,31,43,28,5138,39,1,2016-12-19T11:51:04.000Z,st_petersburg,2016-12-19T00:00:00.000Z,51,Tug,St. Petersburg,1
59.88229,30.19496,0,0,88,2,SPB,RU,141,0,KAPITAN SOROKIN,3,345312,31,43,28,5138,39,1,2016-12-19T11:53:03.000Z,st_petersburg,2016-12-19T00:00:00.000Z,51,Tug,St. Petersburg,1
59.88229,30.19496,0,0,88,2,SPB,RU,141,0,KAPITAN SOROKIN,3,345312,31,43,28,5138,39,1,2016-12-19T11:53:03.000Z,st_petersburg,2016-12-19T00:00:00.000Z,51,Tug,St. Petersburg,1
59.88229,30.19496,0,0,88,4,SPB,RU,141,0,KAPITAN SOROKIN,3,345312,31,43,28,5138,39,1,2016-12-19T11:55:03.000Z,st_petersburg,2016-12-19T00:00:00.000Z,51,Tug,St. Petersburg,1
59.88229,30.19496,0,0,88,2,SPB,RU,141,0,KAPITAN SOROKIN,3,345312,31,43,28,5138,39,1,2016-12-19T11:55:04.000Z,st_petersburg,2016-12-19T00:00:00.000Z,51,Tug,St. Petersburg,1
59.88229,30.19494,0,0,125,3,SPB,RU,141,720,KAPITAN SOROKIN,3,345312,31,43,28,5138,39,1,2016-12-19T11:57:04.000Z,st_petersburg,2016-12-19T00:00:00.000Z,51,Tug,St. Petersburg,1
59.88229,30.19494,0,0,125,3,SPB,RU,141,720,KAPITAN SOROKIN,3,345312,31,43,28,5138,39,1,2016-12-19T11:57:04.000Z,st_petersburg,2016-12-19T00:00:00.000Z,51,Tug,St. Petersburg,1
59.88229,30.19494,0,0,125,5,SPB,RU,141,720,KAPITAN SOROKIN,3,345312,31,43,28,5138,39,1,2016-12-19T11:59:04.000Z,st_petersburg,2016-12-19T00:00:00.000Z,51,Tug,St. Petersburg,1
59.88229,30.19494,0,0,125,4,SPB,RU,141,720,KAPITAN SOROKIN,3,345312,31,43,28,5138,39,1,2016-12-19T11:59:04.000Z,st_petersburg,2016-12-19T00:00:00.000Z,51,Tug,St. Petersburg,1
59.88224,30.19495,0,0,106,3,SPB,RU,141,0,KAPITAN SOROKIN,3,345312,31,43,28,5138,39,1,2016-12-19T12:01:10.000Z,st_petersburg,2016-12-19T00:00:00.000Z,51,Tug,St. Petersburg,1
59.88224,30.19495,0,0,106,3,SPB,RU,141,0,KAPITAN SOROKIN,3,345312,31,43,28,5138,39,1,2016-12-19T12:01:11.000Z,st_petersburg,2016-12-19T00:00:00.000Z,51,Tug,St. Petersburg,1
59.88224,30.19495,0,0,106,5,SPB,RU,141,0,KAPITAN SOROKIN,3,345312,31,43,28,5138,39,1,2016-12-19T12:03:03.000Z,st_petersburg,2016-12-19T00:00:00.000Z,51,Tug,St. Petersburg,1
59.88224,30.19495,0,0,106,5,SPB,RU,141,0,KAPITAN SOROKIN,3,345312,31,43,28,5138,39,1,2016-12-19T12:03:04.000Z,st_petersburg,2016-12-19T00:00:00.000Z,51,Tug,St. Petersburg,1
59.88224,30.19495,0,0,106,7,SPB,RU,141,0,KAPITAN SOROKIN,3,345312,31,43,28,5138,39,1,2016-12-19T12:05:04.000Z,st_petersburg,2016-12-19T00:00:00.000Z,51,Tug,St. Petersburg,1
59.88224,30.19495,0,0,106,7,SPB,RU,141,0,KAPITAN SOROKIN,3,345312,31,43,28,5138,39,1,2016-12-19T12:05:04.000Z,st_petersburg,2016-12-19T00:00:00.000Z,51,Tug,St. Petersburg,1
59.88224,30.19495,0,0,106,9,SPB,RU,141,0,KAPITAN SOROKIN,3,345312,31,43,28,5138,39,1,2016-12-19T12:07:03.000Z,st_petersburg,2016-12-19T00:00:00.000Z,51,Tug,St. Petersburg,1
59.88224,30.19495,0,0,106,9,SPB,RU,141,0,KAPITAN SOROKIN,3,345312,31,43,28,5138,39,1,2016-12-19T12:07:12.000Z,st_petersburg,2016-12-19T00:00:00.000Z,51,Tug,St. Petersburg,1
59.88228,30.19495,0,0,93,3,SPB,RU,141,0,KAPITAN SOROKIN,3,345312,31,43,28,5138,39,1,2016-12-19T12:09:03.000Z,st_petersburg,2016-12-19T00:00:00.000Z,51,Tug,St. Petersburg,1
59.88228,30.19495,0,0,93,3,SPB,RU,141,0,KAPITAN SOROKIN,3,345312,31,43,28,5138,39,1,2016-12-19T12:09:04.000Z,st_petersburg,2016-12-19T00:00:00.000Z,51,Tug,St. Petersburg,1
59.88229,30.19496,0,0,90,2,SPB,RU,141,0,KAPITAN SOROKIN,3,345312,31,43,28,5138,39,1,2016-12-19T12:11:03.000Z,st_petersburg,2016-12-19T00:00:00.000Z,51,Tug,St. Petersburg,1
59.88229,30.19496,0,0,90,2,SPB,RU,141,0,KAPITAN SOROKIN,3,345312,31,43,28,5138,39,1,2016-12-19T12:11:04.000Z,st_petersburg,2016-12-19T00:00:00.000Z,51,Tug,St. Petersburg,1
59.88229,30.19496,0,0,90,4,SPB,RU,141,0,KAPITAN SOROKIN,3,345312,31,43,28,5138,39,1,2016-12-19T12:13:04.000Z,st_petersburg,2016-12-19T00:00:00.000Z,51,Tug,St. Petersburg,1
59.88229,30.19496,0,0,90,4,SPB,RU,141,0,KAPITAN SOROKIN,3,345312,31,43,28,5138,39,1,2016-12-19T12:13:14.000Z,st_petersburg,2016-12-19T00:00:00.000Z,51,Tug,St. Petersburg,1
59.88226,30.19492,0,0,89,2,SPB,RU,141,0,KAPITAN SOROKIN,3,345312,31,43,28,5138,39,1,2016-12-19T12:15:04.000Z,st_petersburg,2016-12-19T00:00:00.000Z,51,Tug,St. Petersburg,1
59.88229,30.19496,0,0,90,4,SPB,RU,141,0,KAPITAN SOROKIN,3,345312,31,43,28,5138,39,1,2016-12-19T12:15:12.000Z,st_petersburg,2016-12-19T00:00:00.000Z,51,Tug,St. Petersburg,1
59.88226,30.19492,0,0,89,4,SPB,RU,141,0,KAPITAN SOROKIN,3,345312,31,43,28,5138,39,1,2016-12-19T12:17:03.000Z,st_petersburg,2016-12-19T00:00:00.000Z,51,Tug,St. Petersburg,1
59.88226,30.19492,0,0,89,4,SPB,RU,141,0,KAPITAN SOROKIN,3,345312,31,43,28,5138,39,1,2016-12-19T12:17:04.000Z,st_petersburg,2016-12-19T00:00:00.000Z,51,Tug,St. Petersburg,1
59.88226,30.19492,0,0,89,6,SPB,RU,141,0,KAPITAN SOROKIN,3,345312,31,43,28,5138,39,1,2016-12-19T12:19:03.000Z,st_petersburg,2016-12-19T00:00:00.000Z,51,Tug,St. Petersburg,1
59.88226,30.19492,0,0,89,6,SPB,RU,141,0,KAPITAN SOROKIN,3,345312,31,43,28,5138,39,1,2016-12-19T12:19:04.000Z,st_petersburg,2016-12-19T00:00:00.000Z,51,Tug,St. Petersburg,1
59.88226,30.19492,0,0,89,8,SPB,RU,141,0,KAPITAN SOROKIN,3,345312,31,43,28,5138,39,1,2016-12-19T12:21:13.000Z,st_petersburg,2016-12-19T00:00:00.000Z,51,Tug,St. Petersburg,1
59.88226,30.19492,0,0,89,8,SPB,RU,141,0,KAPITAN SOROKIN,3,345312,31,43,28,5138,39,1,2016-12-19T12:21:14.000Z,st_petersburg,2016-12-19T00:00:00.000Z,51,Tug,St. Petersburg,1
59.88226,30.19493,0,0,85,2,SPB,RU,141,0,KAPITAN SOROKIN,3,345312,31,43,28,5138,39,1,2016-12-19T12:23:03.000Z,st_petersburg,2016-12-19T00:00:00.000Z,51,Tug,St. Petersburg,1
59.88226,30.19493,0,0,85,2,SPB,RU,141,0,KAPITAN SOROKIN,3,345312,31,43,28,5138,39,1,2016-12-19T12:23:04.000Z,st_petersburg,2016-12-19T00:00:00.000Z,51,Tug,St. Petersburg,1
59.88226,30.19493,0,0,85,4,SPB,RU,141,0,KAPITAN SOROKIN,3,345312,31,43,28,5138,39,1,2016-12-19T12:25:03.000Z,st_petersburg,2016-12-19T00:00:00.000Z,51,Tug,St. Petersburg,1
59.88226,30.19493,0,0,85,4,SPB,RU,141,0,KAPITAN SOROKIN,3,345312,31,43,28,5138,39,1,2016-12-19T12:25:04.000Z,st_petersburg,2016-12-19T00:00:00.000Z,51,Tug,St. Petersburg,1
59.88226,30.19493,0,0,85,6,SPB,RU,141,0,KAPITAN SOROKIN,3,345312,31,43,28,5138,39,1,2016-12-19T12:27:04.000Z,st_petersburg,2016-12-19T00:00:00.000Z,51,Tug,St. Petersburg,1
59.88226,30.19493,0,0,85,6,SPB,RU,141,0,KAPITAN SOROKIN,3,345312,31,43,28,5138,39,1,2016-12-19T12:27:05.000Z,st_petersburg,2016-12-19T00:00:00.000Z,51,Tug,St. Petersburg,1
59.88225,30.19495,0,0,83,4,SPB,RU,141,0,KAPITAN SOROKIN,3,345312,31,43,28,5138,39,1,2016-12-19T12:31:03.000Z,st_petersburg,2016-12-19T00:00:00.000Z,51,Tug,St. Petersburg,1
59.88228,30.19495,0,0,83,3,SPB,RU,141,0,KAPITAN SOROKIN,3,345312,31,43,28,5138,39,1,2016-12-19T12:33:03.000Z,st_petersburg,2016-12-19T00:00:00.000Z,51,Tug,St. Petersburg,1
59.88228,30.19495,0,0,83,3,SPB,RU,141,0,KAPITAN SOROKIN,3,345312,31,43,28,5138,39,1,2016-12-19T12:33:04.000Z,st_petersburg,2016-12-19T00:00:00.000Z,51,Tug,St. Petersburg,1
59.88224,30.19493,0,0,82,2,SPB,RU,141,0,KAPITAN SOROKIN,3,345312,31,43,28,5138,39,1,2016-12-19T12:35:03.000Z,st_petersburg,2016-12-19T00:00:00.000Z,51,Tug,St. Petersburg,1
59.88224,30.19493,0,0,82,2,SPB,RU,141,0,KAPITAN SOROKIN,3,345312,31,43,28,5138,39,1,2016-12-19T12:35:04.000Z,st_petersburg,2016-12-19T00:00:00.000Z,51,Tug,St. Petersburg,1
59.88224,30.19493,0,0,82,4,SPB,RU,141,0,KAPITAN SOROKIN,3,345312,31,43,28,5138,39,1,2016-12-19T12:37:03.000Z,st_petersburg,2016-12-19T00:00:00.000Z,51,Tug,St. Petersburg,1
59.88224,30.19493,0,0,82,4,SPB,RU,141,0,KAPITAN SOROKIN,3,345312,31,43,28,5138,39,1,2016-12-19T12:37:04.000Z,st_petersburg,2016-12-19T00:00:00.000Z,51,Tug,St. Petersburg,1
59.88227,30.19493,0,0,82,3,SPB,RU,141,0,KAPITAN SOROKIN,3,345312,31,43,28,5138,39,1,2016-12-19T12:39:03.000Z,st_petersburg,2016-12-19T00:00:00.000Z,51,Tug,St. Petersburg,1
59.88227,30.19493,0,0,82,3,SPB,RU,141,0,KAPITAN SOROKIN,3,345312,31,43,28,5138,39,1,2016-12-19T12:39:04.000Z,st_petersburg,2016-12-19T00:00:00.000Z,51,Tug,St. Petersburg,1
59.88225,30.19495,0,0,82,2,SPB,RU,141,0,KAPITAN SOROKIN,3,345312,31,43,28,5138,39,1,2016-12-19T12:41:04.000Z,st_petersburg,2016-12-19T00:00:00.000Z,51,Tug,St. Petersburg,1
59.88225,30.19495,0,0,82,2,SPB,RU,141,0,KAPITAN SOROKIN,3,345312,31,43,28,5138,39,1,2016-12-19T12:41:04.000Z,st_petersburg,2016-12-19T00:00:00.000Z,51,Tug,St. Petersburg,1
59.88225,30.19495,0,0,82,4,SPB,RU,141,0,KAPITAN SOROKIN,3,345312,31,43,28,5138,39,1,2016-12-19T12:43:04.000Z,st_petersburg,2016-12-19T00:00:00.000Z,51,Tug,St. Petersburg,1
59.88225,30.19495,0,0,82,4,SPB,RU,141,0,KAPITAN SOROKIN,3,345312,31,43,28,5138,39,1,2016-12-19T12:43:05.000Z,st_petersburg,2016-12-19T00:00:00.000Z,51,Tug,St. Petersburg,1
59.88226,30.19497,0,0,82,2,SPB,RU,141,0,KAPITAN SOROKIN,3,345312,31,43,28,5138,39,1,2016-12-19T12:47:03.000Z,st_petersburg,2016-12-19T00:00:00.000Z,51,Tug,St. Petersburg,1
59.88226,30.19497,0,0,82,2,SPB,RU,141,0,KAPITAN SOROKIN,3,345312,31,43,28,5138,39,1,2016-12-19T12:47:04.000Z,st_petersburg,2016-12-19T00:00:00.000Z,51,Tug,St. Petersburg,1
59.88226,30.19497,0,0,82,8,SPB,RU,141,0,KAPITAN SOROKIN,3,345312,31,43,28,5138,39,1,2016-12-19T12:53:03.000Z,st_petersburg,2016-12-19T00:00:00.000Z,51,Tug,St. Petersburg,1
59.88226,30.19497,0,0,82,8,SPB,RU,141,0,KAPITAN SOROKIN,3,345312,31,43,28,5138,39,1,2016-12-19T12:53:04.000Z,st_petersburg,2016-12-19T00:00:00.000Z,51,Tug,St. Petersburg,1
59.88226,30.19497,0,0,82,10,SPB,RU,141,0,KAPITAN SOROKIN,3,345312,31,43,28,5138,39,1,2016-12-19T12:55:03.000Z,st_petersburg,2016-12-19T00:00:00.000Z,51,Tug,St. Petersburg,1
59.88226,30.19497,0,0,82,10,SPB,RU,141,0,KAPITAN SOROKIN,3,345312,31,43,28,5138,39,1,2016-12-19T12:55:03.000Z,st_petersburg,2016-12-19T00:00:00.000Z,51,Tug,St. Petersburg,1
59.88226,30.19493,0,0,83,4,SPB,RU,141,0,KAPITAN SOROKIN,3,345312,31,43,28,5138,39,1,2016-12-19T12:59:03.000Z,st_petersburg,2016-12-19T00:00:00.000Z,51,Tug,St. Petersburg,1
59.88226,30.19493,0,0,83,4,SPB,RU,141,0,KAPITAN SOROKIN,3,345312,31,43,28,5138,39,1,2016-12-19T12:59:04.000Z,st_petersburg,2016-12-19T00:00:00.000Z,51,Tug,St. Petersburg,1
59.88226,30.19493,0,0,83,6,SPB,RU,141,0,KAPITAN SOROKIN,3,345312,31,43,28,5138,39,1,2016-12-19T13:01:05.000Z,st_petersburg,2016-12-19T00:00:00.000Z,51,Tug,St. Petersburg,1
59.88226,30.19493,0,0,83,6,SPB,RU,141,0,KAPITAN SOROKIN,3,345312,31,43,28,5138,39,1,2016-12-19T13:01:06.000Z,st_petersburg,2016-12-19T00:00:00.000Z,51,Tug,St. Petersburg,1
59.88226,30.19497,0,0,84,2,SPB,RU,141,0,KAPITAN SOROKIN,3,345312,31,43,28,5138,39,1,2016-12-19T13:05:04.000Z,st_petersburg,2016-12-19T00:00:00.000Z,51,Tug,St. Petersburg,1
59.88226,30.19497,0,0,84,2,SPB,RU,141,0,KAPITAN SOROKIN,3,345312,31,43,28,5138,39,1,2016-12-19T13:05:04.000Z,st_petersburg,2016-12-19T00:00:00.000Z,51,Tug,St. Petersburg,1
59.88226,30.19497,0,0,84,4,SPB,RU,141,0,KAPITAN SOROKIN,3,345312,31,43,28,5138,39,1,2016-12-19T13:07:11.000Z,st_petersburg,2016-12-19T00:00:00.000Z,51,Tug,St. Petersburg,1
59.88226,30.19497,0,0,84,4,SPB,RU,141,0,KAPITAN SOROKIN,3,345312,31,43,28,5138,39,1,2016-12-19T13:07:12.000Z,st_petersburg,2016-12-19T00:00:00.000Z,51,Tug,St. Petersburg,1
59.88223,30.19495,0,0,85,3,SPB,RU,141,0,KAPITAN SOROKIN,3,345312,31,43,28,5138,39,1,2016-12-19T13:09:03.000Z,st_petersburg,2016-12-19T00:00:00.000Z,51,Tug,St. Petersburg,1
59.88223,30.19495,0,0,85,3,SPB,RU,141,0,KAPITAN SOROKIN,3,345312,31,43,28,5138,39,1,2016-12-19T13:09:04.000Z,st_petersburg,2016-12-19T00:00:00.000Z,51,Tug,St. Petersburg,1
59.88224,30.19496,0,0,86,2,SPB,RU,141,0,KAPITAN SOROKIN,3,345312,31,43,28,5138,39,1,2016-12-19T13:11:03.000Z,st_petersburg,2016-12-19T00:00:00.000Z,51,Tug,St. Petersburg,1
59.88223,30.19495,0,0,85,4,SPB,RU,141,0,KAPITAN SOROKIN,3,345312,31,43,28,5138,39,1,2016-12-19T13:11:04.000Z,st_petersburg,2016-12-19T00:00:00.000Z,51,Tug,St. Petersburg,1
59.88224,30.19496,0,0,86,4,SPB,RU,141,0,KAPITAN SOROKIN,3,345312,31,43,28,5138,39,1,2016-12-19T13:13:03.000Z,st_petersburg,2016-12-19T00:00:00.000Z,51,Tug,St. Petersburg,1
59.88224,30.19496,0,0,86,3,SPB,RU,141,0,KAPITAN SOROKIN,3,345312,31,43,28,5138,39,1,2016-12-19T13:13:04.000Z,st_petersburg,2016-12-19T00:00:00.000Z,51,Tug,St. Petersburg,1
59.88222,30.19497,0,0,86,3,SPB,RU,141,0,KAPITAN SOROKIN,3,345312,31,43,28,5138,39,1,2016-12-19T13:15:04.000Z,st_petersburg,2016-12-19T00:00:00.000Z,51,Tug,St. Petersburg,1
59.88222,30.19497,0,0,86,3,SPB,RU,141,0,KAPITAN SOROKIN,3,345312,31,43,28,5138,39,1,2016-12-19T13:15:04.000Z,st_petersburg,2016-12-19T00:00:00.000Z,51,Tug,St. Petersburg,1
59.88222,30.19497,0,0,86,5,SPB,RU,141,0,KAPITAN SOROKIN,3,345312,31,43,28,5138,39,1,2016-12-19T13:17:03.000Z,st_petersburg,2016-12-19T00:00:00.000Z,51,Tug,St. Petersburg,1
59.88222,30.19497,0,0,86,5,SPB,RU,141,0,KAPITAN SOROKIN,3,345312,31,43,28,5138,39,1,2016-12-19T13:17:04.000Z,st_petersburg,2016-12-19T00:00:00.000Z,51,Tug,St. Petersburg,1
59.88226,30.19495,0,0,87,4,SPB,RU,141,0,KAPITAN SOROKIN,3,345312,31,43,28,5138,39,1,2016-12-19T13:19:03.000Z,st_petersburg,2016-12-19T00:00:00.000Z,51,Tug,St. Petersburg,1
59.88226,30.19495,0,0,87,4,SPB,RU,141,0,KAPITAN SOROKIN,3,345312,31,43,28,5138,39,1,2016-12-19T13:19:04.000Z,st_petersburg,2016-12-19T00:00:00.000Z,51,Tug,St. Petersburg,1
59.88225,30.19491,0,0,88,3,SPB,RU,141,0,KAPITAN SOROKIN,3,345312,31,43,28,5138,39,1,2016-12-19T13:21:03.000Z,st_petersburg,2016-12-19T00:00:00.000Z,51,Tug,St. Petersburg,1
59.88226,30.19495,0,0,87,4,SPB,RU,141,0,KAPITAN SOROKIN,3,345312,31,43,28,5138,39,1,2016-12-19T13:21:04.000Z,st_petersburg,2016-12-19T00:00:00.000Z,51,Tug,St. Petersburg,1
59.88224,30.19497,0,0,88,2,SPB,RU,141,0,KAPITAN SOROKIN,3,345312,31,43,28,5138,39,1,2016-12-19T13:23:03.000Z,st_petersburg,2016-12-19T00:00:00.000Z,51,Tug,St. Petersburg,1
59.88224,30.19497,0,0,88,2,SPB,RU,141,0,KAPITAN SOROKIN,3,345312,31,43,28,5138,39,1,2016-12-19T13:23:04.000Z,st_petersburg,2016-12-19T00:00:00.000Z,51,Tug,St. Petersburg,1
59.88224,30.19497,0,0,88,4,SPB,RU,141,0,KAPITAN SOROKIN,3,345312,31,43,28,5138,39,1,2016-12-19T13:25:03.000Z,st_petersburg,2016-12-19T00:00:00.000Z,51,Tug,St. Petersburg,1
59.88224,30.19497,0,0,88,4,SPB,RU,141,0,KAPITAN SOROKIN,3,345312,31,43,28,5138,39,1,2016-12-19T13:25:03.000Z,st_petersburg,2016-12-19T00:00:00.000Z,51,Tug,St. Petersburg,1
59.88225,30.19494,0,0,89,2,SPB,RU,141,0,KAPITAN SOROKIN,3,345312,31,43,28,5138,39,1,2016-12-19T13:27:03.000Z,st_petersburg,2016-12-19T00:00:00.000Z,51,Tug,St. Petersburg,1
59.88225,30.19494,0,0,89,2,SPB,RU,141,0,KAPITAN SOROKIN,3,345312,31,43,28,5138,39,1,2016-12-19T13:27:04.000Z,st_petersburg,2016-12-19T00:00:00.000Z,51,Tug,St. Petersburg,1
59.88225,30.19494,0,0,89,4,SPB,RU,141,0,KAPITAN SOROKIN,3,345312,31,43,28,5138,39,1,2016-12-19T13:29:03.000Z,st_petersburg,2016-12-19T00:00:00.000Z,51,Tug,St. Petersburg,1
59.88225,30.19494,0,0,89,2,SPB,RU,141,0,KAPITAN SOROKIN,3,345312,31,43,28,5138,39,1,2016-12-19T13:29:03.000Z,st_petersburg,2016-12-19T00:00:00.000Z,51,Tug,St. Petersburg,1
59.88225,30.19493,0,0,89,3,SPB,RU,141,0,KAPITAN SOROKIN,3,345312,31,43,28,5138,39,1,2016-12-19T13:31:03.000Z,st_petersburg,2016-12-19T00:00:00.000Z,51,Tug,St. Petersburg,1
59.88225,30.19493,0,0,89,3,SPB,RU,141,0,KAPITAN SOROKIN,3,345312,31,43,28,5138,39,1,2016-12-19T13:31:04.000Z,st_petersburg,2016-12-19T00:00:00.000Z,51,Tug,St. Petersburg,1
59.88227,30.19493,0,0,89,2,SPB,RU,141,0,KAPITAN SOROKIN,3,345312,31,43,28,5138,39,1,2016-12-19T13:33:03.000Z,st_petersburg,2016-12-19T00:00:00.000Z,51,Tug,St. Petersburg,1
59.88225,30.19493,0,0,89,3,SPB,RU,141,0,KAPITAN SOROKIN,3,345312,31,43,28,5138,39,1,2016-12-19T13:33:04.000Z,st_petersburg,2016-12-19T00:00:00.000Z,51,Tug,St. Petersburg,1
59.88227,30.19493,0,0,89,4,SPB,RU,141,0,KAPITAN SOROKIN,3,345312,31,43,28,5138,39,1,2016-12-19T13:35:03.000Z,st_petersburg,2016-12-19T00:00:00.000Z,51,Tug,St. Petersburg,1
59.88227,30.19493,0,0,89,3,SPB,RU,141,0,KAPITAN SOROKIN,3,345312,31,43,28,5138,39,1,2016-12-19T13:35:04.000Z,st_petersburg,2016-12-19T00:00:00.000Z,51,Tug,St. Petersburg,1
59.88226,30.19495,0,0,90,3,SPB,RU,141,0,KAPITAN SOROKIN,3,345312,31,43,28,5138,39,1,2016-12-19T13:37:11.000Z,st_petersburg,2016-12-19T00:00:00.000Z,51,Tug,St. Petersburg,1
59.88226,30.19495,0,0,90,3,SPB,RU,141,0,KAPITAN SOROKIN,3,345312,31,43,28,5138,39,1,2016-12-19T13:37:12.000Z,st_petersburg,2016-12-19T00:00:00.000Z,51,Tug,St. Petersburg,1
59.88226,30.19495,0,0,90,5,SPB,RU,141,0,KAPITAN SOROKIN,3,345312,31,43,28,5138,39,1,2016-12-19T13:39:03.000Z,st_petersburg,2016-12-19T00:00:00.000Z,51,Tug,St. Petersburg,1
59.88226,30.19495,0,0,90,5,SPB,RU,141,0,KAPITAN SOROKIN,3,345312,31,43,28,5138,39,1,2016-12-19T13:39:04.000Z,st_petersburg,2016-12-19T00:00:00.000Z,51,Tug,St. Petersburg,1
59.88226,30.19495,0,0,90,7,SPB,RU,141,0,KAPITAN SOROKIN,3,345312,31,43,28,5138,39,1,2016-12-19T13:41:03.000Z,st_petersburg,2016-12-19T00:00:00.000Z,51,Tug,St. Petersburg,1
59.88226,30.19495,0,0,90,6,SPB,RU,141,0,KAPITAN SOROKIN,3,345312,31,43,28,5138,39,1,2016-12-19T13:41:04.000Z,st_petersburg,2016-12-19T00:00:00.000Z,51,Tug,St. Petersburg,1
59.88226,30.19495,0,0,90,9,SPB,RU,141,0,KAPITAN SOROKIN,3,345312,31,43,28,5138,39,1,2016-12-19T13:43:04.000Z,st_petersburg,2016-12-19T00:00:00.000Z,51,Tug,St. Petersburg,1
59.88226,30.19495,0,0,90,7,SPB,RU,141,0,KAPITAN SOROKIN,3,345312,31,43,28,5138,39,1,2016-12-19T13:43:04.000Z,st_petersburg,2016-12-19T00:00:00.000Z,51,Tug,St. Petersburg,1
59.88225,30.19493,0,0,90,3,SPB,RU,141,0,KAPITAN SOROKIN,3,345312,31,43,28,5138,39,1,2016-12-19T13:45:03.000Z,st_petersburg,2016-12-19T00:00:00.000Z,51,Tug,St. Petersburg,1
59.88225,30.19493,0,0,90,3,SPB,RU,141,0,KAPITAN SOROKIN,3,345312,31,43,28,5138,39,1,2016-12-19T13:45:04.000Z,st_petersburg,2016-12-19T00:00:00.000Z,51,Tug,St. Petersburg,1
59.88223,30.19495,0,0,91,2,SPB,RU,141,0,KAPITAN SOROKIN,3,345312,31,43,28,5138,39,1,2016-12-19T13:47:03.000Z,st_petersburg,2016-12-19T00:00:00.000Z,51,Tug,St. Petersburg,1
59.88223,30.19495,0,0,91,2,SPB,RU,141,0,KAPITAN SOROKIN,3,345312,31,43,28,5138,39,1,2016-12-19T13:47:04.000Z,st_petersburg,2016-12-19T00:00:00.000Z,51,Tug,St. Petersburg,1
59.88225,30.19494,0,0,91,3,SPB,RU,141,0,KAPITAN SOROKIN,3,345312,31,43,28,5138,39,1,2016-12-19T13:51:03.000Z,st_petersburg,2016-12-19T00:00:00.000Z,51,Tug,St. Petersburg,1
59.88225,30.19494,0,0,91,2,SPB,RU,141,0,KAPITAN SOROKIN,3,345312,31,43,28,5138,39,1,2016-12-19T13:51:03.000Z,st_petersburg,2016-12-19T00:00:00.000Z,51,Tug,St. Petersburg,1
59.88223,30.19498,0,0,91,2,SPB,RU,141,0,KAPITAN SOROKIN,3,345312,31,43,28,5138,39,1,2016-12-19T13:53:03.000Z,st_petersburg,2016-12-19T00:00:00.000Z,51,Tug,St. Petersburg,1
59.88223,30.19498,0,0,91,2,SPB,RU,141,0,KAPITAN SOROKIN,3,345312,31,43,28,5138,39,1,2016-12-19T13:53:04.000Z,st_petersburg,2016-12-19T00:00:00.000Z,51,Tug,St. Petersburg,1
59.88223,30.19498,0,0,91,4,SPB,RU,141,0,KAPITAN SOROKIN,3,345312,31,43,28,5138,39,1,2016-12-19T13:55:03.000Z,st_petersburg,2016-12-19T00:00:00.000Z,51,Tug,St. Petersburg,1
59.88223,30.19498,0,0,91,4,SPB,RU,141,0,KAPITAN SOROKIN,3,345312,31,43,28,5138,39,1,2016-12-19T13:55:04.000Z,st_petersburg,2016-12-19T00:00:00.000Z,51,Tug,St. Petersburg,1
59.88223,30.19498,0,0,91,6,SPB,RU,141,0,KAPITAN SOROKIN,3,345312,31,43,28,5138,39,1,2016-12-19T13:57:03.000Z,st_petersburg,2016-12-19T00:00:00.000Z,51,Tug,St. Petersburg,1
59.88223,30.19498,0,0,91,6,SPB,RU,141,0,KAPITAN SOROKIN,3,345312,31,43,28,5138,39,1,2016-12-19T13:57:04.000Z,st_petersburg,2016-12-19T00:00:00.000Z,51,Tug,St. Petersburg,1
59.88223,30.19498,0,0,91,8,SPB,RU,141,0,KAPITAN SOROKIN,3,345312,31,43,28,5138,39,1,2016-12-19T13:59:03.000Z,st_petersburg,2016-12-19T00:00:00.000Z,51,Tug,St. Petersburg,1
59.88223,30.19498,0,0,91,8,SPB,RU,141,0,KAPITAN SOROKIN,3,345312,31,43,28,5138,39,1,2016-12-19T13:59:04.000Z,st_petersburg,2016-12-19T00:00:00.000Z,51,Tug,St. Petersburg,1
59.88223,30.19498,0,0,91,9,SPB,RU,141,0,KAPITAN SOROKIN,3,345312,31,43,28,5138,39,1,2016-12-19T14:01:03.000Z,st_petersburg,2016-12-19T00:00:00.000Z,51,Tug,St. Petersburg,1
59.88223,30.19498,0,0,91,10,SPB,RU,141,0,KAPITAN SOROKIN,3,345312,31,43,28,5138,39,1,2016-12-19T14:01:04.000Z,st_petersburg,2016-12-19T00:00:00.000Z,51,Tug,St. Petersburg,1
59.88225,30.19497,0,0,91,4,SPB,RU,141,0,KAPITAN SOROKIN,3,345312,31,43,28,5138,39,1,2016-12-19T14:03:03.000Z,st_petersburg,2016-12-19T00:00:00.000Z,51,Tug,St. Petersburg,1
59.88225,30.19497,0,0,91,4,SPB,RU,141,0,KAPITAN SOROKIN,3,345312,31,43,28,5138,39,1,2016-12-19T14:03:04.000Z,st_petersburg,2016-12-19T00:00:00.000Z,51,Tug,St. Petersburg,1
59.88226,30.19492,0,0,91,3,SPB,RU,141,0,KAPITAN SOROKIN,3,345312,31,43,28,5138,39,1,2016-12-19T14:05:03.000Z,st_petersburg,2016-12-19T00:00:00.000Z,51,Tug,St. Petersburg,1
59.88226,30.19492,0,0,91,3,SPB,RU,141,0,KAPITAN SOROKIN,3,345312,31,43,28,5138,39,1,2016-12-19T14:05:04.000Z,st_petersburg,2016-12-19T00:00:00.000Z,51,Tug,St. Petersburg,1
59.88223,30.19496,0,0,91,2,SPB,RU,141,0,KAPITAN SOROKIN,3,345312,31,43,28,5138,39,1,2016-12-19T14:07:04.000Z,st_petersburg,2016-12-19T00:00:00.000Z,51,Tug,St. Petersburg,1
59.88223,30.19496,0,0,91,2,SPB,RU,141,0,KAPITAN SOROKIN,3,345312,31,43,28,5138,39,1,2016-12-19T14:07:04.000Z,st_petersburg,2016-12-19T00:00:00.000Z,51,Tug,St. Petersburg,1
59.88223,30.19496,0,0,91,4,SPB,RU,141,0,KAPITAN SOROKIN,3,345312,31,43,28,5138,39,1,2016-12-19T14:09:03.000Z,st_petersburg,2016-12-19T00:00:00.000Z,51,Tug,St. Petersburg,1
59.88223,30.19496,0,0,91,4,SPB,RU,141,0,KAPITAN SOROKIN,3,345312,31,43,28,5138,39,1,2016-12-19T14:09:04.000Z,st_petersburg,2016-12-19T00:00:00.000Z,51,Tug,St. Petersburg,1
59.88226,30.19496,0,0,90,3,SPB,RU,141,0,KAPITAN SOROKIN,3,345312,31,43,28,5138,39,1,2016-12-19T14:11:03.000Z,st_petersburg,2016-12-19T00:00:00.000Z,51,Tug,St. Petersburg,1
59.88226,30.19496,0,0,90,3,SPB,RU,141,0,KAPITAN SOROKIN,3,345312,31,43,28,5138,39,1,2016-12-19T14:11:04.000Z,st_petersburg,2016-12-19T00:00:00.000Z,51,Tug,St. Petersburg,1
59.88227,30.19495,0,0,90,2,SPB,RU,141,0,KAPITAN SOROKIN,3,345312,31,43,28,5138,39,1,2016-12-19T14:13:03.000Z,st_petersburg,2016-12-19T00:00:00.000Z,51,Tug,St. Petersburg,1
59.88227,30.19495,0,0,90,2,SPB,RU,141,0,KAPITAN SOROKIN,3,345312,31,43,28,5138,39,1,2016-12-19T14:13:04.000Z,st_petersburg,2016-12-19T00:00:00.000Z,51,Tug,St. Petersburg,1
59.88227,30.19495,0,0,90,4,SPB,RU,141,0,KAPITAN SOROKIN,3,345312,31,43,28,5138,39,1,2016-12-19T14:15:03.000Z,st_petersburg,2016-12-19T00:00:00.000Z,51,Tug,St. Petersburg,1
59.88227,30.19495,0,0,90,4,SPB,RU,141,0,KAPITAN SOROKIN,3,345312,31,43,28,5138,39,1,2016-12-19T14:15:04.000Z,st_petersburg,2016-12-19T00:00:00.000Z,51,Tug,St. Petersburg,1
59.88226,30.19492,0,0,90,3,SPB,RU,141,0,KAPITAN SOROKIN,3,345312,31,43,28,5138,39,1,2016-12-19T14:17:03.000Z,st_petersburg,2016-12-19T00:00:00.000Z,51,Tug,St. Petersburg,1
59.88226,30.19492,0,0,90,3,SPB,RU,141,0,KAPITAN SOROKIN,3,345312,31,43,28,5138,39,1,2016-12-19T14:17:04.000Z,st_petersburg,2016-12-19T00:00:00.000Z,51,Tug,St. Petersburg,1
59.88226,30.1949,0,0,90,2,SPB,RU,141,0,KAPITAN SOROKIN,3,345312,31,43,28,5138,39,1,2016-12-19T14:19:04.000Z,st_petersburg,2016-12-19T00:00:00.000Z,51,Tug,St. Petersburg,1
59.88226,30.19492,0,0,90,4,SPB,RU,141,0,KAPITAN SOROKIN,3,345312,31,43,28,5138,39,1,2016-12-19T14:19:04.000Z,st_petersburg,2016-12-19T00:00:00.000Z,51,Tug,St. Petersburg,1
59.88226,30.1949,0,0,90,4,SPB,RU,141,0,KAPITAN SOROKIN,3,345312,31,43,28,5138,39,1,2016-12-19T14:21:03.000Z,st_petersburg,2016-12-19T00:00:00.000Z,51,Tug,St. Petersburg,1
59.88226,30.1949,0,0,90,4,SPB,RU,141,0,KAPITAN SOROKIN,3,345312,31,43,28,5138,39,1,2016-12-19T14:21:04.000Z,st_petersburg,2016-12-19T00:00:00.000Z,51,Tug,St. Petersburg,1
59.88227,30.19492,0,0,90,3,SPB,RU,141,0,KAPITAN SOROKIN,3,345312,31,43,28,5138,39,1,2016-12-19T14:23:03.000Z,st_petersburg,2016-12-19T00:00:00.000Z,51,Tug,St. Petersburg,1
59.88226,30.1949,0,0,90,4,SPB,RU,141,0,KAPITAN SOROKIN,3,345312,31,43,28,5138,39,1,2016-12-19T14:23:04.000Z,st_petersburg,2016-12-19T00:00:00.000Z,51,Tug,St. Petersburg,1
59.88227,30.19491,0,0,90,2,SPB,RU,141,0,KAPITAN SOROKIN,3,345312,31,43,28,5138,39,1,2016-12-19T14:25:03.000Z,st_petersburg,2016-12-19T00:00:00.000Z,51,Tug,St. Petersburg,1
59.88227,30.19492,0,0,90,3,SPB,RU,141,0,KAPITAN SOROKIN,3,345312,31,43,28,5138,39,1,2016-12-19T14:25:04.000Z,st_petersburg,2016-12-19T00:00:00.000Z,51,Tug,St. Petersburg,1
59.88227,30.19491,0,0,90,4,SPB,RU,141,0,KAPITAN SOROKIN,3,345312,31,43,28,5138,39,1,2016-12-19T14:27:03.000Z,st_petersburg,2016-12-19T00:00:00.000Z,51,Tug,St. Petersburg,1
59.88227,30.19491,0,0,90,4,SPB,RU,141,0,KAPITAN SOROKIN,3,345312,31,43,28,5138,39,1,2016-12-19T14:27:04.000Z,st_petersburg,2016-12-19T00:00:00.000Z,51,Tug,St. Petersburg,1
59.88227,30.19491,0,0,90,6,SPB,RU,141,0,KAPITAN SOROKIN,3,345312,31,43,28,5138,39,1,2016-12-19T14:29:03.000Z,st_petersburg,2016-12-19T00:00:00.000Z,51,Tug,St. Petersburg,1
59.88227,30.19491,0,0,90,6,SPB,RU,141,0,KAPITAN SOROKIN,3,345312,31,43,28,5138,39,1,2016-12-19T14:29:04.000Z,st_petersburg,2016-12-19T00:00:00.000Z,51,Tug,St. Petersburg,1
59.88227,30.19491,0,0,90,8,SPB,RU,141,0,KAPITAN SOROKIN,3,345312,31,43,28,5138,39,1,2016-12-19T14:31:03.000Z,st_petersburg,2016-12-19T00:00:00.000Z,51,Tug,St. Petersburg,1
59.88227,30.19491,0,0,90,7,SPB,RU,141,0,KAPITAN SOROKIN,3,345312,31,43,28,5138,39,1,2016-12-19T14:31:04.000Z,st_petersburg,2016-12-19T00:00:00.000Z,51,Tug,St. Petersburg,1
59.88227,30.19495,0,0,90,2,SPB,RU,141,0,KAPITAN SOROKIN,3,345312,31,43,28,5138,39,1,2016-12-19T14:33:03.000Z,st_petersburg,2016-12-19T00:00:00.000Z,51,Tug,St. Petersburg,1
59.88227,30.19495,0,0,90,2,SPB,RU,141,0,KAPITAN SOROKIN,3,345312,31,43,28,5138,39,1,2016-12-19T14:33:04.000Z,st_petersburg,2016-12-19T00:00:00.000Z,51,Tug,St. Petersburg,1
59.88227,30.19495,0,0,90,4,SPB,RU,141,0,KAPITAN SOROKIN,3,345312,31,43,28,5138,39,1,2016-12-19T14:35:03.000Z,st_petersburg,2016-12-19T00:00:00.000Z,51,Tug,St. Petersburg,1
59.88227,30.19495,0,0,90,4,SPB,RU,141,0,KAPITAN SOROKIN,3,345312,31,43,28,5138,39,1,2016-12-19T14:35:04.000Z,st_petersburg,2016-12-19T00:00:00.000Z,51,Tug,St. Petersburg,1
59.88225,30.19495,0,0,89,3,SPB,RU,141,0,KAPITAN SOROKIN,3,345312,31,43,28,5138,39,1,2016-12-19T14:37:03.000Z,st_petersburg,2016-12-19T00:00:00.000Z,51,Tug,St. Petersburg,1
59.88225,30.19495,0,0,89,3,SPB,RU,141,0,KAPITAN SOROKIN,3,345312,31,43,28,5138,39,1,2016-12-19T14:37:04.000Z,st_petersburg,2016-12-19T00:00:00.000Z,51,Tug,St. Petersburg,1
59.88225,30.19495,0,0,89,5,SPB,RU,141,0,KAPITAN SOROKIN,3,345312,31,43,28,5138,39,1,2016-12-19T14:39:04.000Z,st_petersburg,2016-12-19T00:00:00.000Z,51,Tug,St. Petersburg,1
59.88225,30.19495,0,0,89,5,SPB,RU,141,0,KAPITAN SOROKIN,3,345312,31,43,28,5138,39,1,2016-12-19T14:39:05.000Z,st_petersburg,2016-12-19T00:00:00.000Z,51,Tug,St. Petersburg,1
59.88227,30.19497,0,0,89,3,SPB,RU,141,0,KAPITAN SOROKIN,3,345312,31,43,28,5138,39,1,2016-12-19T14:41:03.000Z,st_petersburg,2016-12-19T00:00:00.000Z,51,Tug,St. Petersburg,1
59.88225,30.19495,0,0,89,5,SPB,RU,141,0,KAPITAN SOROKIN,3,345312,31,43,28,5138,39,1,2016-12-19T14:41:04.000Z,st_petersburg,2016-12-19T00:00:00.000Z,51,Tug,St. Petersburg,1
59.88227,30.19497,0,0,89,2,SPB,RU,141,0,KAPITAN SOROKIN,3,345312,31,43,28,5138,39,1,2016-12-19T14:43:04.000Z,st_petersburg,2016-12-19T00:00:00.000Z,51,Tug,St. Petersburg,1
59.88227,30.19497,0,0,89,2,SPB,RU,141,0,KAPITAN SOROKIN,3,345312,31,43,28,5138,39,1,2016-12-19T14:43:04.000Z,st_petersburg,2016-12-19T00:00:00.000Z,51,Tug,St. Petersburg,1
59.88227,30.19497,0,0,89,4,SPB,RU,141,0,KAPITAN SOROKIN,3,345312,31,43,28,5138,39,1,2016-12-19T14:45:04.000Z,st_petersburg,2016-12-19T00:00:00.000Z,51,Tug,St. Petersburg,1
59.88227,30.19497,0,0,89,4,SPB,RU,141,0,KAPITAN SOROKIN,3,345312,31,43,28,5138,39,1,2016-12-19T14:45:05.000Z,st_petersburg,2016-12-19T00:00:00.000Z,51,Tug,St. Petersburg,1
59.88227,30.19494,0,0,89,2,SPB,RU,141,0,KAPITAN SOROKIN,3,345312,31,43,28,5138,39,1,2016-12-19T14:47:03.000Z,st_petersburg,2016-12-19T00:00:00.000Z,51,Tug,St. Petersburg,1
59.88227,30.19497,0,0,89,4,SPB,RU,141,0,KAPITAN SOROKIN,3,345312,31,43,28,5138,39,1,2016-12-19T14:47:04.000Z,st_petersburg,2016-12-19T00:00:00.000Z,51,Tug,St. Petersburg,1
59.88227,30.19494,0,0,89,4,SPB,RU,141,0,KAPITAN SOROKIN,3,345312,31,43,28,5138,39,1,2016-12-19T14:49:03.000Z,st_petersburg,2016-12-19T00:00:00.000Z,51,Tug,St. Petersburg,1
59.88227,30.19494,0,0,89,4,SPB,RU,141,0,KAPITAN SOROKIN,3,345312,31,43,28,5138,39,1,2016-12-19T14:49:04.000Z,st_petersburg,2016-12-19T00:00:00.000Z,51,Tug,St. Petersburg,1
59.88227,30.19492,0,0,89,3,SPB,RU,141,0,KAPITAN SOROKIN,3,345312,31,43,28,5138,39,1,2016-12-19T14:51:03.000Z,st_petersburg,2016-12-19T00:00:00.000Z,51,Tug,St. Petersburg,1
59.88227,30.19492,0,0,89,2,SPB,RU,141,0,KAPITAN SOROKIN,3,345312,31,43,28,5138,39,1,2016-12-19T14:51:04.000Z,st_petersburg,2016-12-19T00:00:00.000Z,51,Tug,St. Petersburg,1
59.88225,30.19499,0,0,89,2,SPB,RU,141,0,KAPITAN SOROKIN,3,345312,31,43,28,5138,39,1,2016-12-19T14:53:04.000Z,st_petersburg,2016-12-19T00:00:00.000Z,51,Tug,St. Petersburg,1
59.88225,30.19499,0,0,89,2,SPB,RU,141,0,KAPITAN SOROKIN,3,345312,31,43,28,5138,39,1,2016-12-19T14:53:04.000Z,st_petersburg,2016-12-19T00:00:00.000Z,51,Tug,St. Petersburg,1
59.88225,30.19499,0,0,89,4,SPB,RU,141,0,KAPITAN SOROKIN,3,345312,31,43,28,5138,39,1,2016-12-19T14:55:03.000Z,st_petersburg,2016-12-19T00:00:00.000Z,51,Tug,St. Petersburg,1
59.88225,30.19499,0,0,89,3,SPB,RU,141,0,KAPITAN SOROKIN,3,345312,31,43,28,5138,39,1,2016-12-19T14:55:04.000Z,st_petersburg,2016-12-19T00:00:00.000Z,51,Tug,St. Petersburg,1
59.88227,30.19496,0,0,89,3,SPB,RU,141,0,KAPITAN SOROKIN,3,345312,31,43,28,5138,39,1,2016-12-19T14:57:03.000Z,st_petersburg,2016-12-19T00:00:00.000Z,51,Tug,St. Petersburg,1
59.88227,30.19496,0,0,89,3,SPB,RU,141,0,KAPITAN SOROKIN,3,345312,31,43,28,5138,39,1,2016-12-19T14:57:04.000Z,st_petersburg,2016-12-19T00:00:00.000Z,51,Tug,St. Petersburg,1
59.88227,30.19496,0,0,89,5,SPB,RU,141,0,KAPITAN SOROKIN,3,345312,31,43,28,5138,39,1,2016-12-19T14:59:04.000Z,st_petersburg,2016-12-19T00:00:00.000Z,51,Tug,St. Petersburg,1
59.88227,30.19496,0,0,89,5,SPB,RU,141,0,KAPITAN SOROKIN,3,345312,31,43,28,5138,39,1,2016-12-19T14:59:05.000Z,st_petersburg,2016-12-19T00:00:00.000Z,51,Tug,St. Petersburg,1
59.88229,30.19497,1,0,89,4,SPB,RU,141,0,KAPITAN SOROKIN,3,345312,31,43,28,5138,39,1,2016-12-19T15:01:03.000Z,st_petersburg,2016-12-19T00:00:00.000Z,51,Tug,St. Petersburg,1
59.88229,30.19497,1,0,89,4,SPB,RU,141,0,KAPITAN SOROKIN,3,345312,31,43,28,5138,39,1,2016-12-19T15:01:04.000Z,st_petersburg,2016-12-19T00:00:00.000Z,51,Tug,St. Petersburg,1
59.88225,30.19495,0,0,89,3,SPB,RU,141,0,KAPITAN SOROKIN,3,345312,31,43,28,5138,39,1,2016-12-19T15:03:03.000Z,st_petersburg,2016-12-19T00:00:00.000Z,51,Tug,St. Petersburg,1
59.88225,30.19495,0,0,89,3,SPB,RU,141,0,KAPITAN SOROKIN,3,345312,31,43,28,5138,39,1,2016-12-19T15:03:04.000Z,st_petersburg,2016-12-19T00:00:00.000Z,51,Tug,St. Petersburg,1
59.88225,30.19495,0,0,89,5,SPB,RU,141,0,KAPITAN SOROKIN,3,345312,31,43,28,5138,39,1,2016-12-19T15:05:03.000Z,st_petersburg,2016-12-19T00:00:00.000Z,51,Tug,St. Petersburg,1
59.88225,30.19495,0,0,89,5,SPB,RU,141,0,KAPITAN SOROKIN,3,345312,31,43,28,5138,39,1,2016-12-19T15:05:04.000Z,st_petersburg,2016-12-19T00:00:00.000Z,51,Tug,St. Petersburg,1
59.88225,30.19495,0,0,89,7,SPB,RU,141,0,KAPITAN SOROKIN,3,345312,31,43,28,5138,39,1,2016-12-19T15:07:03.000Z,st_petersburg,2016-12-19T00:00:00.000Z,51,Tug,St. Petersburg,1
59.88225,30.19495,0,0,89,7,SPB,RU,141,0,KAPITAN SOROKIN,3,345312,31,43,28,5138,39,1,2016-12-19T15:07:04.000Z,st_petersburg,2016-12-19T00:00:00.000Z,51,Tug,St. Petersburg,1
59.88225,30.19495,0,0,89,9,SPB,RU,141,0,KAPITAN SOROKIN,3,345312,31,43,28,5138,39,1,2016-12-19T15:09:03.000Z,st_petersburg,2016-12-19T00:00:00.000Z,51,Tug,St. Petersburg,1
59.88225,30.19495,0,0,89,9,SPB,RU,141,0,KAPITAN SOROKIN,3,345312,31,43,28,5138,39,1,2016-12-19T15:09:04.000Z,st_petersburg,2016-12-19T00:00:00.000Z,51,Tug,St. Petersburg,1
59.88227,30.19496,0,0,89,3,SPB,RU,141,0,KAPITAN SOROKIN,3,345312,31,43,28,5138,39,1,2016-12-19T15:11:11.000Z,st_petersburg,2016-12-19T00:00:00.000Z,51,Tug,St. Petersburg,1
59.88225,30.19495,0,0,89,10,SPB,RU,141,0,KAPITAN SOROKIN,3,345312,31,43,28,5138,39,1,2016-12-19T15:11:12.000Z,st_petersburg,2016-12-19T00:00:00.000Z,51,Tug,St. Petersburg,1
59.88228,30.19495,0,0,89,2,SPB,RU,141,0,KAPITAN SOROKIN,3,345312,31,43,28,5138,39,1,2016-12-19T15:13:03.000Z,st_petersburg,2016-12-19T00:00:00.000Z,51,Tug,St. Petersburg,1
59.88228,30.19495,0,0,89,2,SPB,RU,141,0,KAPITAN SOROKIN,3,345312,31,43,28,5138,39,1,2016-12-19T15:13:04.000Z,st_petersburg,2016-12-19T00:00:00.000Z,51,Tug,St. Petersburg,1
59.88228,30.19495,0,0,89,4,SPB,RU,141,0,KAPITAN SOROKIN,3,345312,31,43,28,5138,39,1,2016-12-19T15:15:03.000Z,st_petersburg,2016-12-19T00:00:00.000Z,51,Tug,St. Petersburg,1
59.88228,30.19495,0,0,89,4,SPB,RU,141,0,KAPITAN SOROKIN,3,345312,31,43,28,5138,39,1,2016-12-19T15:15:04.000Z,st_petersburg,2016-12-19T00:00:00.000Z,51,Tug,St. Petersburg,1
59.88226,30.19497,0,0,89,3,SPB,RU,141,0,KAPITAN SOROKIN,3,345312,31,43,28,5138,39,1,2016-12-19T15:17:03.000Z,st_petersburg,2016-12-19T00:00:00.000Z,51,Tug,St. Petersburg,1
59.88226,30.19497,0,0,89,2,SPB,RU,141,0,KAPITAN SOROKIN,3,345312,31,43,28,5138,39,1,2016-12-19T15:17:03.000Z,st_petersburg,2016-12-19T00:00:00.000Z,51,Tug,St. Petersburg,1
59.88226,30.19497,0,0,89,5,SPB,RU,141,0,KAPITAN SOROKIN,3,345312,31,43,28,5138,39,1,2016-12-19T15:19:03.000Z,st_petersburg,2016-12-19T00:00:00.000Z,51,Tug,St. Petersburg,1
59.88226,30.19497,0,0,89,5,SPB,RU,141,0,KAPITAN SOROKIN,3,345312,31,43,28,5138,39,1,2016-12-19T15:19:04.000Z,st_petersburg,2016-12-19T00:00:00.000Z,51,Tug,St. Petersburg,1
59.88224,30.19497,0,0,89,3,SPB,RU,141,0,KAPITAN SOROKIN,3,345312,31,43,28,5138,39,1,2016-12-19T15:21:03.000Z,st_petersburg,2016-12-19T00:00:00.000Z,51,Tug,St. Petersburg,1
59.88224,30.19497,0,0,89,2,SPB,RU,141,0,KAPITAN SOROKIN,3,345312,31,43,28,5138,39,1,2016-12-19T15:21:04.000Z,st_petersburg,2016-12-19T00:00:00.000Z,51,Tug,St. Petersburg,1
59.88224,30.19497,0,0,89,5,SPB,RU,141,0,KAPITAN SOROKIN,3,345312,31,43,28,5138,39,1,2016-12-19T15:23:04.000Z,st_petersburg,2016-12-19T00:00:00.000Z,51,Tug,St. Petersburg,1
59.88224,30.19497,0,0,89,5,SPB,RU,141,0,KAPITAN SOROKIN,3,345312,31,43,28,5138,39,1,2016-12-19T15:23:05.000Z,st_petersburg,2016-12-19T00:00:00.000Z,51,Tug,St. Petersburg,1
59.88224,30.19497,0,0,89,7,SPB,RU,141,0,KAPITAN SOROKIN,3,345312,31,43,28,5138,39,1,2016-12-19T15:25:03.000Z,st_petersburg,2016-12-19T00:00:00.000Z,51,Tug,St. Petersburg,1
59.88224,30.19497,0,0,89,7,SPB,RU,141,0,KAPITAN SOROKIN,3,345312,31,43,28,5138,39,1,2016-12-19T15:25:04.000Z,st_petersburg,2016-12-19T00:00:00.000Z,51,Tug,St. Petersburg,1
59.88224,30.19497,0,0,89,9,SPB,RU,141,0,KAPITAN SOROKIN,3,345312,31,43,28,5138,39,1,2016-12-19T15:27:03.000Z,st_petersburg,2016-12-19T00:00:00.000Z,51,Tug,St. Petersburg,1
59.88224,30.19497,0,0,89,7,SPB,RU,141,0,KAPITAN SOROKIN,3,345312,31,43,28,5138,39,1,2016-12-19T15:27:04.000Z,st_petersburg,2016-12-19T00:00:00.000Z,51,Tug,St. Petersburg,1
59.88226,30.19494,0,0,89,3,SPB,RU,141,0,KAPITAN SOROKIN,3,345312,31,43,28,5138,39,1,2016-12-19T15:29:03.000Z,st_petersburg,2016-12-19T00:00:00.000Z,51,Tug,St. Petersburg,1
59.88226,30.19494,0,0,89,2,SPB,RU,141,0,KAPITAN SOROKIN,3,345312,31,43,28,5138,39,1,2016-12-19T15:29:04.000Z,st_petersburg,2016-12-19T00:00:00.000Z,51,Tug,St. Petersburg,1
59.88226,30.19494,0,0,89,5,SPB,RU,141,0,KAPITAN SOROKIN,3,345312,31,43,28,5138,39,1,2016-12-19T15:31:03.000Z,st_petersburg,2016-12-19T00:00:00.000Z,51,Tug,St. Petersburg,1
59.88226,30.19494,0,0,89,5,SPB,RU,141,0,KAPITAN SOROKIN,3,345312,31,43,28,5138,39,1,2016-12-19T15:31:04.000Z,st_petersburg,2016-12-19T00:00:00.000Z,51,Tug,St. Petersburg,1
59.88226,30.19494,0,0,89,7,SPB,RU,141,0,KAPITAN SOROKIN,3,345312,31,43,28,5138,39,1,2016-12-19T15:33:03.000Z,st_petersburg,2016-12-19T00:00:00.000Z,51,Tug,St. Petersburg,1
59.88226,30.19494,0,0,89,6,SPB,RU,141,0,KAPITAN SOROKIN,3,345312,31,43,28,5138,39,1,2016-12-19T15:33:04.000Z,st_petersburg,2016-12-19T00:00:00.000Z,51,Tug,St. Petersburg,1
59.88226,30.19494,0,0,89,9,SPB,RU,141,0,KAPITAN SOROKIN,3,345312,31,43,28,5138,39,1,2016-12-19T15:35:04.000Z,st_petersburg,2016-12-19T00:00:00.000Z,51,Tug,St. Petersburg,1
59.88226,30.19494,0,0,89,9,SPB,RU,141,0,KAPITAN SOROKIN,3,345312,31,43,28,5138,39,1,2016-12-19T15:35:04.000Z,st_petersburg,2016-12-19T00:00:00.000Z,51,Tug,St. Petersburg,1
59.88226,30.19494,0,0,89,9,SPB,RU,141,0,KAPITAN SOROKIN,3,345312,31,43,28,5138,39,1,2016-12-19T15:37:03.000Z,st_petersburg,2016-12-19T00:00:00.000Z,51,Tug,St. Petersburg,1
59.88225,30.19491,0,0,89,3,SPB,RU,141,0,KAPITAN SOROKIN,3,345312,31,43,28,5138,39,1,2016-12-19T15:37:04.000Z,st_petersburg,2016-12-19T00:00:00.000Z,51,Tug,St. Petersburg,1
59.88225,30.19491,0,0,89,5,SPB,RU,141,0,KAPITAN SOROKIN,3,345312,31,43,28,5138,39,1,2016-12-19T15:39:03.000Z,st_petersburg,2016-12-19T00:00:00.000Z,51,Tug,St. Petersburg,1
59.88225,30.19491,0,0,89,4,SPB,RU,141,0,KAPITAN SOROKIN,3,345312,31,43,28,5138,39,1,2016-12-19T15:39:04.000Z,st_petersburg,2016-12-19T00:00:00.000Z,51,Tug,St. Petersburg,1
59.88225,30.19491,0,0,89,7,SPB,RU,141,0,KAPITAN SOROKIN,3,345312,31,43,28,5138,39,1,2016-12-19T15:41:03.000Z,st_petersburg,2016-12-19T00:00:00.000Z,51,Tug,St. Petersburg,1
59.88225,30.19491,0,0,89,7,SPB,RU,141,0,KAPITAN SOROKIN,3,345312,31,43,28,5138,39,1,2016-12-19T15:41:04.000Z,st_petersburg,2016-12-19T00:00:00.000Z,51,Tug,St. Petersburg,1
59.88225,30.19491,0,0,89,9,SPB,RU,141,0,KAPITAN SOROKIN,3,345312,31,43,28,5138,39,1,2016-12-19T15:43:03.000Z,st_petersburg,2016-12-19T00:00:00.000Z,51,Tug,St. Petersburg,1
59.88225,30.19491,0,0,89,9,SPB,RU,141,0,KAPITAN SOROKIN,3,345312,31,43,28,5138,39,1,2016-12-19T15:43:04.000Z,st_petersburg,2016-12-19T00:00:00.000Z,51,Tug,St. Petersburg,1
59.88225,30.19493,0,0,89,3,SPB,RU,141,0,KAPITAN SOROKIN,3,345312,31,43,28,5138,39,1,2016-12-19T15:45:03.000Z,st_petersburg,2016-12-19T00:00:00.000Z,51,Tug,St. Petersburg,1
59.88225,30.19493,0,0,89,3,SPB,RU,141,0,KAPITAN SOROKIN,3,345312,31,43,28,5138,39,1,2016-12-19T15:45:05.000Z,st_petersburg,2016-12-19T00:00:00.000Z,51,Tug,St. Petersburg,1
59.88225,30.19493,0,0,89,5,SPB,RU,141,0,KAPITAN SOROKIN,3,345312,31,43,28,5138,39,1,2016-12-19T15:47:03.000Z,st_petersburg,2016-12-19T00:00:00.000Z,51,Tug,St. Petersburg,1
59.88225,30.19493,0,0,89,3,SPB,RU,141,0,KAPITAN SOROKIN,3,345312,31,43,28,5138,39,1,2016-12-19T15:47:04.000Z,st_petersburg,2016-12-19T00:00:00.000Z,51,Tug,St. Petersburg,1
59.88225,30.19493,0,0,89,7,SPB,RU,141,0,KAPITAN SOROKIN,3,345312,31,43,28,5138,39,1,2016-12-19T15:49:03.000Z,st_petersburg,2016-12-19T00:00:00.000Z,51,Tug,St. Petersburg,1
59.88225,30.19493,0,0,89,6,SPB,RU,141,0,KAPITAN SOROKIN,3,345312,31,43,28,5138,39,1,2016-12-19T15:49:04.000Z,st_petersburg,2016-12-19T00:00:00.000Z,51,Tug,St. Petersburg,1
59.88225,30.19493,0,0,89,9,SPB,RU,141,0,KAPITAN SOROKIN,3,345312,31,43,28,5138,39,1,2016-12-19T15:51:03.000Z,st_petersburg,2016-12-19T00:00:00.000Z,51,Tug,St. Petersburg,1
59.88225,30.19493,0,0,89,9,SPB,RU,141,0,KAPITAN SOROKIN,3,345312,31,43,28,5138,39,1,2016-12-19T15:51:04.000Z,st_petersburg,2016-12-19T00:00:00.000Z,51,Tug,St. Petersburg,1
59.88223,30.19492,0,0,89,3,SPB,RU,141,0,KAPITAN SOROKIN,3,345312,31,43,28,5138,39,1,2016-12-19T15:53:03.000Z,st_petersburg,2016-12-19T00:00:00.000Z,51,Tug,St. Petersburg,1
59.88223,30.19492,0,0,89,3,SPB,RU,141,0,KAPITAN SOROKIN,3,345312,31,43,28,5138,39,1,2016-12-19T15:53:04.000Z,st_petersburg,2016-12-19T00:00:00.000Z,51,Tug,St. Petersburg,1
59.88223,30.19492,0,0,89,5,SPB,RU,141,0,KAPITAN SOROKIN,3,345312,31,43,28,5138,39,1,2016-12-19T15:55:03.000Z,st_petersburg,2016-12-19T00:00:00.000Z,51,Tug,St. Petersburg,1
59.88223,30.19492,0,0,89,5,SPB,RU,141,0,KAPITAN SOROKIN,3,345312,31,43,28,5138,39,1,2016-12-19T15:55:04.000Z,st_petersburg,2016-12-19T00:00:00.000Z,51,Tug,St. Petersburg,1
59.88223,30.19492,0,0,89,7,SPB,RU,141,0,KAPITAN SOROKIN,3,345312,31,43,28,5138,39,1,2016-12-19T15:57:03.000Z,st_petersburg,2016-12-19T00:00:00.000Z,51,Tug,St. Petersburg,1
59.88223,30.19492,0,0,89,7,SPB,RU,141,0,KAPITAN SOROKIN,3,345312,31,43,28,5138,39,1,2016-12-19T15:57:04.000Z,st_petersburg,2016-12-19T00:00:00.000Z,51,Tug,St. Petersburg,1
59.88223,30.19492,0,0,89,9,SPB,RU,141,0,KAPITAN SOROKIN,3,345312,31,43,28,5138,39,1,2016-12-19T15:59:04.000Z,st_petersburg,2016-12-19T00:00:00.000Z,51,Tug,St. Petersburg,1
59.88223,30.19492,0,0,89,8,SPB,RU,141,0,KAPITAN SOROKIN,3,345312,31,43,28,5138,39,1,2016-12-19T15:59:04.000Z,st_petersburg,2016-12-19T00:00:00.000Z,51,Tug,St. Petersburg,1
59.88227,30.19496,0,0,89,3,SPB,RU,141,0,KAPITAN SOROKIN,3,345312,31,43,28,5138,39,1,2016-12-19T16:01:03.000Z,st_petersburg,2016-12-19T00:00:00.000Z,51,Tug,St. Petersburg,1
59.88227,30.19496,0,0,89,2,SPB,RU,141,0,KAPITAN SOROKIN,3,345312,31,43,28,5138,39,1,2016-12-19T16:01:04.000Z,st_petersburg,2016-12-19T00:00:00.000Z,51,Tug,St. Petersburg,1
59.88226,30.19494,0,0,88,2,SPB,RU,141,0,KAPITAN SOROKIN,3,345312,31,43,28,5138,39,1,2016-12-19T16:03:03.000Z,st_petersburg,2016-12-19T00:00:00.000Z,51,Tug,St. Petersburg,1
59.88227,30.19496,0,0,89,3,SPB,RU,141,0,KAPITAN SOROKIN,3,345312,31,43,28,5138,39,1,2016-12-19T16:03:04.000Z,st_petersburg,2016-12-19T00:00:00.000Z,51,Tug,St. Petersburg,1
59.88226,30.19494,0,0,88,4,SPB,RU,141,0,KAPITAN SOROKIN,3,345312,31,43,28,5138,39,1,2016-12-19T16:05:03.000Z,st_petersburg,2016-12-19T00:00:00.000Z,51,Tug,St. Petersburg,1
59.88226,30.19494,0,0,88,4,SPB,RU,141,0,KAPITAN SOROKIN,3,345312,31,43,28,5138,39,1,2016-12-19T16:05:04.000Z,st_petersburg,2016-12-19T00:00:00.000Z,51,Tug,St. Petersburg,1
59.88225,30.19495,0,0,89,2,SPB,RU,141,0,KAPITAN SOROKIN,3,345312,31,43,28,5138,39,1,2016-12-19T16:07:03.000Z,st_petersburg,2016-12-19T00:00:00.000Z,51,Tug,St. Petersburg,1
59.88226,30.19494,0,0,88,5,SPB,RU,141,0,KAPITAN SOROKIN,3,345312,31,43,28,5138,39,1,2016-12-19T16:07:04.000Z,st_petersburg,2016-12-19T00:00:00.000Z,51,Tug,St. Petersburg,1
59.88225,30.19495,0,0,89,4,SPB,RU,141,0,KAPITAN SOROKIN,3,345312,31,43,28,5138,39,1,2016-12-19T16:09:03.000Z,st_petersburg,2016-12-19T00:00:00.000Z,51,Tug,St. Petersburg,1
59.88225,30.19495,0,0,89,4,SPB,RU,141,0,KAPITAN SOROKIN,3,345312,31,43,28,5138,39,1,2016-12-19T16:09:04.000Z,st_petersburg,2016-12-19T00:00:00.000Z,51,Tug,St. Petersburg,1
59.88225,30.19495,0,0,89,4,SPB,RU,141,0,KAPITAN SOROKIN,3,345312,31,43,28,5138,39,1,2016-12-19T16:11:02.000Z,st_petersburg,2016-12-19T00:00:00.000Z,51,Tug,St. Petersburg,1
59.88228,30.19495,0,0,89,3,SPB,RU,141,0,KAPITAN SOROKIN,3,345312,31,43,28,5138,39,1,2016-12-19T16:11:12.000Z,st_petersburg,2016-12-19T00:00:00.000Z,51,Tug,St. Petersburg,1
59.88228,30.19495,0,0,89,5,SPB,RU,141,0,KAPITAN SOROKIN,3,345312,31,43,28,5138,39,1,2016-12-19T16:13:04.000Z,st_petersburg,2016-12-19T00:00:00.000Z,51,Tug,St. Petersburg,1
59.88228,30.19495,0,0,89,5,SPB,RU,141,0,KAPITAN SOROKIN,3,345312,31,43,28,5138,39,1,2016-12-19T16:13:04.000Z,st_petersburg,2016-12-19T00:00:00.000Z,51,Tug,St. Petersburg,1
59.88228,30.19496,0,0,88,3,SPB,RU,141,0,KAPITAN SOROKIN,3,345312,31,43,28,5138,39,1,2016-12-19T16:15:03.000Z,st_petersburg,2016-12-19T00:00:00.000Z,51,Tug,St. Petersburg,1
59.88228,30.19496,0,0,88,3,SPB,RU,141,0,KAPITAN SOROKIN,3,345312,31,43,28,5138,39,1,2016-12-19T16:15:04.000Z,st_petersburg,2016-12-19T00:00:00.000Z,51,Tug,St. Petersburg,1
59.88228,30.19496,0,0,88,5,SPB,RU,141,0,KAPITAN SOROKIN,3,345312,31,43,28,5138,39,1,2016-12-19T16:17:03.000Z,st_petersburg,2016-12-19T00:00:00.000Z,51,Tug,St. Petersburg,1
59.88228,30.19496,0,0,88,5,SPB,RU,141,0,KAPITAN SOROKIN,3,345312,31,43,28,5138,39,1,2016-12-19T16:17:04.000Z,st_petersburg,2016-12-19T00:00:00.000Z,51,Tug,St. Petersburg,1
59.88228,30.19496,0,0,88,7,SPB,RU,141,0,KAPITAN SOROKIN,3,345312,31,43,28,5138,39,1,2016-12-19T16:19:03.000Z,st_petersburg,2016-12-19T00:00:00.000Z,51,Tug,St. Petersburg,1
59.88228,30.19496,0,0,88,5,SPB,RU,141,0,KAPITAN SOROKIN,3,345312,31,43,28,5138,39,1,2016-12-19T16:19:03.000Z,st_petersburg,2016-12-19T00:00:00.000Z,51,Tug,St. Petersburg,1
59.88228,30.19496,0,0,88,9,SPB,RU,141,0,KAPITAN SOROKIN,3,345312,31,43,28,5138,39,1,2016-12-19T16:21:03.000Z,st_petersburg,2016-12-19T00:00:00.000Z,51,Tug,St. Petersburg,1
59.88228,30.19496,0,0,88,9,SPB,RU,141,0,KAPITAN SOROKIN,3,345312,31,43,28,5138,39,1,2016-12-19T16:21:04.000Z,st_petersburg,2016-12-19T00:00:00.000Z,51,Tug,St. Petersburg,1
59.88228,30.19497,0,0,89,3,SPB,RU,141,0,KAPITAN SOROKIN,3,345312,31,43,28,5138,39,1,2016-12-19T16:23:03.000Z,st_petersburg,2016-12-19T00:00:00.000Z,51,Tug,St. Petersburg,1
59.88228,30.19497,0,0,89,3,SPB,RU,141,0,KAPITAN SOROKIN,3,345312,31,43,28,5138,39,1,2016-12-19T16:23:04.000Z,st_petersburg,2016-12-19T00:00:00.000Z,51,Tug,St. Petersburg,1
59.88228,30.19497,0,0,89,5,SPB,RU,141,0,KAPITAN SOROKIN,3,345312,31,43,28,5138,39,1,2016-12-19T16:25:04.000Z,st_petersburg,2016-12-19T00:00:00.000Z,51,Tug,St. Petersburg,1
59.88228,30.19497,0,0,89,5,SPB,RU,141,0,KAPITAN SOROKIN,3,345312,31,43,28,5138,39,1,2016-12-19T16:25:04.000Z,st_petersburg,2016-12-19T00:00:00.000Z,51,Tug,St. Petersburg,1
59.88226,30.19494,0,0,89,3,SPB,RU,141,0,KAPITAN SOROKIN,3,345312,31,43,28,5138,39,1,2016-12-19T16:31:03.000Z,st_petersburg,2016-12-19T00:00:00.000Z,51,Tug,St. Petersburg,1
59.88226,30.19494,0,0,89,2,SPB,RU,141,0,KAPITAN SOROKIN,3,345312,31,43,28,5138,39,1,2016-12-19T16:31:04.000Z,st_petersburg,2016-12-19T00:00:00.000Z,51,Tug,St. Petersburg,1
59.88226,30.19494,0,0,89,5,SPB,RU,141,0,KAPITAN SOROKIN,3,345312,31,43,28,5138,39,1,2016-12-19T16:33:12.000Z,st_petersburg,2016-12-19T00:00:00.000Z,51,Tug,St. Petersburg,1
59.88226,30.19494,0,0,89,5,SPB,RU,141,0,KAPITAN SOROKIN,3,345312,31,43,28,5138,39,1,2016-12-19T16:33:13.000Z,st_petersburg,2016-12-19T00:00:00.000Z,51,Tug,St. Petersburg,1
59.88226,30.19494,0,0,89,7,SPB,RU,141,0,KAPITAN SOROKIN,3,345312,31,43,28,5138,39,1,2016-12-19T16:35:03.000Z,st_petersburg,2016-12-19T00:00:00.000Z,51,Tug,St. Petersburg,1
59.88226,30.19494,0,0,89,7,SPB,RU,141,0,KAPITAN SOROKIN,3,345312,31,43,28,5138,39,1,2016-12-19T16:35:04.000Z,st_petersburg,2016-12-19T00:00:00.000Z,51,Tug,St. Petersburg,1
59.88226,30.19494,0,0,89,9,SPB,RU,141,0,KAPITAN SOROKIN,3,345312,31,43,28,5138,39,1,2016-12-19T16:37:03.000Z,st_petersburg,2016-12-19T00:00:00.000Z,51,Tug,St. Petersburg,1
59.88226,30.19494,0,0,89,9,SPB,RU,141,0,KAPITAN SOROKIN,3,345312,31,43,28,5138,39,1,2016-12-19T16:37:04.000Z,st_petersburg,2016-12-19T00:00:00.000Z,51,Tug,St. Petersburg,1
59.88227,30.19495,0,0,89,3,SPB,RU,141,0,KAPITAN SOROKIN,3,345312,31,43,28,5138,39,1,2016-12-19T16:39:03.000Z,st_petersburg,2016-12-19T00:00:00.000Z,51,Tug,St. Petersburg,1
59.88227,30.19495,0,0,89,3,SPB,RU,141,0,KAPITAN SOROKIN,3,345312,31,43,28,5138,39,1,2016-12-19T16:39:04.000Z,st_petersburg,2016-12-19T00:00:00.000Z,51,Tug,St. Petersburg,1
59.88227,30.19495,0,0,89,2,SPB,RU,141,0,KAPITAN SOROKIN,3,345312,31,43,28,5138,39,1,2016-12-19T16:41:03.000Z,st_petersburg,2016-12-19T00:00:00.000Z,51,Tug,St. Petersburg,1
59.88227,30.19495,0,0,89,3,SPB,RU,141,0,KAPITAN SOROKIN,3,345312,31,43,28,5138,39,1,2016-12-19T16:41:04.000Z,st_petersburg,2016-12-19T00:00:00.000Z,51,Tug,St. Petersburg,1
59.88227,30.19495,0,0,89,4,SPB,RU,141,0,KAPITAN SOROKIN,3,345312,31,43,28,5138,39,1,2016-12-19T16:43:03.000Z,st_petersburg,2016-12-19T00:00:00.000Z,51,Tug,St. Petersburg,1
59.88227,30.19495,0,0,89,4,SPB,RU,141,0,KAPITAN SOROKIN,3,345312,31,43,28,5138,39,1,2016-12-19T16:43:04.000Z,st_petersburg,2016-12-19T00:00:00.000Z,51,Tug,St. Petersburg,1
59.88227,30.19495,0,0,89,6,SPB,RU,141,0,KAPITAN SOROKIN,3,345312,31,43,28,5138,39,1,2016-12-19T16:45:03.000Z,st_petersburg,2016-12-19T00:00:00.000Z,51,Tug,St. Petersburg,1
59.88227,30.19495,0,0,89,5,SPB,RU,141,0,KAPITAN SOROKIN,3,345312,31,43,28,5138,39,1,2016-12-19T16:45:04.000Z,st_petersburg,2016-12-19T00:00:00.000Z,51,Tug,St. Petersburg,1
59.88227,30.19495,0,0,89,8,SPB,RU,141,0,KAPITAN SOROKIN,3,345312,31,43,28,5138,39,1,2016-12-19T16:47:04.000Z,st_petersburg,2016-12-19T00:00:00.000Z,51,Tug,St. Petersburg,1
59.88227,30.19495,0,0,89,8,SPB,RU,141,0,KAPITAN SOROKIN,3,345312,31,43,28,5138,39,1,2016-12-19T16:47:04.000Z,st_petersburg,2016-12-19T00:00:00.000Z,51,Tug,St. Petersburg,1
59.88225,30.19496,0,0,89,2,SPB,RU,141,0,KAPITAN SOROKIN,3,345312,31,43,28,5138,39,1,2016-12-19T16:49:03.000Z,st_petersburg,2016-12-19T00:00:00.000Z,51,Tug,St. Petersburg,1
59.88225,30.19496,0,0,89,2,SPB,RU,141,0,KAPITAN SOROKIN,3,345312,31,43,28,5138,39,1,2016-12-19T16:49:04.000Z,st_petersburg,2016-12-19T00:00:00.000Z,51,Tug,St. Petersburg,1
59.88225,30.19496,0,0,89,4,SPB,RU,141,0,KAPITAN SOROKIN,3,345312,31,43,28,5138,39,1,2016-12-19T16:51:03.000Z,st_petersburg,2016-12-19T00:00:00.000Z,51,Tug,St. Petersburg,1
59.88225,30.19496,0,0,89,3,SPB,RU,141,0,KAPITAN SOROKIN,3,345312,31,43,28,5138,39,1,2016-12-19T16:51:04.000Z,st_petersburg,2016-12-19T00:00:00.000Z,51,Tug,St. Petersburg,1
59.88229,30.19491,0,0,89,3,SPB,RU,141,0,KAPITAN SOROKIN,3,345312,31,43,28,5138,39,1,2016-12-19T16:53:03.000Z,st_petersburg,2016-12-19T00:00:00.000Z,51,Tug,St. Petersburg,1
59.88229,30.19491,0,0,89,3,SPB,RU,141,0,KAPITAN SOROKIN,3,345312,31,43,28,5138,39,1,2016-12-19T16:53:04.000Z,st_petersburg,2016-12-19T00:00:00.000Z,51,Tug,St. Petersburg,1
59.88229,30.19495,0,0,89,2,SPB,RU,141,0,KAPITAN SOROKIN,3,345312,31,43,28,5138,39,1,2016-12-19T16:55:03.000Z,st_petersburg,2016-12-19T00:00:00.000Z,51,Tug,St. Petersburg,1
59.88229,30.19491,0,0,89,3,SPB,RU,141,0,KAPITAN SOROKIN,3,345312,31,43,28,5138,39,1,2016-12-19T16:55:04.000Z,st_petersburg,2016-12-19T00:00:00.000Z,51,Tug,St. Petersburg,1
59.88229,30.19495,0,0,89,4,SPB,RU,141,0,KAPITAN SOROKIN,3,345312,31,43,28,5138,39,1,2016-12-19T16:57:03.000Z,st_petersburg,2016-12-19T00:00:00.000Z,51,Tug,St. Petersburg,1
59.88229,30.19495,0,0,89,4,SPB,RU,141,0,KAPITAN SOROKIN,3,345312,31,43,28,5138,39,1,2016-12-19T16:57:04.000Z,st_petersburg,2016-12-19T00:00:00.000Z,51,Tug,St. Petersburg,1
59.88226,30.19493,0,0,89,3,SPB,RU,141,0,KAPITAN SOROKIN,3,345312,31,43,28,5138,39,1,2016-12-19T16:59:03.000Z,st_petersburg,2016-12-19T00:00:00.000Z,51,Tug,St. Petersburg,1
59.88229,30.19495,0,0,89,4,SPB,RU,141,0,KAPITAN SOROKIN,3,345312,31,43,28,5138,39,1,2016-12-19T16:59:04.000Z,st_petersburg,2016-12-19T00:00:00.000Z,51,Tug,St. Petersburg,1
59.88225,30.19493,1,0,88,2,SPB,RU,141,0,KAPITAN SOROKIN,3,345312,31,43,28,5138,39,1,2016-12-19T17:01:03.000Z,st_petersburg,2016-12-19T00:00:00.000Z,51,Tug,St. Petersburg,1
59.88226,30.19493,0,0,89,3,SPB,RU,141,0,KAPITAN SOROKIN,3,345312,31,43,28,5138,39,1,2016-12-19T17:01:04.000Z,st_petersburg,2016-12-19T00:00:00.000Z,51,Tug,St. Petersburg,1
59.88225,30.19493,1,0,88,4,SPB,RU,141,0,KAPITAN SOROKIN,3,345312,31,43,28,5138,39,1,2016-12-19T17:03:05.000Z,st_petersburg,2016-12-19T00:00:00.000Z,51,Tug,St. Petersburg,1
59.88225,30.19493,1,0,88,2,SPB,RU,141,0,KAPITAN SOROKIN,3,345312,31,43,28,5138,39,1,2016-12-19T17:03:06.000Z,st_petersburg,2016-12-19T00:00:00.000Z,51,Tug,St. Petersburg,1
59.88223,30.19495,0,0,88,2,SPB,RU,141,0,KAPITAN SOROKIN,3,345312,31,43,28,5138,39,1,2016-12-19T17:05:04.000Z,st_petersburg,2016-12-19T00:00:00.000Z,51,Tug,St. Petersburg,1
59.88223,30.19495,0,0,88,2,SPB,RU,141,0,KAPITAN SOROKIN,3,345312,31,43,28,5138,39,1,2016-12-19T17:05:04.000Z,st_petersburg,2016-12-19T00:00:00.000Z,51,Tug,St. Petersburg,1
59.88223,30.19495,0,0,88,4,SPB,RU,141,0,KAPITAN SOROKIN,3,345312,31,43,28,5138,39,1,2016-12-19T17:07:03.000Z,st_petersburg,2016-12-19T00:00:00.000Z,51,Tug,St. Petersburg,1
59.88223,30.19495,0,0,88,2,SPB,RU,141,0,KAPITAN SOROKIN,3,345312,31,43,28,5138,39,1,2016-12-19T17:07:04.000Z,st_petersburg,2016-12-19T00:00:00.000Z,51,Tug,St. Petersburg,1
59.88225,30.19495,0,0,88,3,SPB,RU,141,0,KAPITAN SOROKIN,3,345312,31,43,28,5138,39,1,2016-12-19T17:09:03.000Z,st_petersburg,2016-12-19T00:00:00.000Z,51,Tug,St. Petersburg,1
59.88225,30.19495,0,0,88,3,SPB,RU,141,0,KAPITAN SOROKIN,3,345312,31,43,28,5138,39,1,2016-12-19T17:09:04.000Z,st_petersburg,2016-12-19T00:00:00.000Z,51,Tug,St. Petersburg,1
59.88224,30.19495,0,0,88,2,SPB,RU,141,0,KAPITAN SOROKIN,3,345312,31,43,28,5138,39,1,2016-12-19T17:11:03.000Z,st_petersburg,2016-12-19T00:00:00.000Z,51,Tug,St. Petersburg,1
59.88224,30.19495,0,0,88,2,SPB,RU,141,0,KAPITAN SOROKIN,3,345312,31,43,28,5138,39,1,2016-12-19T17:11:05.000Z,st_petersburg,2016-12-19T00:00:00.000Z,51,Tug,St. Petersburg,1
59.88224,30.19495,0,0,88,4,SPB,RU,141,0,KAPITAN SOROKIN,3,345312,31,43,28,5138,39,1,2016-12-19T17:13:03.000Z,st_petersburg,2016-12-19T00:00:00.000Z,51,Tug,St. Petersburg,1
59.88224,30.19495,0,0,88,4,SPB,RU,141,0,KAPITAN SOROKIN,3,345312,31,43,28,5138,39,1,2016-12-19T17:13:04.000Z,st_petersburg,2016-12-19T00:00:00.000Z,51,Tug,St. Petersburg,1
59.88224,30.19494,0,0,88,3,SPB,RU,141,0,KAPITAN SOROKIN,3,345312,31,43,28,5138,39,1,2016-12-19T17:15:03.000Z,st_petersburg,2016-12-19T00:00:00.000Z,51,Tug,St. Petersburg,1
59.88224,30.19494,0,0,88,2,SPB,RU,141,0,KAPITAN SOROKIN,3,345312,31,43,28,5138,39,1,2016-12-19T17:15:04.000Z,st_petersburg,2016-12-19T00:00:00.000Z,51,Tug,St. Petersburg,1
59.88224,30.19494,0,0,88,5,SPB,RU,141,0,KAPITAN SOROKIN,3,345312,31,43,28,5138,39,1,2016-12-19T17:17:03.000Z,st_petersburg,2016-12-19T00:00:00.000Z,51,Tug,St. Petersburg,1
59.88224,30.19494,0,0,88,5,SPB,RU,141,0,KAPITAN SOROKIN,3,345312,31,43,28,5138,39,1,2016-12-19T17:17:04.000Z,st_petersburg,2016-12-19T00:00:00.000Z,51,Tug,St. Petersburg,1
59.88228,30.19494,0,0,88,3,SPB,RU,141,0,KAPITAN SOROKIN,3,345312,31,43,28,5138,39,1,2016-12-19T17:19:03.000Z,st_petersburg,2016-12-19T00:00:00.000Z,51,Tug,St. Petersburg,1
59.88224,30.19494,0,0,88,5,SPB,RU,141,0,KAPITAN SOROKIN,3,345312,31,43,28,5138,39,1,2016-12-19T17:19:04.000Z,st_petersburg,2016-12-19T00:00:00.000Z,51,Tug,St. Petersburg,1
59.88228,30.19493,0,0,88,2,SPB,RU,141,0,KAPITAN SOROKIN,3,345312,31,43,28,5138,39,1,2016-12-19T17:21:03.000Z,st_petersburg,2016-12-19T00:00:00.000Z,51,Tug,St. Petersburg,1
59.88228,30.19494,0,0,88,4,SPB,RU,141,0,KAPITAN SOROKIN,3,345312,31,43,28,5138,39,1,2016-12-19T17:21:12.000Z,st_petersburg,2016-12-19T00:00:00.000Z,51,Tug,St. Petersburg,1
59.88228,30.19493,0,0,88,4,SPB,RU,141,0,KAPITAN SOROKIN,3,345312,31,43,28,5138,39,1,2016-12-19T17:23:03.000Z,st_petersburg,2016-12-19T00:00:00.000Z,51,Tug,St. Petersburg,1
59.88228,30.19493,0,0,88,4,SPB,RU,141,0,KAPITAN SOROKIN,3,345312,31,43,28,5138,39,1,2016-12-19T17:23:12.000Z,st_petersburg,2016-12-19T00:00:00.000Z,51,Tug,St. Petersburg,1
59.88227,30.19495,0,0,88,3,SPB,RU,141,0,KAPITAN SOROKIN,3,345312,31,43,28,5138,39,1,2016-12-19T17:25:03.000Z,st_petersburg,2016-12-19T00:00:00.000Z,51,Tug,St. Petersburg,1
59.88227,30.19495,0,0,88,2,SPB,RU,141,0,KAPITAN SOROKIN,3,345312,31,43,28,5138,39,1,2016-12-19T17:25:04.000Z,st_petersburg,2016-12-19T00:00:00.000Z,51,Tug,St. Petersburg,1
59.88227,30.19495,0,0,88,5,SPB,RU,141,0,KAPITAN SOROKIN,3,345312,31,43,28,5138,39,1,2016-12-19T17:27:03.000Z,st_petersburg,2016-12-19T00:00:00.000Z,51,Tug,St. Petersburg,1
59.88227,30.19495,0,0,88,3,SPB,RU,141,0,KAPITAN SOROKIN,3,345312,31,43,28,5138,39,1,2016-12-19T17:27:04.000Z,st_petersburg,2016-12-19T00:00:00.000Z,51,Tug,St. Petersburg,1
59.88228,30.19498,0,0,88,3,SPB,RU,141,0,KAPITAN SOROKIN,3,345312,31,43,28,5138,39,1,2016-12-19T17:29:03.000Z,st_petersburg,2016-12-19T00:00:00.000Z,51,Tug,St. Petersburg,1
59.88228,30.19498,0,0,88,3,SPB,RU,141,0,KAPITAN SOROKIN,3,345312,31,43,28,5138,39,1,2016-12-19T17:29:04.000Z,st_petersburg,2016-12-19T00:00:00.000Z,51,Tug,St. Petersburg,1
59.88228,30.19498,0,0,88,5,SPB,RU,141,0,KAPITAN SOROKIN,3,345312,31,43,28,5138,39,1,2016-12-19T17:31:03.000Z,st_petersburg,2016-12-19T00:00:00.000Z,51,Tug,St. Petersburg,1
59.88228,30.19498,0,0,88,5,SPB,RU,141,0,KAPITAN SOROKIN,3,345312,31,43,28,5138,39,1,2016-12-19T17:31:04.000Z,st_petersburg,2016-12-19T00:00:00.000Z,51,Tug,St. Petersburg,1
59.88228,30.19498,0,0,88,7,SPB,RU,141,0,KAPITAN SOROKIN,3,345312,31,43,28,5138,39,1,2016-12-19T17:33:04.000Z,st_petersburg,2016-12-19T00:00:00.000Z,51,Tug,St. Petersburg,1
59.88228,30.19498,0,0,88,7,SPB,RU,141,0,KAPITAN SOROKIN,3,345312,31,43,28,5138,39,1,2016-12-19T17:33:04.000Z,st_petersburg,2016-12-19T00:00:00.000Z,51,Tug,St. Petersburg,1
59.88228,30.19498,0,0,88,9,SPB,RU,141,0,KAPITAN SOROKIN,3,345312,31,43,28,5138,39,1,2016-12-19T17:35:03.000Z,st_petersburg,2016-12-19T00:00:00.000Z,51,Tug,St. Petersburg,1
59.88228,30.19498,0,0,88,9,SPB,RU,141,0,KAPITAN SOROKIN,3,345312,31,43,28,5138,39,1,2016-12-19T17:35:04.000Z,st_petersburg,2016-12-19T00:00:00.000Z,51,Tug,St. Petersburg,1
59.88228,30.19495,0,0,88,3,SPB,RU,141,0,KAPITAN SOROKIN,3,345312,31,43,28,5138,39,1,2016-12-19T17:37:03.000Z,st_petersburg,2016-12-19T00:00:00.000Z,51,Tug,St. Petersburg,1
59.88228,30.19498,0,0,88,9,SPB,RU,141,0,KAPITAN SOROKIN,3,345312,31,43,28,5138,39,1,2016-12-19T17:37:04.000Z,st_petersburg,2016-12-19T00:00:00.000Z,51,Tug,St. Petersburg,1
59.88226,30.19495,0,0,88,2,SPB,RU,141,0,KAPITAN SOROKIN,3,345312,31,43,28,5138,39,1,2016-12-19T17:39:03.000Z,st_petersburg,2016-12-19T00:00:00.000Z,51,Tug,St. Petersburg,1
59.88226,30.19495,0,0,88,2,SPB,RU,141,0,KAPITAN SOROKIN,3,345312,31,43,28,5138,39,1,2016-12-19T17:39:04.000Z,st_petersburg,2016-12-19T00:00:00.000Z,51,Tug,St. Petersburg,1
59.88226,30.19495,0,0,88,4,SPB,RU,141,0,KAPITAN SOROKIN,3,345312,31,43,28,5138,39,1,2016-12-19T17:41:03.000Z,st_petersburg,2016-12-19T00:00:00.000Z,51,Tug,St. Petersburg,1
59.88226,30.19495,0,0,88,2,SPB,RU,141,0,KAPITAN SOROKIN,3,345312,31,43,28,5138,39,1,2016-12-19T17:41:04.000Z,st_petersburg,2016-12-19T00:00:00.000Z,51,Tug,St. Petersburg,1
59.88228,30.19495,0,0,88,2,SPB,RU,141,0,KAPITAN SOROKIN,3,345312,31,43,28,5138,39,1,2016-12-19T17:43:03.000Z,st_petersburg,2016-12-19T00:00:00.000Z,51,Tug,St. Petersburg,1
59.88228,30.19495,0,0,88,1,SPB,RU,141,0,KAPITAN SOROKIN,3,345312,31,43,28,5138,39,1,2016-12-19T17:43:04.000Z,st_petersburg,2016-12-19T00:00:00.000Z,51,Tug,St. Petersburg,1
59.88228,30.19495,0,0,88,4,SPB,RU,141,0,KAPITAN SOROKIN,3,345312,31,43,28,5138,39,1,2016-12-19T17:45:03.000Z,st_petersburg,2016-12-19T00:00:00.000Z,51,Tug,St. Petersburg,1
59.88228,30.19495,0,0,88,4,SPB,RU,141,0,KAPITAN SOROKIN,3,345312,31,43,28,5138,39,1,2016-12-19T17:45:04.000Z,st_petersburg,2016-12-19T00:00:00.000Z,51,Tug,St. Petersburg,1
59.88228,30.19495,0,0,88,6,SPB,RU,141,0,KAPITAN SOROKIN,3,345312,31,43,28,5138,39,1,2016-12-19T17:47:12.000Z,st_petersburg,2016-12-19T00:00:00.000Z,51,Tug,St. Petersburg,1
59.88228,30.19495,0,0,88,6,SPB,RU,141,0,KAPITAN SOROKIN,3,345312,31,43,28,5138,39,1,2016-12-19T17:47:13.000Z,st_petersburg,2016-12-19T00:00:00.000Z,51,Tug,St. Petersburg,1
59.88228,30.19495,0,0,88,8,SPB,RU,141,0,KAPITAN SOROKIN,3,345312,31,43,28,5138,39,1,2016-12-19T17:49:03.000Z,st_petersburg,2016-12-19T00:00:00.000Z,51,Tug,St. Petersburg,1
59.88228,30.19495,0,0,88,6,SPB,RU,141,0,KAPITAN SOROKIN,3,345312,31,43,28,5138,39,1,2016-12-19T17:49:04.000Z,st_petersburg,2016-12-19T00:00:00.000Z,51,Tug,St. Petersburg,1
59.88228,30.19495,0,0,88,8,SPB,RU,141,0,KAPITAN SOROKIN,3,345312,31,43,28,5138,39,1,2016-12-19T17:51:03.000Z,st_petersburg,2016-12-19T00:00:00.000Z,51,Tug,St. Petersburg,1
59.88228,30.19497,0,0,88,2,SPB,RU,141,0,KAPITAN SOROKIN,3,345312,31,43,28,5138,39,1,2016-12-19T17:51:03.000Z,st_petersburg,2016-12-19T00:00:00.000Z,51,Tug,St. Petersburg,1
59.88228,30.19497,0,0,88,4,SPB,RU,141,0,KAPITAN SOROKIN,3,345312,31,43,28,5138,39,1,2016-12-19T17:53:03.000Z,st_petersburg,2016-12-19T00:00:00.000Z,51,Tug,St. Petersburg,1
59.88228,30.19497,0,0,88,3,SPB,RU,141,0,KAPITAN SOROKIN,3,345312,31,43,28,5138,39,1,2016-12-19T17:53:04.000Z,st_petersburg,2016-12-19T00:00:00.000Z,51,Tug,St. Petersburg,1
59.88228,30.19495,0,0,88,3,SPB,RU,141,0,KAPITAN SOROKIN,3,345312,31,43,28,5138,39,1,2016-12-19T17:55:04.000Z,st_petersburg,2016-12-19T00:00:00.000Z,51,Tug,St. Petersburg,1
59.88228,30.19495,0,0,88,3,SPB,RU,141,0,KAPITAN SOROKIN,3,345312,31,43,28,5138,39,1,2016-12-19T17:55:04.000Z,st_petersburg,2016-12-19T00:00:00.000Z,51,Tug,St. Petersburg,1
59.88226,30.19493,1,0,88,2,SPB,RU,141,0,KAPITAN SOROKIN,3,345312,31,43,28,5138,39,1,2016-12-19T17:57:10.000Z,st_petersburg,2016-12-19T00:00:00.000Z,51,Tug,St. Petersburg,1
59.88226,30.19493,1,0,88,2,SPB,RU,141,0,KAPITAN SOROKIN,3,345312,31,43,28,5138,39,1,2016-12-19T17:57:11.000Z,st_petersburg,2016-12-19T00:00:00.000Z,51,Tug,St. Petersburg,1
59.88226,30.19493,1,0,88,4,SPB,RU,141,0,KAPITAN SOROKIN,3,345312,31,43,28,5138,39,1,2016-12-19T17:59:03.000Z,st_petersburg,2016-12-19T00:00:00.000Z,51,Tug,St. Petersburg,1
59.88226,30.19493,1,0,88,2,SPB,RU,141,0,KAPITAN SOROKIN,3,345312,31,43,28,5138,39,1,2016-12-19T17:59:04.000Z,st_petersburg,2016-12-19T00:00:00.000Z,51,Tug,St. Petersburg,1
59.88225,30.19495,0,0,88,3,SPB,RU,141,0,KAPITAN SOROKIN,3,345312,31,43,28,5138,39,1,2016-12-19T18:01:13.000Z,st_petersburg,2016-12-19T00:00:00.000Z,51,Tug,St. Petersburg,1
59.88225,30.19495,0,0,88,3,SPB,RU,141,0,KAPITAN SOROKIN,3,345312,31,43,28,5138,39,1,2016-12-19T18:01:15.000Z,st_petersburg,2016-12-19T00:00:00.000Z,51,Tug,St. Petersburg,1
59.88225,30.19495,0,0,88,5,SPB,RU,141,0,KAPITAN SOROKIN,3,345312,31,43,28,5138,39,1,2016-12-19T18:03:03.000Z,st_petersburg,2016-12-19T00:00:00.000Z,51,Tug,St. Petersburg,1
59.88225,30.19495,0,0,88,3,SPB,RU,141,0,KAPITAN SOROKIN,3,345312,31,43,28,5138,39,1,2016-12-19T18:03:04.000Z,st_petersburg,2016-12-19T00:00:00.000Z,51,Tug,St. Petersburg,1
59.88225,30.19495,0,0,88,7,SPB,RU,141,0,KAPITAN SOROKIN,3,345312,31,43,28,5138,39,1,2016-12-19T18:05:03.000Z,st_petersburg,2016-12-19T00:00:00.000Z,51,Tug,St. Petersburg,1
59.88225,30.19495,0,0,88,7,SPB,RU,141,0,KAPITAN SOROKIN,3,345312,31,43,28,5138,39,1,2016-12-19T18:05:04.000Z,st_petersburg,2016-12-19T00:00:00.000Z,51,Tug,St. Petersburg,1
59.88225,30.19495,0,0,88,9,SPB,RU,141,0,KAPITAN SOROKIN,3,345312,31,43,28,5138,39,1,2016-12-19T18:07:03.000Z,st_petersburg,2016-12-19T00:00:00.000Z,51,Tug,St. Petersburg,1
59.88225,30.19495,0,0,88,9,SPB,RU,141,0,KAPITAN SOROKIN,3,345312,31,43,28,5138,39,1,2016-12-19T18:07:04.000Z,st_petersburg,2016-12-19T00:00:00.000Z,51,Tug,St. Petersburg,1
59.88227,30.19495,0,0,88,3,SPB,RU,141,0,KAPITAN SOROKIN,3,345312,31,43,28,5138,39,1,2016-12-19T18:09:03.000Z,st_petersburg,2016-12-19T00:00:00.000Z,51,Tug,St. Petersburg,1
59.88227,30.19495,0,0,88,3,SPB,RU,141,0,KAPITAN SOROKIN,3,345312,31,43,28,5138,39,1,2016-12-19T18:09:04.000Z,st_petersburg,2016-12-19T00:00:00.000Z,51,Tug,St. Petersburg,1
59.88223,30.19497,0,0,88,2,SPB,RU,141,0,KAPITAN SOROKIN,3,345312,31,43,28,5138,39,1,2016-12-19T18:11:03.000Z,st_petersburg,2016-12-19T00:00:00.000Z,51,Tug,St. Petersburg,1
59.88223,30.19497,0,0,88,2,SPB,RU,141,0,KAPITAN SOROKIN,3,345312,31,43,28,5138,39,1,2016-12-19T18:11:05.000Z,st_petersburg,2016-12-19T00:00:00.000Z,51,Tug,St. Petersburg,1
59.88223,30.19497,0,0,88,4,SPB,RU,141,0,KAPITAN SOROKIN,3,345312,31,43,28,5138,39,1,2016-12-19T18:13:03.000Z,st_petersburg,2016-12-19T00:00:00.000Z,51,Tug,St. Petersburg,1
59.88223,30.19497,0,0,88,4,SPB,RU,141,0,KAPITAN SOROKIN,3,345312,31,43,28,5138,39,1,2016-12-19T18:13:04.000Z,st_petersburg,2016-12-19T00:00:00.000Z,51,Tug,St. Petersburg,1
59.88227,30.19492,0,0,88,3,SPB,RU,141,0,KAPITAN SOROKIN,3,345312,31,43,28,5138,39,1,2016-12-19T18:15:03.000Z,st_petersburg,2016-12-19T00:00:00.000Z,51,Tug,St. Petersburg,1
59.88227,30.19492,0,0,88,2,SPB,RU,141,0,KAPITAN SOROKIN,3,345312,31,43,28,5138,39,1,2016-12-19T18:15:04.000Z,st_petersburg,2016-12-19T00:00:00.000Z,51,Tug,St. Petersburg,1
59.88227,30.19492,0,0,88,5,SPB,RU,141,0,KAPITAN SOROKIN,3,345312,31,43,28,5138,39,1,2016-12-19T18:17:11.000Z,st_petersburg,2016-12-19T00:00:00.000Z,51,Tug,St. Petersburg,1
59.88227,30.19492,0,0,88,5,SPB,RU,141,0,KAPITAN SOROKIN,3,345312,31,43,28,5138,39,1,2016-12-19T18:17:12.000Z,st_petersburg,2016-12-19T00:00:00.000Z,51,Tug,St. Petersburg,1
59.88227,30.19492,0,0,88,7,SPB,RU,141,0,KAPITAN SOROKIN,3,345312,31,43,28,5138,39,1,2016-12-19T18:19:03.000Z,st_petersburg,2016-12-19T00:00:00.000Z,51,Tug,St. Petersburg,1
59.88227,30.19492,0,0,88,6,SPB,RU,141,0,KAPITAN SOROKIN,3,345312,31,43,28,5138,39,1,2016-12-19T18:19:04.000Z,st_petersburg,2016-12-19T00:00:00.000Z,51,Tug,St. Petersburg,1
59.88227,30.19492,0,0,88,9,SPB,RU,141,0,KAPITAN SOROKIN,3,345312,31,43,28,5138,39,1,2016-12-19T18:21:03.000Z,st_petersburg,2016-12-19T00:00:00.000Z,51,Tug,St. Petersburg,1
59.88227,30.19492,0,0,88,9,SPB,RU,141,0,KAPITAN SOROKIN,3,345312,31,43,28,5138,39,1,2016-12-19T18:21:05.000Z,st_petersburg,2016-12-19T00:00:00.000Z,51,Tug,St. Petersburg,1
59.88227,30.19492,0,0,88,3,SPB,RU,141,0,KAPITAN SOROKIN,3,345312,31,43,28,5138,39,1,2016-12-19T18:23:03.000Z,st_petersburg,2016-12-19T00:00:00.000Z,51,Tug,St. Petersburg,1
59.88227,30.19492,0,0,88,3,SPB,RU,141,0,KAPITAN SOROKIN,3,345312,31,43,28,5138,39,1,2016-12-19T18:23:04.000Z,st_petersburg,2016-12-19T00:00:00.000Z,51,Tug,St. Petersburg,1
59.88226,30.19497,0,0,88,2,SPB,RU,141,0,KAPITAN SOROKIN,3,345312,31,43,28,5138,39,1,2016-12-19T18:25:03.000Z,st_petersburg,2016-12-19T00:00:00.000Z,51,Tug,St. Petersburg,1
59.88226,30.19497,0,0,88,2,SPB,RU,141,0,KAPITAN SOROKIN,3,345312,31,43,28,5138,39,1,2016-12-19T18:25:13.000Z,st_petersburg,2016-12-19T00:00:00.000Z,51,Tug,St. Petersburg,1
59.88226,30.19497,0,0,88,4,SPB,RU,141,0,KAPITAN SOROKIN,3,345312,31,43,28,5138,39,1,2016-12-19T18:27:12.000Z,st_petersburg,2016-12-19T00:00:00.000Z,51,Tug,St. Petersburg,1
59.88226,30.19497,0,0,88,4,SPB,RU,141,0,KAPITAN SOROKIN,3,345312,31,43,28,5138,39,1,2016-12-19T18:27:13.000Z,st_petersburg,2016-12-19T00:00:00.000Z,51,Tug,St. Petersburg,1
59.88228,30.19495,0,0,88,3,SPB,RU,141,0,KAPITAN SOROKIN,3,345312,31,43,28,5138,39,1,2016-12-19T18:29:04.000Z,st_petersburg,2016-12-19T00:00:00.000Z,51,Tug,St. Petersburg,1
59.88228,30.19495,0,0,88,3,SPB,RU,141,0,KAPITAN SOROKIN,3,345312,31,43,28,5138,39,1,2016-12-19T18:29:04.000Z,st_petersburg,2016-12-19T00:00:00.000Z,51,Tug,St. Petersburg,1
59.88228,30.19495,0,0,88,4,SPB,RU,141,0,KAPITAN SOROKIN,3,345312,31,43,28,5138,39,1,2016-12-19T18:31:03.000Z,st_petersburg,2016-12-19T00:00:00.000Z,51,Tug,St. Petersburg,1
59.88228,30.19495,0,0,88,5,SPB,RU,141,0,KAPITAN SOROKIN,3,345312,31,43,28,5138,39,1,2016-12-19T18:31:04.000Z,st_petersburg,2016-12-19T00:00:00.000Z,51,Tug,St. Petersburg,1
59.88226,30.19495,0,0,88,3,SPB,RU,141,0,KAPITAN SOROKIN,3,345312,31,43,28,5138,39,1,2016-12-19T18:33:03.000Z,st_petersburg,2016-12-19T00:00:00.000Z,51,Tug,St. Petersburg,1
59.88226,30.19495,0,0,88,3,SPB,RU,141,0,KAPITAN SOROKIN,3,345312,31,43,28,5138,39,1,2016-12-19T18:33:04.000Z,st_petersburg,2016-12-19T00:00:00.000Z,51,Tug,St. Petersburg,1
59.88228,30.19493,0,0,88,2,SPB,RU,141,0,KAPITAN SOROKIN,3,345312,31,43,28,5138,39,1,2016-12-19T18:35:04.000Z,st_petersburg,2016-12-19T00:00:00.000Z,51,Tug,St. Petersburg,1
59.88228,30.19493,0,0,88,2,SPB,RU,141,0,KAPITAN SOROKIN,3,345312,31,43,28,5138,39,1,2016-12-19T18:35:04.000Z,st_petersburg,2016-12-19T00:00:00.000Z,51,Tug,St. Petersburg,1
59.88228,30.19493,0,0,88,4,SPB,RU,141,0,KAPITAN SOROKIN,3,345312,31,43,28,5138,39,1,2016-12-19T18:37:03.000Z,st_petersburg,2016-12-19T00:00:00.000Z,51,Tug,St. Petersburg,1
59.88228,30.19493,0,0,88,4,SPB,RU,141,0,KAPITAN SOROKIN,3,345312,31,43,28,5138,39,1,2016-12-19T18:37:04.000Z,st_petersburg,2016-12-19T00:00:00.000Z,51,Tug,St. Petersburg,1
59.88225,30.19497,0,0,88,3,SPB,RU,141,0,KAPITAN SOROKIN,3,345312,31,43,28,5138,39,1,2016-12-19T18:39:03.000Z,st_petersburg,2016-12-19T00:00:00.000Z,51,Tug,St. Petersburg,1
59.88225,30.19497,0,0,88,2,SPB,RU,141,0,KAPITAN SOROKIN,3,345312,31,43,28,5138,39,1,2016-12-19T18:39:03.000Z,st_petersburg,2016-12-19T00:00:00.000Z,51,Tug,St. Petersburg,1
59.88225,30.19493,0,0,88,2,SPB,RU,141,0,KAPITAN SOROKIN,3,345312,31,43,28,5138,39,1,2016-12-19T18:41:03.000Z,st_petersburg,2016-12-19T00:00:00.000Z,51,Tug,St. Petersburg,1
59.88225,30.19493,0,0,88,2,SPB,RU,141,0,KAPITAN SOROKIN,3,345312,31,43,28,5138,39,1,2016-12-19T18:41:04.000Z,st_petersburg,2016-12-19T00:00:00.000Z,51,Tug,St. Petersburg,1
59.88225,30.19493,0,0,88,4,SPB,RU,141,0,KAPITAN SOROKIN,3,345312,31,43,28,5138,39,1,2016-12-19T18:43:03.000Z,st_petersburg,2016-12-19T00:00:00.000Z,51,Tug,St. Petersburg,1
59.88225,30.19493,0,0,88,3,SPB,RU,141,0,KAPITAN SOROKIN,3,345312,31,43,28,5138,39,1,2016-12-19T18:43:04.000Z,st_petersburg,2016-12-19T00:00:00.000Z,51,Tug,St. Petersburg,1
59.88225,30.19493,0,0,88,3,SPB,RU,141,0,KAPITAN SOROKIN,3,345312,31,43,28,5138,39,1,2016-12-19T18:45:03.000Z,st_petersburg,2016-12-19T00:00:00.000Z,51,Tug,St. Petersburg,1
59.88225,30.19493,0,0,88,3,SPB,RU,141,0,KAPITAN SOROKIN,3,345312,31,43,28,5138,39,1,2016-12-19T18:45:04.000Z,st_petersburg,2016-12-19T00:00:00.000Z,51,Tug,St. Petersburg,1
59.88227,30.19494,0,0,88,2,SPB,RU,141,0,KAPITAN SOROKIN,3,345312,31,43,28,5138,39,1,2016-12-19T18:47:03.000Z,st_petersburg,2016-12-19T00:00:00.000Z,51,Tug,St. Petersburg,1
59.88225,30.19493,0,0,88,3,SPB,RU,141,0,KAPITAN SOROKIN,3,345312,31,43,28,5138,39,1,2016-12-19T18:47:04.000Z,st_petersburg,2016-12-19T00:00:00.000Z,51,Tug,St. Petersburg,1
59.88227,30.19494,0,0,88,4,SPB,RU,141,0,KAPITAN SOROKIN,3,345312,31,43,28,5138,39,1,2016-12-19T18:49:03.000Z,st_petersburg,2016-12-19T00:00:00.000Z,51,Tug,St. Petersburg,1
59.88227,30.19494,0,0,88,4,SPB,RU,141,0,KAPITAN SOROKIN,3,345312,31,43,28,5138,39,1,2016-12-19T18:49:04.000Z,st_petersburg,2016-12-19T00:00:00.000Z,51,Tug,St. Petersburg,1
59.88227,30.19494,0,0,88,6,SPB,RU,141,0,KAPITAN SOROKIN,3,345312,31,43,28,5138,39,1,2016-12-19T18:51:03.000Z,st_petersburg,2016-12-19T00:00:00.000Z,51,Tug,St. Petersburg,1
59.88227,30.19494,0,0,88,6,SPB,RU,141,0,KAPITAN SOROKIN,3,345312,31,43,28,5138,39,1,2016-12-19T18:51:04.000Z,st_petersburg,2016-12-19T00:00:00.000Z,51,Tug,St. Petersburg,1
59.88227,30.19494,0,0,88,8,SPB,RU,141,0,KAPITAN SOROKIN,3,345312,31,43,28,5138,39,1,2016-12-19T18:53:03.000Z,st_petersburg,2016-12-19T00:00:00.000Z,51,Tug,St. Petersburg,1
59.88227,30.19494,0,0,88,6,SPB,RU,141,0,KAPITAN SOROKIN,3,345312,31,43,28,5138,39,1,2016-12-19T18:53:03.000Z,st_petersburg,2016-12-19T00:00:00.000Z,51,Tug,St. Petersburg,1
59.88228,30.19492,0,0,88,2,SPB,RU,141,0,KAPITAN SOROKIN,3,345312,31,43,28,5138,39,1,2016-12-19T18:55:03.000Z,st_petersburg,2016-12-19T00:00:00.000Z,51,Tug,St. Petersburg,1
59.88228,30.19492,0,0,88,2,SPB,RU,141,0,KAPITAN SOROKIN,3,345312,31,43,28,5138,39,1,2016-12-19T18:55:04.000Z,st_petersburg,2016-12-19T00:00:00.000Z,51,Tug,St. Petersburg,1
59.88228,30.19492,0,0,88,4,SPB,RU,141,0,KAPITAN SOROKIN,3,345312,31,43,28,5138,39,1,2016-12-19T18:57:03.000Z,st_petersburg,2016-12-19T00:00:00.000Z,51,Tug,St. Petersburg,1
59.88228,30.19492,0,0,88,2,SPB,RU,141,0,KAPITAN SOROKIN,3,345312,31,43,28,5138,39,1,2016-12-19T18:57:04.000Z,st_petersburg,2016-12-19T00:00:00.000Z,51,Tug,St. Petersburg,1
59.88228,30.19492,0,0,88,6,SPB,RU,141,0,KAPITAN SOROKIN,3,345312,31,43,28,5138,39,1,2016-12-19T18:59:03.000Z,st_petersburg,2016-12-19T00:00:00.000Z,51,Tug,St. Petersburg,1
59.88228,30.19492,0,0,88,6,SPB,RU,141,0,KAPITAN SOROKIN,3,345312,31,43,28,5138,39,1,2016-12-19T18:59:04.000Z,st_petersburg,2016-12-19T00:00:00.000Z,51,Tug,St. Petersburg,1
59.88228,30.19492,0,0,88,8,SPB,RU,141,0,KAPITAN SOROKIN,3,345312,31,43,28,5138,39,1,2016-12-19T19:01:03.000Z,st_petersburg,2016-12-19T00:00:00.000Z,51,Tug,St. Petersburg,1
59.88228,30.19492,0,0,88,7,SPB,RU,141,0,KAPITAN SOROKIN,3,345312,31,43,28,5138,39,1,2016-12-19T19:01:04.000Z,st_petersburg,2016-12-19T00:00:00.000Z,51,Tug,St. Petersburg,1
59.88226,30.19492,0,0,88,2,SPB,RU,141,0,KAPITAN SOROKIN,3,345312,31,43,28,5138,39,1,2016-12-19T19:03:03.000Z,st_petersburg,2016-12-19T00:00:00.000Z,51,Tug,St. Petersburg,1
59.88228,30.19492,0,0,88,9,SPB,RU,141,0,KAPITAN SOROKIN,3,345312,31,43,28,5138,39,1,2016-12-19T19:03:04.000Z,st_petersburg,2016-12-19T00:00:00.000Z,51,Tug,St. Petersburg,1
59.88226,30.19492,0,0,88,4,SPB,RU,141,0,KAPITAN SOROKIN,3,345312,31,43,28,5138,39,1,2016-12-19T19:05:03.000Z,st_petersburg,2016-12-19T00:00:00.000Z,51,Tug,St. Petersburg,1
59.88226,30.19492,0,0,88,3,SPB,RU,141,0,KAPITAN SOROKIN,3,345312,31,43,28,5138,39,1,2016-12-19T19:05:04.000Z,st_petersburg,2016-12-19T00:00:00.000Z,51,Tug,St. Petersburg,1
59.88227,30.19495,0,0,88,3,SPB,RU,141,0,KAPITAN SOROKIN,3,345312,31,43,28,5138,39,1,2016-12-19T19:07:03.000Z,st_petersburg,2016-12-19T00:00:00.000Z,51,Tug,St. Petersburg,1
59.88227,30.19495,0,0,88,3,SPB,RU,141,0,KAPITAN SOROKIN,3,345312,31,43,28,5138,39,1,2016-12-19T19:07:04.000Z,st_petersburg,2016-12-19T00:00:00.000Z,51,Tug,St. Petersburg,1
59.88227,30.19495,0,0,88,5,SPB,RU,141,0,KAPITAN SOROKIN,3,345312,31,43,28,5138,39,1,2016-12-19T19:09:03.000Z,st_petersburg,2016-12-19T00:00:00.000Z,51,Tug,St. Petersburg,1
59.88227,30.19495,0,0,88,5,SPB,RU,141,0,KAPITAN SOROKIN,3,345312,31,43,28,5138,39,1,2016-12-19T19:09:03.000Z,st_petersburg,2016-12-19T00:00:00.000Z,51,Tug,St. Petersburg,1
59.88227,30.19495,0,0,88,3,SPB,RU,141,0,KAPITAN SOROKIN,3,345312,31,43,28,5138,39,1,2016-12-19T19:11:03.000Z,st_petersburg,2016-12-19T00:00:00.000Z,51,Tug,St. Petersburg,1
59.88227,30.19495,0,0,88,3,SPB,RU,141,0,KAPITAN SOROKIN,3,345312,31,43,28,5138,39,1,2016-12-19T19:11:04.000Z,st_petersburg,2016-12-19T00:00:00.000Z,51,Tug,St. Petersburg,1
59.88225,30.19494,0,0,88,2,SPB,RU,141,0,KAPITAN SOROKIN,3,345312,31,43,28,5138,39,1,2016-12-19T19:13:03.000Z,st_petersburg,2016-12-19T00:00:00.000Z,51,Tug,St. Petersburg,1
59.88225,30.19494,0,0,88,1,SPB,RU,141,0,KAPITAN SOROKIN,3,345312,31,43,28,5138,39,1,2016-12-19T19:13:04.000Z,st_petersburg,2016-12-19T00:00:00.000Z,51,Tug,St. Petersburg,1
59.88225,30.19494,0,0,88,4,SPB,RU,141,0,KAPITAN SOROKIN,3,345312,31,43,28,5138,39,1,2016-12-19T19:15:03.000Z,st_petersburg,2016-12-19T00:00:00.000Z,51,Tug,St. Petersburg,1
59.88225,30.19494,0,0,88,4,SPB,RU,141,0,KAPITAN SOROKIN,3,345312,31,43,28,5138,39,1,2016-12-19T19:15:04.000Z,st_petersburg,2016-12-19T00:00:00.000Z,51,Tug,St. Petersburg,1
59.88225,30.19494,0,0,88,4,SPB,RU,141,0,KAPITAN SOROKIN,3,345312,31,43,28,5138,39,1,2016-12-19T19:17:03.000Z,st_petersburg,2016-12-19T00:00:00.000Z,51,Tug,St. Petersburg,1
59.88225,30.19494,0,0,88,6,SPB,RU,141,0,KAPITAN SOROKIN,3,345312,31,43,28,5138,39,1,2016-12-19T19:17:03.000Z,st_petersburg,2016-12-19T00:00:00.000Z,51,Tug,St. Petersburg,1
59.88225,30.19494,0,0,88,8,SPB,RU,141,0,KAPITAN SOROKIN,3,345312,31,43,28,5138,39,1,2016-12-19T19:19:03.000Z,st_petersburg,2016-12-19T00:00:00.000Z,51,Tug,St. Petersburg,1
59.88225,30.19494,0,0,88,8,SPB,RU,141,0,KAPITAN SOROKIN,3,345312,31,43,28,5138,39,1,2016-12-19T19:19:04.000Z,st_petersburg,2016-12-19T00:00:00.000Z,51,Tug,St. Petersburg,1
59.88229,30.19494,0,0,88,2,SPB,RU,141,0,KAPITAN SOROKIN,3,345312,31,43,28,5138,39,1,2016-12-19T19:21:03.000Z,st_petersburg,2016-12-19T00:00:00.000Z,51,Tug,St. Petersburg,1
59.88225,30.19494,0,0,88,8,SPB,RU,141,0,KAPITAN SOROKIN,3,345312,31,43,28,5138,39,1,2016-12-19T19:21:04.000Z,st_petersburg,2016-12-19T00:00:00.000Z,51,Tug,St. Petersburg,1
59.88229,30.19494,0,0,88,4,SPB,RU,141,0,KAPITAN SOROKIN,3,345312,31,43,28,5138,39,1,2016-12-19T19:23:03.000Z,st_petersburg,2016-12-19T00:00:00.000Z,51,Tug,St. Petersburg,1
59.88229,30.19494,0,0,88,4,SPB,RU,141,0,KAPITAN SOROKIN,3,345312,31,43,28,5138,39,1,2016-12-19T19:23:04.000Z,st_petersburg,2016-12-19T00:00:00.000Z,51,Tug,St. Petersburg,1
59.88226,30.19496,0,0,88,3,SPB,RU,141,0,KAPITAN SOROKIN,3,345312,31,43,28,5138,39,1,2016-12-19T19:25:03.000Z,st_petersburg,2016-12-19T00:00:00.000Z,51,Tug,St. Petersburg,1
59.88226,30.19496,0,0,88,1,SPB,RU,141,0,KAPITAN SOROKIN,3,345312,31,43,28,5138,39,1,2016-12-19T19:25:04.000Z,st_petersburg,2016-12-19T00:00:00.000Z,51,Tug,St. Petersburg,1
59.88227,30.19495,0,0,88,2,SPB,RU,141,0,KAPITAN SOROKIN,3,345312,31,43,28,5138,39,1,2016-12-19T19:27:03.000Z,st_petersburg,2016-12-19T00:00:00.000Z,51,Tug,St. Petersburg,1
59.88227,30.19495,0,0,88,2,SPB,RU,141,0,KAPITAN SOROKIN,3,345312,31,43,28,5138,39,1,2016-12-19T19:27:04.000Z,st_petersburg,2016-12-19T00:00:00.000Z,51,Tug,St. Petersburg,1
59.88227,30.19495,0,0,88,4,SPB,RU,141,0,KAPITAN SOROKIN,3,345312,31,43,28,5138,39,1,2016-12-19T19:29:03.000Z,st_petersburg,2016-12-19T00:00:00.000Z,51,Tug,St. Petersburg,1
59.88227,30.19495,0,0,88,2,SPB,RU,141,0,KAPITAN SOROKIN,3,345312,31,43,28,5138,39,1,2016-12-19T19:29:04.000Z,st_petersburg,2016-12-19T00:00:00.000Z,51,Tug,St. Petersburg,1
59.88224,30.19499,0,0,88,3,SPB,RU,141,0,KAPITAN SOROKIN,3,345312,31,43,28,5138,39,1,2016-12-19T19:31:03.000Z,st_petersburg,2016-12-19T00:00:00.000Z,51,Tug,St. Petersburg,1
59.88224,30.19499,0,0,88,2,SPB,RU,141,0,KAPITAN SOROKIN,3,345312,31,43,28,5138,39,1,2016-12-19T19:31:04.000Z,st_petersburg,2016-12-19T00:00:00.000Z,51,Tug,St. Petersburg,1
59.88226,30.19495,0,0,89,2,SPB,RU,141,0,KAPITAN SOROKIN,3,345312,31,43,28,5138,39,1,2016-12-19T19:33:03.000Z,st_petersburg,2016-12-19T00:00:00.000Z,51,Tug,St. Petersburg,1
59.88226,30.19495,0,0,89,2,SPB,RU,141,0,KAPITAN SOROKIN,3,345312,31,43,28,5138,39,1,2016-12-19T19:33:04.000Z,st_petersburg,2016-12-19T00:00:00.000Z,51,Tug,St. Petersburg,1
59.88226,30.19495,0,0,89,4,SPB,RU,141,0,KAPITAN SOROKIN,3,345312,31,43,28,5138,39,1,2016-12-19T19:35:03.000Z,st_petersburg,2016-12-19T00:00:00.000Z,51,Tug,St. Petersburg,1
59.88226,30.19495,0,0,89,4,SPB,RU,141,0,KAPITAN SOROKIN,3,345312,31,43,28,5138,39,1,2016-12-19T19:35:04.000Z,st_petersburg,2016-12-19T00:00:00.000Z,51,Tug,St. Petersburg,1
59.88228,30.19493,0,0,88,3,SPB,RU,141,0,KAPITAN SOROKIN,3,345312,31,43,28,5138,39,1,2016-12-19T19:37:03.000Z,st_petersburg,2016-12-19T00:00:00.000Z,51,Tug,St. Petersburg,1
59.88228,30.19493,0,0,88,3,SPB,RU,141,0,KAPITAN SOROKIN,3,345312,31,43,28,5138,39,1,2016-12-19T19:37:04.000Z,st_petersburg,2016-12-19T00:00:00.000Z,51,Tug,St. Petersburg,1
59.88223,30.19499,0,0,88,2,SPB,RU,141,0,KAPITAN SOROKIN,3,345312,31,43,28,5138,39,1,2016-12-19T19:39:03.000Z,st_petersburg,2016-12-19T00:00:00.000Z,51,Tug,St. Petersburg,1
59.88223,30.19499,0,0,88,2,SPB,RU,141,0,KAPITAN SOROKIN,3,345312,31,43,28,5138,39,1,2016-12-19T19:39:03.000Z,st_petersburg,2016-12-19T00:00:00.000Z,51,Tug,St. Petersburg,1
59.88223,30.19499,0,0,88,4,SPB,RU,141,0,KAPITAN SOROKIN,3,345312,31,43,28,5138,39,1,2016-12-19T19:41:04.000Z,st_petersburg,2016-12-19T00:00:00.000Z,51,Tug,St. Petersburg,1
59.88223,30.19499,0,0,88,4,SPB,RU,141,0,KAPITAN SOROKIN,3,345312,31,43,28,5138,39,1,2016-12-19T19:41:04.000Z,st_petersburg,2016-12-19T00:00:00.000Z,51,Tug,St. Petersburg,1
59.88228,30.19494,0,0,89,3,SPB,RU,141,0,KAPITAN SOROKIN,3,345312,31,43,28,5138,39,1,2016-12-19T19:43:03.000Z,st_petersburg,2016-12-19T00:00:00.000Z,51,Tug,St. Petersburg,1
59.88228,30.19494,0,0,89,3,SPB,RU,141,0,KAPITAN SOROKIN,3,345312,31,43,28,5138,39,1,2016-12-19T19:43:11.000Z,st_petersburg,2016-12-19T00:00:00.000Z,51,Tug,St. Petersburg,1
59.88228,30.19495,0,0,88,2,SPB,RU,141,0,KAPITAN SOROKIN,3,345312,31,43,28,5138,39,1,2016-12-19T19:45:03.000Z,st_petersburg,2016-12-19T00:00:00.000Z,51,Tug,St. Petersburg,1
59.88228,30.19494,0,0,89,3,SPB,RU,141,0,KAPITAN SOROKIN,3,345312,31,43,28,5138,39,1,2016-12-19T19:45:03.000Z,st_petersburg,2016-12-19T00:00:00.000Z,51,Tug,St. Petersburg,1
59.88228,30.19495,0,0,88,4,SPB,RU,141,0,KAPITAN SOROKIN,3,345312,31,43,28,5138,39,1,2016-12-19T19:47:03.000Z,st_petersburg,2016-12-19T00:00:00.000Z,51,Tug,St. Petersburg,1
59.88228,30.19495,0,0,88,4,SPB,RU,141,0,KAPITAN SOROKIN,3,345312,31,43,28,5138,39,1,2016-12-19T19:47:04.000Z,st_petersburg,2016-12-19T00:00:00.000Z,51,Tug,St. Petersburg,1
59.88228,30.19496,0,0,89,3,SPB,RU,141,0,KAPITAN SOROKIN,3,345312,31,43,28,5138,39,1,2016-12-19T19:49:03.000Z,st_petersburg,2016-12-19T00:00:00.000Z,51,Tug,St. Petersburg,1
59.88228,30.19496,0,0,89,3,SPB,RU,141,0,KAPITAN SOROKIN,3,345312,31,43,28,5138,39,1,2016-12-19T19:49:04.000Z,st_petersburg,2016-12-19T00:00:00.000Z,51,Tug,St. Petersburg,1
59.88228,30.19496,0,0,89,5,SPB,RU,141,0,KAPITAN SOROKIN,3,345312,31,43,28,5138,39,1,2016-12-19T19:51:03.000Z,st_petersburg,2016-12-19T00:00:00.000Z,51,Tug,St. Petersburg,1
59.88228,30.19496,0,0,89,5,SPB,RU,141,0,KAPITAN SOROKIN,3,345312,31,43,28,5138,39,1,2016-12-19T19:51:04.000Z,st_petersburg,2016-12-19T00:00:00.000Z,51,Tug,St. Petersburg,1
59.88229,30.19494,0,0,89,3,SPB,RU,141,0,KAPITAN SOROKIN,3,345312,31,43,28,5138,39,1,2016-12-19T19:53:04.000Z,st_petersburg,2016-12-19T00:00:00.000Z,51,Tug,St. Petersburg,1
59.88229,30.19494,0,0,89,2,SPB,RU,141,0,KAPITAN SOROKIN,3,345312,31,43,28,5138,39,1,2016-12-19T19:53:05.000Z,st_petersburg,2016-12-19T00:00:00.000Z,51,Tug,St. Petersburg,1
59.88228,30.19495,0,0,88,2,SPB,RU,141,0,KAPITAN SOROKIN,3,345312,31,43,28,5138,39,1,2016-12-19T19:55:03.000Z,st_petersburg,2016-12-19T00:00:00.000Z,51,Tug,St. Petersburg,1
59.88228,30.19495,0,0,88,2,SPB,RU,141,0,KAPITAN SOROKIN,3,345312,31,43,28,5138,39,1,2016-12-19T19:55:04.000Z,st_petersburg,2016-12-19T00:00:00.000Z,51,Tug,St. Petersburg,1
59.88228,30.19495,0,0,88,4,SPB,RU,141,0,KAPITAN SOROKIN,3,345312,31,43,28,5138,39,1,2016-12-19T19:57:03.000Z,st_petersburg,2016-12-19T00:00:00.000Z,51,Tug,St. Petersburg,1
59.88228,30.19495,0,0,88,4,SPB,RU,141,0,KAPITAN SOROKIN,3,345312,31,43,28,5138,39,1,2016-12-19T19:57:04.000Z,st_petersburg,2016-12-19T00:00:00.000Z,51,Tug,St. Petersburg,1
59.88228,30.19494,0,0,88,3,SPB,RU,141,0,KAPITAN SOROKIN,3,345312,31,43,28,5138,39,1,2016-12-19T19:59:11.000Z,st_petersburg,2016-12-19T00:00:00.000Z,51,Tug,St. Petersburg,1
59.88228,30.19494,0,0,88,3,SPB,RU,141,0,KAPITAN SOROKIN,3,345312,31,43,28,5138,39,1,2016-12-19T19:59:12.000Z,st_petersburg,2016-12-19T00:00:00.000Z,51,Tug,St. Petersburg,1
59.88227,30.19493,0,0,88,2,SPB,RU,141,0,KAPITAN SOROKIN,3,345312,31,43,28,5138,39,1,2016-12-19T20:01:03.000Z,st_petersburg,2016-12-19T00:00:00.000Z,51,Tug,St. Petersburg,1
59.88228,30.19494,0,0,88,3,SPB,RU,141,0,KAPITAN SOROKIN,3,345312,31,43,28,5138,39,1,2016-12-19T20:01:04.000Z,st_petersburg,2016-12-19T00:00:00.000Z,51,Tug,St. Petersburg,1
59.88227,30.19493,0,0,88,4,SPB,RU,141,0,KAPITAN SOROKIN,3,345312,31,43,28,5138,39,1,2016-12-19T20:03:04.000Z,st_petersburg,2016-12-19T00:00:00.000Z,51,Tug,St. Petersburg,1
59.88227,30.19493,0,0,88,4,SPB,RU,141,0,KAPITAN SOROKIN,3,345312,31,43,28,5138,39,1,2016-12-19T20:03:05.000Z,st_petersburg,2016-12-19T00:00:00.000Z,51,Tug,St. Petersburg,1
59.88227,30.19493,0,0,88,6,SPB,RU,141,0,KAPITAN SOROKIN,3,345312,31,43,28,5138,39,1,2016-12-19T20:05:03.000Z,st_petersburg,2016-12-19T00:00:00.000Z,51,Tug,St. Petersburg,1
59.88227,30.19493,0,0,88,6,SPB,RU,141,0,KAPITAN SOROKIN,3,345312,31,43,28,5138,39,1,2016-12-19T20:05:04.000Z,st_petersburg,2016-12-19T00:00:00.000Z,51,Tug,St. Petersburg,1
59.88227,30.19493,0,0,88,8,SPB,RU,141,0,KAPITAN SOROKIN,3,345312,31,43,28,5138,39,1,2016-12-19T20:07:03.000Z,st_petersburg,2016-12-19T00:00:00.000Z,51,Tug,St. Petersburg,1
59.88227,30.19493,0,0,88,7,SPB,RU,141,0,KAPITAN SOROKIN,3,345312,31,43,28,5138,39,1,2016-12-19T20:07:04.000Z,st_petersburg,2016-12-19T00:00:00.000Z,51,Tug,St. Petersburg,1
59.88227,30.19493,0,0,88,2,SPB,RU,141,0,KAPITAN SOROKIN,3,345312,31,43,28,5138,39,1,2016-12-19T20:09:03.000Z,st_petersburg,2016-12-19T00:00:00.000Z,51,Tug,St. Petersburg,1
59.88227,30.19493,0,0,88,2,SPB,RU,141,0,KAPITAN SOROKIN,3,345312,31,43,28,5138,39,1,2016-12-19T20:09:04.000Z,st_petersburg,2016-12-19T00:00:00.000Z,51,Tug,St. Petersburg,1
59.88227,30.19493,0,0,88,4,SPB,RU,141,0,KAPITAN SOROKIN,3,345312,31,43,28,5138,39,1,2016-12-19T20:11:03.000Z,st_petersburg,2016-12-19T00:00:00.000Z,51,Tug,St. Petersburg,1
59.88227,30.19493,0,0,88,4,SPB,RU,141,0,KAPITAN SOROKIN,3,345312,31,43,28,5138,39,1,2016-12-19T20:11:04.000Z,st_petersburg,2016-12-19T00:00:00.000Z,51,Tug,St. Petersburg,1
59.88227,30.19493,0,0,88,6,SPB,RU,141,0,KAPITAN SOROKIN,3,345312,31,43,28,5138,39,1,2016-12-19T20:13:12.000Z,st_petersburg,2016-12-19T00:00:00.000Z,51,Tug,St. Petersburg,1
59.88227,30.19493,0,0,88,5,SPB,RU,141,0,KAPITAN SOROKIN,3,345312,31,43,28,5138,39,1,2016-12-19T20:13:13.000Z,st_petersburg,2016-12-19T00:00:00.000Z,51,Tug,St. Petersburg,1
59.88227,30.19493,0,0,88,8,SPB,RU,141,0,KAPITAN SOROKIN,3,345312,31,43,28,5138,39,1,2016-12-19T20:15:03.000Z,st_petersburg,2016-12-19T00:00:00.000Z,51,Tug,St. Petersburg,1
59.88227,30.19493,0,0,88,8,SPB,RU,141,0,KAPITAN SOROKIN,3,345312,31,43,28,5138,39,1,2016-12-19T20:15:04.000Z,st_petersburg,2016-12-19T00:00:00.000Z,51,Tug,St. Petersburg,1
59.88227,30.19494,0,0,88,2,SPB,RU,141,0,KAPITAN SOROKIN,3,345312,31,43,28,5138,39,1,2016-12-19T20:17:03.000Z,st_petersburg,2016-12-19T00:00:00.000Z,51,Tug,St. Petersburg,1
59.88227,30.19493,0,0,88,8,SPB,RU,141,0,KAPITAN SOROKIN,3,345312,31,43,28,5138,39,1,2016-12-19T20:17:04.000Z,st_petersburg,2016-12-19T00:00:00.000Z,51,Tug,St. Petersburg,1
59.88227,30.19494,0,0,88,4,SPB,RU,141,0,KAPITAN SOROKIN,3,345312,31,43,28,5138,39,1,2016-12-19T20:19:04.000Z,st_petersburg,2016-12-19T00:00:00.000Z,51,Tug,St. Petersburg,1
59.88227,30.19494,0,0,88,4,SPB,RU,141,0,KAPITAN SOROKIN,3,345312,31,43,28,5138,39,1,2016-12-19T20:19:04.000Z,st_petersburg,2016-12-19T00:00:00.000Z,51,Tug,St. Petersburg,1
59.88225,30.19494,0,0,88,3,SPB,RU,141,0,KAPITAN SOROKIN,3,345312,31,43,28,5138,39,1,2016-12-19T20:21:11.000Z,st_petersburg,2016-12-19T00:00:00.000Z,51,Tug,St. Petersburg,1
59.88225,30.19494,0,0,88,3,SPB,RU,141,0,KAPITAN SOROKIN,3,345312,31,43,28,5138,39,1,2016-12-19T20:21:12.000Z,st_petersburg,2016-12-19T00:00:00.000Z,51,Tug,St. Petersburg,1
59.88227,30.19497,0,0,88,2,SPB,RU,141,0,KAPITAN SOROKIN,3,345312,31,43,28,5138,39,1,2016-12-19T20:23:04.000Z,st_petersburg,2016-12-19T00:00:00.000Z,51,Tug,St. Petersburg,1
59.88227,30.19497,0,0,88,2,SPB,RU,141,0,KAPITAN SOROKIN,3,345312,31,43,28,5138,39,1,2016-12-19T20:23:04.000Z,st_petersburg,2016-12-19T00:00:00.000Z,51,Tug,St. Petersburg,1
59.88227,30.19497,0,0,88,4,SPB,RU,141,0,KAPITAN SOROKIN,3,345312,31,43,28,5138,39,1,2016-12-19T20:25:11.000Z,st_petersburg,2016-12-19T00:00:00.000Z,51,Tug,St. Petersburg,1
59.88227,30.19497,0,0,88,4,SPB,RU,141,0,KAPITAN SOROKIN,3,345312,31,43,28,5138,39,1,2016-12-19T20:25:12.000Z,st_petersburg,2016-12-19T00:00:00.000Z,51,Tug,St. Petersburg,1
59.88227,30.19497,0,0,88,4,SPB,RU,141,0,KAPITAN SOROKIN,3,345312,31,43,28,5138,39,1,2016-12-19T20:27:03.000Z,st_petersburg,2016-12-19T00:00:00.000Z,51,Tug,St. Petersburg,1
59.88227,30.19497,0,0,88,4,SPB,RU,141,0,KAPITAN SOROKIN,3,345312,31,43,28,5138,39,1,2016-12-19T20:27:04.000Z,st_petersburg,2016-12-19T00:00:00.000Z,51,Tug,St. Petersburg,1
59.88225,30.19495,0,0,88,2,SPB,RU,141,0,KAPITAN SOROKIN,3,345312,31,43,28,5138,39,1,2016-12-19T20:29:03.000Z,st_petersburg,2016-12-19T00:00:00.000Z,51,Tug,St. Petersburg,1
59.88225,30.19495,0,0,88,2,SPB,RU,141,0,KAPITAN SOROKIN,3,345312,31,43,28,5138,39,1,2016-12-19T20:29:04.000Z,st_petersburg,2016-12-19T00:00:00.000Z,51,Tug,St. Petersburg,1
59.88225,30.19495,0,0,88,4,SPB,RU,141,0,KAPITAN SOROKIN,3,345312,31,43,28,5138,39,1,2016-12-19T20:31:11.000Z,st_petersburg,2016-12-19T00:00:00.000Z,51,Tug,St. Petersburg,1
59.88225,30.19495,0,0,88,4,SPB,RU,141,0,KAPITAN SOROKIN,3,345312,31,43,28,5138,39,1,2016-12-19T20:31:11.000Z,st_petersburg,2016-12-19T00:00:00.000Z,51,Tug,St. Petersburg,1
59.88227,30.19494,0,0,88,3,SPB,RU,141,0,KAPITAN SOROKIN,3,345312,31,43,28,5138,39,1,2016-12-19T20:33:03.000Z,st_petersburg,2016-12-19T00:00:00.000Z,51,Tug,St. Petersburg,1
59.88227,30.19494,0,0,88,3,SPB,RU,141,0,KAPITAN SOROKIN,3,345312,31,43,28,5138,39,1,2016-12-19T20:33:04.000Z,st_petersburg,2016-12-19T00:00:00.000Z,51,Tug,St. Petersburg,1
59.88227,30.19494,0,0,88,5,SPB,RU,141,0,KAPITAN SOROKIN,3,345312,31,43,28,5138,39,1,2016-12-19T20:35:04.000Z,st_petersburg,2016-12-19T00:00:00.000Z,51,Tug,St. Petersburg,1
59.88227,30.19494,0,0,88,5,SPB,RU,141,0,KAPITAN SOROKIN,3,345312,31,43,28,5138,39,1,2016-12-19T20:35:05.000Z,st_petersburg,2016-12-19T00:00:00.000Z,51,Tug,St. Petersburg,1
59.88227,30.19494,0,0,88,7,SPB,RU,141,0,KAPITAN SOROKIN,3,345312,31,43,28,5138,39,1,2016-12-19T20:37:03.000Z,st_petersburg,2016-12-19T00:00:00.000Z,51,Tug,St. Petersburg,1
59.88227,30.19494,0,0,88,5,SPB,RU,141,0,KAPITAN SOROKIN,3,345312,31,43,28,5138,39,1,2016-12-19T20:37:04.000Z,st_petersburg,2016-12-19T00:00:00.000Z,51,Tug,St. Petersburg,1
59.88227,30.19494,0,0,88,9,SPB,RU,141,0,KAPITAN SOROKIN,3,345312,31,43,28,5138,39,1,2016-12-19T20:39:03.000Z,st_petersburg,2016-12-19T00:00:00.000Z,51,Tug,St. Petersburg,1
59.88227,30.19494,0,0,88,9,SPB,RU,141,0,KAPITAN SOROKIN,3,345312,31,43,28,5138,39,1,2016-12-19T20:39:04.000Z,st_petersburg,2016-12-19T00:00:00.000Z,51,Tug,St. Petersburg,1
59.88227,30.19492,0,0,88,3,SPB,RU,141,0,KAPITAN SOROKIN,3,345312,31,43,28,5138,39,1,2016-12-19T20:41:03.000Z,st_petersburg,2016-12-19T00:00:00.000Z,51,Tug,St. Petersburg,1
59.88227,30.19492,0,0,88,2,SPB,RU,141,0,KAPITAN SOROKIN,3,345312,31,43,28,5138,39,1,2016-12-19T20:41:04.000Z,st_petersburg,2016-12-19T00:00:00.000Z,51,Tug,St. Petersburg,1
59.88227,30.19492,0,0,88,2,SPB,RU,141,0,KAPITAN SOROKIN,3,345312,31,43,28,5138,39,1,2016-12-19T20:43:03.000Z,st_petersburg,2016-12-19T00:00:00.000Z,51,Tug,St. Petersburg,1
59.88227,30.19492,0,0,88,3,SPB,RU,141,0,KAPITAN SOROKIN,3,345312,31,43,28,5138,39,1,2016-12-19T20:43:04.000Z,st_petersburg,2016-12-19T00:00:00.000Z,51,Tug,St. Petersburg,1
59.88227,30.19492,0,0,88,4,SPB,RU,141,0,KAPITAN SOROKIN,3,345312,31,43,28,5138,39,1,2016-12-19T20:45:04.000Z,st_petersburg,2016-12-19T00:00:00.000Z,51,Tug,St. Petersburg,1
59.88227,30.19492,0,0,88,4,SPB,RU,141,0,KAPITAN SOROKIN,3,345312,31,43,28,5138,39,1,2016-12-19T20:45:04.000Z,st_petersburg,2016-12-19T00:00:00.000Z,51,Tug,St. Petersburg,1
59.88227,30.19493,0,0,88,2,SPB,RU,141,0,KAPITAN SOROKIN,3,345312,31,43,28,5138,39,1,2016-12-19T20:47:11.000Z,st_petersburg,2016-12-19T00:00:00.000Z,51,Tug,St. Petersburg,1
59.88227,30.19493,0,0,88,2,SPB,RU,141,0,KAPITAN SOROKIN,3,345312,31,43,28,5138,39,1,2016-12-19T20:47:12.000Z,st_petersburg,2016-12-19T00:00:00.000Z,51,Tug,St. Petersburg,1
59.88227,30.19493,0,0,88,4,SPB,RU,141,0,KAPITAN SOROKIN,3,345312,31,43,28,5138,39,1,2016-12-19T20:49:11.000Z,st_petersburg,2016-12-19T00:00:00.000Z,51,Tug,St. Petersburg,1
59.88227,30.19493,0,0,88,4,SPB,RU,141,0,KAPITAN SOROKIN,3,345312,31,43,28,5138,39,1,2016-12-19T20:49:12.000Z,st_petersburg,2016-12-19T00:00:00.000Z,51,Tug,St. Petersburg,1
59.88227,30.19493,0,0,88,6,SPB,RU,141,0,KAPITAN SOROKIN,3,345312,31,43,28,5138,39,1,2016-12-19T20:51:03.000Z,st_petersburg,2016-12-19T00:00:00.000Z,51,Tug,St. Petersburg,1
59.88227,30.19493,0,0,88,6,SPB,RU,141,0,KAPITAN SOROKIN,3,345312,31,43,28,5138,39,1,2016-12-19T20:51:04.000Z,st_petersburg,2016-12-19T00:00:00.000Z,51,Tug,St. Petersburg,1
59.88227,30.19493,0,0,88,8,SPB,RU,141,0,KAPITAN SOROKIN,3,345312,31,43,28,5138,39,1,2016-12-19T20:53:03.000Z,st_petersburg,2016-12-19T00:00:00.000Z,51,Tug,St. Petersburg,1
59.88227,30.19493,0,0,88,8,SPB,RU,141,0,KAPITAN SOROKIN,3,345312,31,43,28,5138,39,1,2016-12-19T20:53:04.000Z,st_petersburg,2016-12-19T00:00:00.000Z,51,Tug,St. Petersburg,1
59.88224,30.19495,0,0,88,2,SPB,RU,141,0,KAPITAN SOROKIN,3,345312,31,43,28,5138,39,1,2016-12-19T20:55:03.000Z,st_petersburg,2016-12-19T00:00:00.000Z,51,Tug,St. Petersburg,1
59.88224,30.19495,0,0,88,2,SPB,RU,141,0,KAPITAN SOROKIN,3,345312,31,43,28,5138,39,1,2016-12-19T20:55:04.000Z,st_petersburg,2016-12-19T00:00:00.000Z,51,Tug,St. Petersburg,1
59.88224,30.19495,0,0,88,4,SPB,RU,141,0,KAPITAN SOROKIN,3,345312,31,43,28,5138,39,1,2016-12-19T20:57:04.000Z,st_petersburg,2016-12-19T00:00:00.000Z,51,Tug,St. Petersburg,1
59.88224,30.19495,0,0,88,3,SPB,RU,141,0,KAPITAN SOROKIN,3,345312,31,43,28,5138,39,1,2016-12-19T20:57:04.000Z,st_petersburg,2016-12-19T00:00:00.000Z,51,Tug,St. Petersburg,1
59.88224,30.19495,0,0,88,4,SPB,RU,141,0,KAPITAN SOROKIN,3,345312,31,43,28,5138,39,1,2016-12-19T20:59:03.000Z,st_petersburg,2016-12-19T00:00:00.000Z,51,Tug,St. Petersburg,1
59.88224,30.19495,0,0,88,6,SPB,RU,141,0,KAPITAN SOROKIN,3,345312,31,43,28,5138,39,1,2016-12-19T20:59:04.000Z,st_petersburg,2016-12-19T00:00:00.000Z,51,Tug,St. Petersburg,1
59.88224,30.19495,0,0,88,8,SPB,RU,141,0,KAPITAN SOROKIN,3,345312,31,43,28,5138,39,1,2016-12-19T21:01:03.000Z,st_petersburg,2016-12-19T00:00:00.000Z,51,Tug,St. Petersburg,1
59.88224,30.19495,0,0,88,8,SPB,RU,141,0,KAPITAN SOROKIN,3,345312,31,43,28,5138,39,1,2016-12-19T21:01:04.000Z,st_petersburg,2016-12-19T00:00:00.000Z,51,Tug,St. Petersburg,1
59.88224,30.19494,0,0,88,2,SPB,RU,141,0,KAPITAN SOROKIN,3,345312,31,43,28,5138,39,1,2016-12-19T21:03:03.000Z,st_petersburg,2016-12-19T00:00:00.000Z,51,Tug,St. Petersburg,1
59.88224,30.19494,0,0,88,2,SPB,RU,141,0,KAPITAN SOROKIN,3,345312,31,43,28,5138,39,1,2016-12-19T21:03:04.000Z,st_petersburg,2016-12-19T00:00:00.000Z,51,Tug,St. Petersburg,1
59.88224,30.19494,0,0,88,4,SPB,RU,141,0,KAPITAN SOROKIN,3,345312,31,43,28,5138,39,1,2016-12-19T21:05:03.000Z,st_petersburg,2016-12-19T00:00:00.000Z,51,Tug,St. Petersburg,1
59.88224,30.19494,0,0,88,4,SPB,RU,141,0,KAPITAN SOROKIN,3,345312,31,43,28,5138,39,1,2016-12-19T21:05:04.000Z,st_petersburg,2016-12-19T00:00:00.000Z,51,Tug,St. Petersburg,1
59.88224,30.19494,0,0,88,6,SPB,RU,141,0,KAPITAN SOROKIN,3,345312,31,43,28,5138,39,1,2016-12-19T21:07:03.000Z,st_petersburg,2016-12-19T00:00:00.000Z,51,Tug,St. Petersburg,1
59.88224,30.19494,0,0,88,6,SPB,RU,141,0,KAPITAN SOROKIN,3,345312,31,43,28,5138,39,1,2016-12-19T21:07:04.000Z,st_petersburg,2016-12-19T00:00:00.000Z,51,Tug,St. Petersburg,1
59.88224,30.19494,0,0,88,8,SPB,RU,141,0,KAPITAN SOROKIN,3,345312,31,43,28,5138,39,1,2016-12-19T21:09:03.000Z,st_petersburg,2016-12-19T00:00:00.000Z,51,Tug,St. Petersburg,1
59.88224,30.19494,0,0,88,8,SPB,RU,141,0,KAPITAN SOROKIN,3,345312,31,43,28,5138,39,1,2016-12-19T21:09:04.000Z,st_petersburg,2016-12-19T00:00:00.000Z,51,Tug,St. Petersburg,1
59.88224,30.19494,0,0,88,8,SPB,RU,141,0,KAPITAN SOROKIN,3,345312,31,43,28,5138,39,1,2016-12-19T21:11:02.000Z,st_petersburg,2016-12-19T00:00:00.000Z,51,Tug,St. Petersburg,1
59.88225,30.19493,0,0,88,2,SPB,RU,141,0,KAPITAN SOROKIN,3,345312,31,43,28,5138,39,1,2016-12-19T21:11:03.000Z,st_petersburg,2016-12-19T00:00:00.000Z,51,Tug,St. Petersburg,1
59.88225,30.19493,0,0,88,4,SPB,RU,141,0,KAPITAN SOROKIN,3,345312,31,43,28,5138,39,1,2016-12-19T21:13:03.000Z,st_petersburg,2016-12-19T00:00:00.000Z,51,Tug,St. Petersburg,1
59.88225,30.19493,0,0,88,4,SPB,RU,141,0,KAPITAN SOROKIN,3,345312,31,43,28,5138,39,1,2016-12-19T21:13:04.000Z,st_petersburg,2016-12-19T00:00:00.000Z,51,Tug,St. Petersburg,1
59.88225,30.19494,0,0,88,3,SPB,RU,141,0,KAPITAN SOROKIN,3,345312,31,43,28,5138,39,1,2016-12-19T21:15:03.000Z,st_petersburg,2016-12-19T00:00:00.000Z,51,Tug,St. Petersburg,1
59.88225,30.19494,0,0,88,3,SPB,RU,141,0,KAPITAN SOROKIN,3,345312,31,43,28,5138,39,1,2016-12-19T21:15:13.000Z,st_petersburg,2016-12-19T00:00:00.000Z,51,Tug,St. Petersburg,1
59.88225,30.19494,0,0,88,5,SPB,RU,141,0,KAPITAN SOROKIN,3,345312,31,43,28,5138,39,1,2016-12-19T21:17:03.000Z,st_petersburg,2016-12-19T00:00:00.000Z,51,Tug,St. Petersburg,1
59.88225,30.19494,0,0,88,5,SPB,RU,141,0,KAPITAN SOROKIN,3,345312,31,43,28,5138,39,1,2016-12-19T21:17:03.000Z,st_petersburg,2016-12-19T00:00:00.000Z,51,Tug,St. Petersburg,1
59.88227,30.19496,0,0,88,3,SPB,RU,141,0,KAPITAN SOROKIN,3,345312,31,43,28,5138,39,1,2016-12-19T21:19:04.000Z,st_petersburg,2016-12-19T00:00:00.000Z,51,Tug,St. Petersburg,1
59.88225,30.19494,0,0,88,5,SPB,RU,141,0,KAPITAN SOROKIN,3,345312,31,43,28,5138,39,1,2016-12-19T21:19:04.000Z,st_petersburg,2016-12-19T00:00:00.000Z,51,Tug,St. Petersburg,1
59.88223,30.1949,0,0,88,2,SPB,RU,141,0,KAPITAN SOROKIN,3,345312,31,43,28,5138,39,1,2016-12-19T21:21:04.000Z,st_petersburg,2016-12-19T00:00:00.000Z,51,Tug,St. Petersburg,1
59.88223,30.1949,0,0,88,2,SPB,RU,141,0,KAPITAN SOROKIN,3,345312,31,43,28,5138,39,1,2016-12-19T21:21:04.000Z,st_petersburg,2016-12-19T00:00:00.000Z,51,Tug,St. Petersburg,1
59.88223,30.1949,0,0,88,4,SPB,RU,141,0,KAPITAN SOROKIN,3,345312,31,43,28,5138,39,1,2016-12-19T21:23:03.000Z,st_petersburg,2016-12-19T00:00:00.000Z,51,Tug,St. Petersburg,1
59.88223,30.1949,0,0,88,4,SPB,RU,141,0,KAPITAN SOROKIN,3,345312,31,43,28,5138,39,1,2016-12-19T21:23:04.000Z,st_petersburg,2016-12-19T00:00:00.000Z,51,Tug,St. Petersburg,1
59.88223,30.19494,0,0,88,3,SPB,RU,141,0,KAPITAN SOROKIN,3,345312,31,43,28,5138,39,1,2016-12-19T21:25:03.000Z,st_petersburg,2016-12-19T00:00:00.000Z,51,Tug,St. Petersburg,1
59.88223,30.19494,0,0,88,3,SPB,RU,141,0,KAPITAN SOROKIN,3,345312,31,43,28,5138,39,1,2016-12-19T21:25:04.000Z,st_petersburg,2016-12-19T00:00:00.000Z,51,Tug,St. Petersburg,1
59.88223,30.19494,0,0,88,5,SPB,RU,141,0,KAPITAN SOROKIN,3,345312,31,43,28,5138,39,1,2016-12-19T21:27:04.000Z,st_petersburg,2016-12-19T00:00:00.000Z,51,Tug,St. Petersburg,1
59.88223,30.19494,0,0,88,5,SPB,RU,141,0,KAPITAN SOROKIN,3,345312,31,43,28,5138,39,1,2016-12-19T21:27:05.000Z,st_petersburg,2016-12-19T00:00:00.000Z,51,Tug,St. Petersburg,1
59.88227,30.19491,0,0,88,3,SPB,RU,141,0,KAPITAN SOROKIN,3,345312,31,43,28,5138,39,1,2016-12-19T21:29:03.000Z,st_petersburg,2016-12-19T00:00:00.000Z,51,Tug,St. Petersburg,1
59.88227,30.19491,0,0,88,3,SPB,RU,141,0,KAPITAN SOROKIN,3,345312,31,43,28,5138,39,1,2016-12-19T21:29:04.000Z,st_petersburg,2016-12-19T00:00:00.000Z,51,Tug,St. Petersburg,1
59.88228,30.19495,0,0,88,2,SPB,RU,141,0,KAPITAN SOROKIN,3,345312,31,43,28,5138,39,1,2016-12-19T21:31:03.000Z,st_petersburg,2016-12-19T00:00:00.000Z,51,Tug,St. Petersburg,1
59.88227,30.19491,0,0,88,4,SPB,RU,141,0,KAPITAN SOROKIN,3,345312,31,43,28,5138,39,1,2016-12-19T21:31:04.000Z,st_petersburg,2016-12-19T00:00:00.000Z,51,Tug,St. Petersburg,1
59.88228,30.19495,0,0,88,4,SPB,RU,141,0,KAPITAN SOROKIN,3,345312,31,43,28,5138,39,1,2016-12-19T21:33:03.000Z,st_petersburg,2016-12-19T00:00:00.000Z,51,Tug,St. Petersburg,1
59.88228,30.19495,0,0,88,4,SPB,RU,141,0,KAPITAN SOROKIN,3,345312,31,43,28,5138,39,1,2016-12-19T21:33:04.000Z,st_petersburg,2016-12-19T00:00:00.000Z,51,Tug,St. Petersburg,1
59.88226,30.19494,0,0,88,2,SPB,RU,141,0,KAPITAN SOROKIN,3,345312,31,43,28,5138,39,1,2016-12-19T21:35:03.000Z,st_petersburg,2016-12-19T00:00:00.000Z,51,Tug,St. Petersburg,1
59.88228,30.19495,0,0,88,5,SPB,RU,141,0,KAPITAN SOROKIN,3,345312,31,43,28,5138,39,1,2016-12-19T21:35:04.000Z,st_petersburg,2016-12-19T00:00:00.000Z,51,Tug,St. Petersburg,1
59.88226,30.19494,0,0,88,4,SPB,RU,141,0,KAPITAN SOROKIN,3,345312,31,43,28,5138,39,1,2016-12-19T21:37:04.000Z,st_petersburg,2016-12-19T00:00:00.000Z,51,Tug,St. Petersburg,1
59.88226,30.19494,0,0,88,4,SPB,RU,141,0,KAPITAN SOROKIN,3,345312,31,43,28,5138,39,1,2016-12-19T21:37:04.000Z,st_petersburg,2016-12-19T00:00:00.000Z,51,Tug,St. Petersburg,1
59.88226,30.19494,0,0,88,6,SPB,RU,141,0,KAPITAN SOROKIN,3,345312,31,43,28,5138,39,1,2016-12-19T21:39:03.000Z,st_petersburg,2016-12-19T00:00:00.000Z,51,Tug,St. Petersburg,1
59.88226,30.19494,0,0,88,6,SPB,RU,141,0,KAPITAN SOROKIN,3,345312,31,43,28,5138,39,1,2016-12-19T21:39:04.000Z,st_petersburg,2016-12-19T00:00:00.000Z,51,Tug,St. Petersburg,1
59.88226,30.19494,0,0,88,8,SPB,RU,141,0,KAPITAN SOROKIN,3,345312,31,43,28,5138,39,1,2016-12-19T21:41:03.000Z,st_petersburg,2016-12-19T00:00:00.000Z,51,Tug,St. Petersburg,1
59.88226,30.19494,0,0,88,8,SPB,RU,141,0,KAPITAN SOROKIN,3,345312,31,43,28,5138,39,1,2016-12-19T21:41:04.000Z,st_petersburg,2016-12-19T00:00:00.000Z,51,Tug,St. Petersburg,1
59.88226,30.19495,0,0,88,2,SPB,RU,141,0,KAPITAN SOROKIN,3,345312,31,43,28,5138,39,1,2016-12-19T21:43:03.000Z,st_petersburg,2016-12-19T00:00:00.000Z,51,Tug,St. Petersburg,1
59.88226,30.19495,0,0,88,2,SPB,RU,141,0,KAPITAN SOROKIN,3,345312,31,43,28,5138,39,1,2016-12-19T21:43:04.000Z,st_petersburg,2016-12-19T00:00:00.000Z,51,Tug,St. Petersburg,1
59.88226,30.19495,0,0,88,4,SPB,RU,141,0,KAPITAN SOROKIN,3,345312,31,43,28,5138,39,1,2016-12-19T21:45:11.000Z,st_petersburg,2016-12-19T00:00:00.000Z,51,Tug,St. Petersburg,1
59.88226,30.19495,0,0,88,3,SPB,RU,141,0,KAPITAN SOROKIN,3,345312,31,43,28,5138,39,1,2016-12-19T21:45:12.000Z,st_petersburg,2016-12-19T00:00:00.000Z,51,Tug,St. Petersburg,1
59.88225,30.19494,0,0,88,3,SPB,RU,141,0,KAPITAN SOROKIN,3,345312,31,43,28,5138,39,1,2016-12-19T21:47:03.000Z,st_petersburg,2016-12-19T00:00:00.000Z,51,Tug,St. Petersburg,1
59.88225,30.19494,0,0,88,2,SPB,RU,141,0,KAPITAN SOROKIN,3,345312,31,43,28,5138,39,1,2016-12-19T21:47:03.000Z,st_petersburg,2016-12-19T00:00:00.000Z,51,Tug,St. Petersburg,1
59.88227,30.19495,0,0,88,2,SPB,RU,141,0,KAPITAN SOROKIN,3,345312,31,43,28,5138,39,1,2016-12-19T21:49:11.000Z,st_petersburg,2016-12-19T00:00:00.000Z,51,Tug,St. Petersburg,1
59.88227,30.19495,0,0,88,2,SPB,RU,141,0,KAPITAN SOROKIN,3,345312,31,43,28,5138,39,1,2016-12-19T21:49:12.000Z,st_petersburg,2016-12-19T00:00:00.000Z,51,Tug,St. Petersburg,1
59.88227,30.19495,0,0,88,4,SPB,RU,141,0,KAPITAN SOROKIN,3,345312,31,43,28,5138,39,1,2016-12-19T21:51:03.000Z,st_petersburg,2016-12-19T00:00:00.000Z,51,Tug,St. Petersburg,1
59.88227,30.19495,0,0,88,2,SPB,RU,141,0,KAPITAN SOROKIN,3,345312,31,43,28,5138,39,1,2016-12-19T21:51:04.000Z,st_petersburg,2016-12-19T00:00:00.000Z,51,Tug,St. Petersburg,1
59.88226,30.19494,0,0,88,3,SPB,RU,141,0,KAPITAN SOROKIN,3,345312,31,43,28,5138,39,1,2016-12-19T21:53:03.000Z,st_petersburg,2016-12-19T00:00:00.000Z,51,Tug,St. Petersburg,1
59.88226,30.19494,0,0,88,3,SPB,RU,141,0,KAPITAN SOROKIN,3,345312,31,43,28,5138,39,1,2016-12-19T21:53:13.000Z,st_petersburg,2016-12-19T00:00:00.000Z,51,Tug,St. Petersburg,1
59.88225,30.19493,0,0,88,2,SPB,RU,141,0,KAPITAN SOROKIN,3,345312,31,43,28,5138,39,1,2016-12-19T21:55:03.000Z,st_petersburg,2016-12-19T00:00:00.000Z,51,Tug,St. Petersburg,1
59.88225,30.19493,0,0,88,2,SPB,RU,141,0,KAPITAN SOROKIN,3,345312,31,43,28,5138,39,1,2016-12-19T21:55:04.000Z,st_petersburg,2016-12-19T00:00:00.000Z,51,Tug,St. Petersburg,1
59.88225,30.19493,0,0,88,4,SPB,RU,141,0,KAPITAN SOROKIN,3,345312,31,43,28,5138,39,1,2016-12-19T21:57:03.000Z,st_petersburg,2016-12-19T00:00:00.000Z,51,Tug,St. Petersburg,1
59.88225,30.19493,0,0,88,4,SPB,RU,141,0,KAPITAN SOROKIN,3,345312,31,43,28,5138,39,1,2016-12-19T21:57:04.000Z,st_petersburg,2016-12-19T00:00:00.000Z,51,Tug,St. Petersburg,1
59.88224,30.19494,0,0,88,3,SPB,RU,141,0,KAPITAN SOROKIN,3,345312,31,43,28,5138,39,1,2016-12-19T21:59:03.000Z,st_petersburg,2016-12-19T00:00:00.000Z,51,Tug,St. Petersburg,1
59.88224,30.19494,0,0,88,3,SPB,RU,141,0,KAPITAN SOROKIN,3,345312,31,43,28,5138,39,1,2016-12-19T21:59:04.000Z,st_petersburg,2016-12-19T00:00:00.000Z,51,Tug,St. Petersburg,1
59.88224,30.19494,0,0,88,5,SPB,RU,141,0,KAPITAN SOROKIN,3,345312,31,43,28,5138,39,0,2016-12-19T22:01:03.000Z,st_petersburg,2016-12-19T00:00:00.000Z,51,Tug,St. Petersburg,1
59.88224,30.19494,0,0,88,5,SPB,RU,141,0,KAPITAN SOROKIN,3,345312,31,43,28,5138,39,0,2016-12-19T22:01:04.000Z,st_petersburg,2016-12-19T00:00:00.000Z,51,Tug,St. Petersburg,1
59.88224,30.19494,0,0,88,7,SPB,RU,141,0,KAPITAN SOROKIN,3,345312,31,43,28,5138,39,0,2016-12-19T22:03:03.000Z,st_petersburg,2016-12-19T00:00:00.000Z,51,Tug,St. Petersburg,1
59.88224,30.19494,0,0,88,6,SPB,RU,141,0,KAPITAN SOROKIN,3,345312,31,43,28,5138,39,0,2016-12-19T22:03:04.000Z,st_petersburg,2016-12-19T00:00:00.000Z,51,Tug,St. Petersburg,1
59.88224,30.19494,0,0,88,9,SPB,RU,141,0,KAPITAN SOROKIN,3,345312,31,43,28,5138,39,1,2016-12-19T22:05:03.000Z,st_petersburg,2016-12-19T00:00:00.000Z,51,Tug,St. Petersburg,1
59.88224,30.19494,0,0,88,9,SPB,RU,141,0,KAPITAN SOROKIN,3,345312,31,43,28,5138,39,1,2016-12-19T22:05:04.000Z,st_petersburg,2016-12-19T00:00:00.000Z,51,Tug,St. Petersburg,1
59.88223,30.19492,0,0,88,3,SPB,RU,141,0,KAPITAN SOROKIN,3,345312,31,43,28,5138,39,1,2016-12-19T22:07:03.000Z,st_petersburg,2016-12-19T00:00:00.000Z,51,Tug,St. Petersburg,1
59.88223,30.19492,0,0,88,2,SPB,RU,141,0,KAPITAN SOROKIN,3,345312,31,43,28,5138,39,1,2016-12-19T22:07:04.000Z,st_petersburg,2016-12-19T00:00:00.000Z,51,Tug,St. Petersburg,1
59.88223,30.19492,0,0,88,5,SPB,RU,141,0,KAPITAN SOROKIN,3,345312,31,43,28,5138,39,1,2016-12-19T22:09:03.000Z,st_petersburg,2016-12-19T00:00:00.000Z,51,Tug,St. Petersburg,1
59.88223,30.19492,0,0,88,5,SPB,RU,141,0,KAPITAN SOROKIN,3,345312,31,43,28,5138,39,1,2016-12-19T22:09:04.000Z,st_petersburg,2016-12-19T00:00:00.000Z,51,Tug,St. Petersburg,1
59.88223,30.19492,0,0,88,7,SPB,RU,141,0,KAPITAN SOROKIN,3,345312,31,43,28,5138,39,1,2016-12-19T22:11:03.000Z,st_petersburg,2016-12-19T00:00:00.000Z,51,Tug,St. Petersburg,1
59.88223,30.19492,0,0,88,5,SPB,RU,141,0,KAPITAN SOROKIN,3,345312,31,43,28,5138,39,1,2016-12-19T22:11:03.000Z,st_petersburg,2016-12-19T00:00:00.000Z,51,Tug,St. Petersburg,1
59.88223,30.19492,0,0,88,9,SPB,RU,141,0,KAPITAN SOROKIN,3,345312,31,43,28,5138,39,1,2016-12-19T22:13:03.000Z,st_petersburg,2016-12-19T00:00:00.000Z,51,Tug,St. Petersburg,1
59.88223,30.19492,0,0,88,9,SPB,RU,141,0,KAPITAN SOROKIN,3,345312,31,43,28,5138,39,1,2016-12-19T22:13:03.000Z,st_petersburg,2016-12-19T00:00:00.000Z,51,Tug,St. Petersburg,1
59.88224,30.19496,0,0,88,3,SPB,RU,141,0,KAPITAN SOROKIN,3,345312,31,43,28,5138,39,1,2016-12-19T22:15:03.000Z,st_petersburg,2016-12-19T00:00:00.000Z,51,Tug,St. Petersburg,1
59.88224,30.19496,0,0,88,3,SPB,RU,141,0,KAPITAN SOROKIN,3,345312,31,43,28,5138,39,1,2016-12-19T22:15:04.000Z,st_petersburg,2016-12-19T00:00:00.000Z,51,Tug,St. Petersburg,1
59.88225,30.19494,0,0,88,2,SPB,RU,141,0,KAPITAN SOROKIN,3,345312,31,43,28,5138,39,1,2016-12-19T22:17:03.000Z,st_petersburg,2016-12-19T00:00:00.000Z,51,Tug,St. Petersburg,1
59.88224,30.19496,0,0,88,3,SPB,RU,141,0,KAPITAN SOROKIN,3,345312,31,43,28,5138,39,1,2016-12-19T22:17:04.000Z,st_petersburg,2016-12-19T00:00:00.000Z,51,Tug,St. Petersburg,1
59.88225,30.19494,0,0,88,4,SPB,RU,141,0,KAPITAN SOROKIN,3,345312,31,43,28,5138,39,1,2016-12-19T22:19:03.000Z,st_petersburg,2016-12-19T00:00:00.000Z,51,Tug,St. Petersburg,1
59.88225,30.19494,0,0,88,4,SPB,RU,141,0,KAPITAN SOROKIN,3,345312,31,43,28,5138,39,1,2016-12-19T22:19:04.000Z,st_petersburg,2016-12-19T00:00:00.000Z,51,Tug,St. Petersburg,1
59.88223,30.19499,0,0,88,3,SPB,RU,141,0,KAPITAN SOROKIN,3,345312,31,43,28,5138,39,1,2016-12-19T22:21:11.000Z,st_petersburg,2016-12-19T00:00:00.000Z,51,Tug,St. Petersburg,1
59.88223,30.19499,0,0,88,3,SPB,RU,141,0,KAPITAN SOROKIN,3,345312,31,43,28,5138,39,1,2016-12-19T22:21:12.000Z,st_petersburg,2016-12-19T00:00:00.000Z,51,Tug,St. Petersburg,1
59.88227,30.19495,0,0,88,2,SPB,RU,141,0,KAPITAN SOROKIN,3,345312,31,43,28,5138,39,1,2016-12-19T22:23:11.000Z,st_petersburg,2016-12-19T00:00:00.000Z,51,Tug,St. Petersburg,1
59.88223,30.19499,0,0,88,3,SPB,RU,141,0,KAPITAN SOROKIN,3,345312,31,43,28,5138,39,1,2016-12-19T22:23:12.000Z,st_petersburg,2016-12-19T00:00:00.000Z,51,Tug,St. Petersburg,1
59.88227,30.19495,0,0,88,4,SPB,RU,141,0,KAPITAN SOROKIN,3,345312,31,43,28,5138,39,1,2016-12-19T22:25:03.000Z,st_petersburg,2016-12-19T00:00:00.000Z,51,Tug,St. Petersburg,1
59.88227,30.19495,0,0,88,4,SPB,RU,141,0,KAPITAN SOROKIN,3,345312,31,43,28,5138,39,1,2016-12-19T22:25:04.000Z,st_petersburg,2016-12-19T00:00:00.000Z,51,Tug,St. Petersburg,1
59.88224,30.19497,0,0,88,3,SPB,RU,141,0,KAPITAN SOROKIN,3,345312,31,43,28,5138,39,1,2016-12-19T22:27:04.000Z,st_petersburg,2016-12-19T00:00:00.000Z,51,Tug,St. Petersburg,1
59.88224,30.19497,0,0,88,3,SPB,RU,141,0,KAPITAN SOROKIN,3,345312,31,43,28,5138,39,1,2016-12-19T22:27:04.000Z,st_petersburg,2016-12-19T00:00:00.000Z,51,Tug,St. Petersburg,1
59.88227,30.19492,0,0,88,2,SPB,RU,141,0,KAPITAN SOROKIN,3,345312,31,43,28,5138,39,1,2016-12-19T22:29:03.000Z,st_petersburg,2016-12-19T00:00:00.000Z,51,Tug,St. Petersburg,1
59.88227,30.19492,0,0,88,2,SPB,RU,141,0,KAPITAN SOROKIN,3,345312,31,43,28,5138,39,1,2016-12-19T22:29:04.000Z,st_petersburg,2016-12-19T00:00:00.000Z,51,Tug,St. Petersburg,1
59.88227,30.19492,0,0,88,4,SPB,RU,141,0,KAPITAN SOROKIN,3,345312,31,43,28,5138,39,1,2016-12-19T22:31:11.000Z,st_petersburg,2016-12-19T00:00:00.000Z,51,Tug,St. Petersburg,1
59.88227,30.19492,0,0,88,4,SPB,RU,141,0,KAPITAN SOROKIN,3,345312,31,43,28,5138,39,1,2016-12-19T22:31:12.000Z,st_petersburg,2016-12-19T00:00:00.000Z,51,Tug,St. Petersburg,1
59.88224,30.19495,0,0,88,3,SPB,RU,141,0,KAPITAN SOROKIN,3,345312,31,43,28,5138,39,1,2016-12-19T22:33:03.000Z,st_petersburg,2016-12-19T00:00:00.000Z,51,Tug,St. Petersburg,1
59.88224,30.19495,0,0,88,3,SPB,RU,141,0,KAPITAN SOROKIN,3,345312,31,43,28,5138,39,1,2016-12-19T22:33:04.000Z,st_petersburg,2016-12-19T00:00:00.000Z,51,Tug,St. Petersburg,1
59.88224,30.19495,0,0,88,5,SPB,RU,141,0,KAPITAN SOROKIN,3,345312,31,43,28,5138,39,1,2016-12-19T22:35:03.000Z,st_petersburg,2016-12-19T00:00:00.000Z,51,Tug,St. Petersburg,1
59.88224,30.19495,0,0,88,3,SPB,RU,141,0,KAPITAN SOROKIN,3,345312,31,43,28,5138,39,1,2016-12-19T22:35:04.000Z,st_petersburg,2016-12-19T00:00:00.000Z,51,Tug,St. Petersburg,1
59.88224,30.19495,0,0,88,7,SPB,RU,141,0,KAPITAN SOROKIN,3,345312,31,43,28,5138,39,1,2016-12-19T22:37:03.000Z,st_petersburg,2016-12-19T00:00:00.000Z,51,Tug,St. Petersburg,1
59.88224,30.19495,0,0,88,7,SPB,RU,141,0,KAPITAN SOROKIN,3,345312,31,43,28,5138,39,1,2016-12-19T22:37:04.000Z,st_petersburg,2016-12-19T00:00:00.000Z,51,Tug,St. Petersburg,1
59.88224,30.19495,0,0,88,9,SPB,RU,141,0,KAPITAN SOROKIN,3,345312,31,43,28,5138,39,1,2016-12-19T22:39:03.000Z,st_petersburg,2016-12-19T00:00:00.000Z,51,Tug,St. Petersburg,1
59.88224,30.19495,0,0,88,9,SPB,RU,141,0,KAPITAN SOROKIN,3,345312,31,43,28,5138,39,1,2016-12-19T22:39:04.000Z,st_petersburg,2016-12-19T00:00:00.000Z,51,Tug,St. Petersburg,1
59.88227,30.19491,0,0,88,3,SPB,RU,141,0,KAPITAN SOROKIN,3,345312,31,43,28,5138,39,1,2016-12-19T22:41:03.000Z,st_petersburg,2016-12-19T00:00:00.000Z,51,Tug,St. Petersburg,1
59.88224,30.19495,0,0,88,9,SPB,RU,141,0,KAPITAN SOROKIN,3,345312,31,43,28,5138,39,1,2016-12-19T22:41:04.000Z,st_petersburg,2016-12-19T00:00:00.000Z,51,Tug,St. Petersburg,1
59.88222,30.19495,0,0,88,2,SPB,RU,141,0,KAPITAN SOROKIN,3,345312,31,43,28,5138,39,1,2016-12-19T22:43:03.000Z,st_petersburg,2016-12-19T00:00:00.000Z,51,Tug,St. Petersburg,1
59.88227,30.19491,0,0,88,4,SPB,RU,141,0,KAPITAN SOROKIN,3,345312,31,43,28,5138,39,1,2016-12-19T22:43:04.000Z,st_petersburg,2016-12-19T00:00:00.000Z,51,Tug,St. Petersburg,1
59.88222,30.19495,0,0,88,4,SPB,RU,141,0,KAPITAN SOROKIN,3,345312,31,43,28,5138,39,1,2016-12-19T22:45:03.000Z,st_petersburg,2016-12-19T00:00:00.000Z,51,Tug,St. Petersburg,1
59.88222,30.19495,0,0,88,4,SPB,RU,141,0,KAPITAN SOROKIN,3,345312,31,43,28,5138,39,1,2016-12-19T22:45:03.000Z,st_petersburg,2016-12-19T00:00:00.000Z,51,Tug,St. Petersburg,1
59.88223,30.19496,0,0,88,3,SPB,RU,141,0,KAPITAN SOROKIN,3,345312,31,43,28,5138,39,1,2016-12-19T22:47:03.000Z,st_petersburg,2016-12-19T00:00:00.000Z,51,Tug,St. Petersburg,1
59.88223,30.19496,0,0,88,2,SPB,RU,141,0,KAPITAN SOROKIN,3,345312,31,43,28,5138,39,1,2016-12-19T22:47:12.000Z,st_petersburg,2016-12-19T00:00:00.000Z,51,Tug,St. Petersburg,1
59.88224,30.19493,0,0,88,2,SPB,RU,141,0,KAPITAN SOROKIN,3,345312,31,43,28,5138,39,1,2016-12-19T22:49:11.000Z,st_petersburg,2016-12-19T00:00:00.000Z,51,Tug,St. Petersburg,1
59.88224,30.19493,0,0,88,2,SPB,RU,141,0,KAPITAN SOROKIN,3,345312,31,43,28,5138,39,1,2016-12-19T22:49:12.000Z,st_petersburg,2016-12-19T00:00:00.000Z,51,Tug,St. Petersburg,1
59.88224,30.19493,0,0,88,4,SPB,RU,141,0,KAPITAN SOROKIN,3,345312,31,43,28,5138,39,1,2016-12-19T22:51:03.000Z,st_petersburg,2016-12-19T00:00:00.000Z,51,Tug,St. Petersburg,1
59.88224,30.19493,0,0,88,2,SPB,RU,141,0,KAPITAN SOROKIN,3,345312,31,43,28,5138,39,1,2016-12-19T22:51:04.000Z,st_petersburg,2016-12-19T00:00:00.000Z,51,Tug,St. Petersburg,1
59.88224,30.19493,0,0,88,6,SPB,RU,141,0,KAPITAN SOROKIN,3,345312,31,43,28,5138,39,1,2016-12-19T22:53:03.000Z,st_petersburg,2016-12-19T00:00:00.000Z,51,Tug,St. Petersburg,1
59.88224,30.19493,0,0,88,5,SPB,RU,141,0,KAPITAN SOROKIN,3,345312,31,43,28,5138,39,1,2016-12-19T22:53:04.000Z,st_petersburg,2016-12-19T00:00:00.000Z,51,Tug,St. Petersburg,1
59.88224,30.19493,0,0,88,8,SPB,RU,141,0,KAPITAN SOROKIN,3,345312,31,43,28,5138,39,1,2016-12-19T22:55:03.000Z,st_petersburg,2016-12-19T00:00:00.000Z,51,Tug,St. Petersburg,1
59.88224,30.19493,0,0,88,8,SPB,RU,141,0,KAPITAN SOROKIN,3,345312,31,43,28,5138,39,1,2016-12-19T22:55:04.000Z,st_petersburg,2016-12-19T00:00:00.000Z,51,Tug,St. Petersburg,1
59.88225,30.19493,0,0,88,2,SPB,RU,141,0,KAPITAN SOROKIN,3,345312,31,43,28,5138,39,1,2016-12-19T22:57:03.000Z,st_petersburg,2016-12-19T00:00:00.000Z,51,Tug,St. Petersburg,1
59.88224,30.19493,0,0,88,8,SPB,RU,141,0,KAPITAN SOROKIN,3,345312,31,43,28,5138,39,1,2016-12-19T22:57:03.000Z,st_petersburg,2016-12-19T00:00:00.000Z,51,Tug,St. Petersburg,1
59.88225,30.19493,0,0,88,4,SPB,RU,141,0,KAPITAN SOROKIN,3,345312,31,43,28,5138,39,1,2016-12-19T22:59:03.000Z,st_petersburg,2016-12-19T00:00:00.000Z,51,Tug,St. Petersburg,1
59.88225,30.19493,0,0,88,4,SPB,RU,141,0,KAPITAN SOROKIN,3,345312,31,43,28,5138,39,1,2016-12-19T22:59:04.000Z,st_petersburg,2016-12-19T00:00:00.000Z,51,Tug,St. Petersburg,1
59.88225,30.19493,0,0,88,6,SPB,RU,141,0,KAPITAN SOROKIN,3,345312,31,43,28,5138,39,1,2016-12-19T23:01:03.000Z,st_petersburg,2016-12-19T00:00:00.000Z,51,Tug,St. Petersburg,1
59.88225,30.19493,0,0,88,6,SPB,RU,141,0,KAPITAN SOROKIN,3,345312,31,43,28,5138,39,1,2016-12-19T23:01:04.000Z,st_petersburg,2016-12-19T00:00:00.000Z,51,Tug,St. Petersburg,1
59.88225,30.19493,0,0,88,8,SPB,RU,141,0,KAPITAN SOROKIN,3,345312,31,43,28,5138,39,1,2016-12-19T23:03:03.000Z,st_petersburg,2016-12-19T00:00:00.000Z,51,Tug,St. Petersburg,1
59.88225,30.19493,0,0,88,8,SPB,RU,141,0,KAPITAN SOROKIN,3,345312,31,43,28,5138,39,1,2016-12-19T23:03:04.000Z,st_petersburg,2016-12-19T00:00:00.000Z,51,Tug,St. Petersburg,1
59.88228,30.19498,1,0,88,2,SPB,RU,141,0,KAPITAN SOROKIN,3,345312,31,43,28,5138,39,1,2016-12-19T23:05:03.000Z,st_petersburg,2016-12-19T00:00:00.000Z,51,Tug,St. Petersburg,1
59.88228,30.19498,1,0,88,2,SPB,RU,141,0,KAPITAN SOROKIN,3,345312,31,43,28,5138,39,1,2016-12-19T23:05:04.000Z,st_petersburg,2016-12-19T00:00:00.000Z,51,Tug,St. Petersburg,1
59.88228,30.19498,1,0,88,4,SPB,RU,141,0,KAPITAN SOROKIN,3,345312,31,43,28,5138,39,1,2016-12-19T23:07:03.000Z,st_petersburg,2016-12-19T00:00:00.000Z,51,Tug,St. Petersburg,1
59.88228,30.19498,1,0,88,4,SPB,RU,141,0,KAPITAN SOROKIN,3,345312,31,43,28,5138,39,1,2016-12-19T23:07:04.000Z,st_petersburg,2016-12-19T00:00:00.000Z,51,Tug,St. Petersburg,1
59.88228,30.19494,0,0,88,3,SPB,RU,141,0,KAPITAN SOROKIN,3,345312,31,43,28,5138,39,1,2016-12-19T23:09:03.000Z,st_petersburg,2016-12-19T00:00:00.000Z,51,Tug,St. Petersburg,1
59.88228,30.19494,0,0,88,3,SPB,RU,141,0,KAPITAN SOROKIN,3,345312,31,43,28,5138,39,1,2016-12-19T23:09:03.000Z,st_petersburg,2016-12-19T00:00:00.000Z,51,Tug,St. Petersburg,1
59.88228,30.19496,0,0,88,2,SPB,RU,141,0,KAPITAN SOROKIN,3,345312,31,43,28,5138,39,1,2016-12-19T23:11:03.000Z,st_petersburg,2016-12-19T00:00:00.000Z,51,Tug,St. Petersburg,1
59.88228,30.19496,0,0,88,2,SPB,RU,141,0,KAPITAN SOROKIN,3,345312,31,43,28,5138,39,1,2016-12-19T23:11:04.000Z,st_petersburg,2016-12-19T00:00:00.000Z,51,Tug,St. Petersburg,1
59.88228,30.19496,0,0,88,4,SPB,RU,141,0,KAPITAN SOROKIN,3,345312,31,43,28,5138,39,1,2016-12-19T23:13:04.000Z,st_petersburg,2016-12-19T00:00:00.000Z,51,Tug,St. Petersburg,1
59.88228,30.19496,0,0,88,4,SPB,RU,141,0,KAPITAN SOROKIN,3,345312,31,43,28,5138,39,1,2016-12-19T23:13:04.000Z,st_petersburg,2016-12-19T00:00:00.000Z,51,Tug,St. Petersburg,1
59.88228,30.19493,1,0,88,3,SPB,RU,141,0,KAPITAN SOROKIN,3,345312,31,43,28,5138,39,1,2016-12-19T23:15:03.000Z,st_petersburg,2016-12-19T00:00:00.000Z,51,Tug,St. Petersburg,1
59.88228,30.19493,1,0,88,3,SPB,RU,141,0,KAPITAN SOROKIN,3,345312,31,43,28,5138,39,1,2016-12-19T23:15:04.000Z,st_petersburg,2016-12-19T00:00:00.000Z,51,Tug,St. Petersburg,1
59.88228,30.19493,1,0,88,5,SPB,RU,141,0,KAPITAN SOROKIN,3,345312,31,43,28,5138,39,1,2016-12-19T23:17:03.000Z,st_petersburg,2016-12-19T00:00:00.000Z,51,Tug,St. Petersburg,1
59.88228,30.19493,1,0,88,5,SPB,RU,141,0,KAPITAN SOROKIN,3,345312,31,43,28,5138,39,1,2016-12-19T23:17:04.000Z,st_petersburg,2016-12-19T00:00:00.000Z,51,Tug,St. Petersburg,1
59.88228,30.19494,0,0,88,3,SPB,RU,141,0,KAPITAN SOROKIN,3,345312,31,43,28,5138,39,1,2016-12-19T23:19:12.000Z,st_petersburg,2016-12-19T00:00:00.000Z,51,Tug,St. Petersburg,1
59.88228,30.19494,0,0,88,3,SPB,RU,141,0,KAPITAN SOROKIN,3,345312,31,43,28,5138,39,1,2016-12-19T23:19:13.000Z,st_petersburg,2016-12-19T00:00:00.000Z,51,Tug,St. Petersburg,1
59.88223,30.19499,1,0,88,2,SPB,RU,141,0,KAPITAN SOROKIN,3,345312,31,43,28,5138,39,1,2016-12-19T23:21:03.000Z,st_petersburg,2016-12-19T00:00:00.000Z,51,Tug,St. Petersburg,1
59.88223,30.19499,1,0,88,2,SPB,RU,141,0,KAPITAN SOROKIN,3,345312,31,43,28,5138,39,1,2016-12-19T23:21:04.000Z,st_petersburg,2016-12-19T00:00:00.000Z,51,Tug,St. Petersburg,1
59.88223,30.19499,1,0,88,4,SPB,RU,141,0,KAPITAN SOROKIN,3,345312,31,43,28,5138,39,1,2016-12-19T23:23:03.000Z,st_petersburg,2016-12-19T00:00:00.000Z,51,Tug,St. Petersburg,1
59.88223,30.19499,1,0,88,4,SPB,RU,141,0,KAPITAN SOROKIN,3,345312,31,43,28,5138,39,1,2016-12-19T23:23:04.000Z,st_petersburg,2016-12-19T00:00:00.000Z,51,Tug,St. Petersburg,1
59.88227,30.19493,0,0,88,3,SPB,RU,141,0,KAPITAN SOROKIN,3,345312,31,43,28,5138,39,1,2016-12-19T23:25:03.000Z,st_petersburg,2016-12-19T00:00:00.000Z,51,Tug,St. Petersburg,1
59.88227,30.19493,0,0,88,3,SPB,RU,141,0,KAPITAN SOROKIN,3,345312,31,43,28,5138,39,1,2016-12-19T23:25:04.000Z,st_petersburg,2016-12-19T00:00:00.000Z,51,Tug,St. Petersburg,1
59.88227,30.19493,0,0,88,5,SPB,RU,141,0,KAPITAN SOROKIN,3,345312,31,43,28,5138,39,1,2016-12-19T23:27:03.000Z,st_petersburg,2016-12-19T00:00:00.000Z,51,Tug,St. Petersburg,1
59.88227,30.19493,0,0,88,5,SPB,RU,141,0,KAPITAN SOROKIN,3,345312,31,43,28,5138,39,1,2016-12-19T23:27:04.000Z,st_petersburg,2016-12-19T00:00:00.000Z,51,Tug,St. Petersburg,1
59.88227,30.19494,0,0,88,3,SPB,RU,141,0,KAPITAN SOROKIN,3,345312,31,43,28,5138,39,1,2016-12-19T23:29:04.000Z,st_petersburg,2016-12-19T00:00:00.000Z,51,Tug,St. Petersburg,1
59.88227,30.19494,0,0,88,2,SPB,RU,141,0,KAPITAN SOROKIN,3,345312,31,43,28,5138,39,1,2016-12-19T23:29:04.000Z,st_petersburg,2016-12-19T00:00:00.000Z,51,Tug,St. Petersburg,1
59.88227,30.19494,1,0,88,2,SPB,RU,141,0,KAPITAN SOROKIN,3,345312,31,43,28,5138,39,1,2016-12-19T23:31:15.000Z,st_petersburg,2016-12-19T00:00:00.000Z,51,Tug,St. Petersburg,1
59.88227,30.19494,1,0,88,2,SPB,RU,141,0,KAPITAN SOROKIN,3,345312,31,43,28,5138,39,1,2016-12-19T23:31:15.000Z,st_petersburg,2016-12-19T00:00:00.000Z,51,Tug,St. Petersburg,1
59.88227,30.19494,1,0,88,2,SPB,RU,141,0,KAPITAN SOROKIN,3,345312,31,43,28,5138,39,1,2016-12-19T23:33:03.000Z,st_petersburg,2016-12-19T00:00:00.000Z,51,Tug,St. Petersburg,1
59.88227,30.19494,1,0,88,4,SPB,RU,141,0,KAPITAN SOROKIN,3,345312,31,43,28,5138,39,1,2016-12-19T23:33:04.000Z,st_petersburg,2016-12-19T00:00:00.000Z,51,Tug,St. Petersburg,1
59.88229,30.19494,1,0,88,3,SPB,RU,141,0,KAPITAN SOROKIN,3,345312,31,43,28,5138,39,1,2016-12-19T23:35:03.000Z,st_petersburg,2016-12-19T00:00:00.000Z,51,Tug,St. Petersburg,1
59.88229,30.19494,1,0,88,3,SPB,RU,141,0,KAPITAN SOROKIN,3,345312,31,43,28,5138,39,1,2016-12-19T23:35:04.000Z,st_petersburg,2016-12-19T00:00:00.000Z,51,Tug,St. Petersburg,1
59.88229,30.19494,1,0,88,5,SPB,RU,141,0,KAPITAN SOROKIN,3,345312,31,43,28,5138,39,1,2016-12-19T23:37:03.000Z,st_petersburg,2016-12-19T00:00:00.000Z,51,Tug,St. Petersburg,1
59.88229,30.19494,1,0,88,5,SPB,RU,141,0,KAPITAN SOROKIN,3,345312,31,43,28,5138,39,1,2016-12-19T23:37:04.000Z,st_petersburg,2016-12-19T00:00:00.000Z,51,Tug,St. Petersburg,1
59.88229,30.19494,1,0,88,7,SPB,RU,141,0,KAPITAN SOROKIN,3,345312,31,43,28,5138,39,0,2016-12-19T23:39:03.000Z,st_petersburg,2016-12-19T00:00:00.000Z,51,Tug,St. Petersburg,1
59.88229,30.19494,1,0,88,7,SPB,RU,141,0,KAPITAN SOROKIN,3,345312,31,43,28,5138,39,0,2016-12-19T23:39:04.000Z,st_petersburg,2016-12-19T00:00:00.000Z,51,Tug,St. Petersburg,1
59.88229,30.19494,1,0,88,9,SPB,RU,141,0,KAPITAN SOROKIN,3,345312,31,43,28,5138,39,0,2016-12-19T23:41:03.000Z,st_petersburg,2016-12-19T00:00:00.000Z,51,Tug,St. Petersburg,1
59.88229,30.19494,1,0,88,9,SPB,RU,141,0,KAPITAN SOROKIN,3,345312,31,43,28,5138,39,0,2016-12-19T23:41:04.000Z,st_petersburg,2016-12-19T00:00:00.000Z,51,Tug,St. Petersburg,1
59.88227,30.19498,1,0,88,3,SPB,RU,141,0,KAPITAN SOROKIN,3,345312,31,43,28,5138,39,1,2016-12-19T23:43:03.000Z,st_petersburg,2016-12-19T00:00:00.000Z,51,Tug,St. Petersburg,1
59.88227,30.19498,1,0,88,3,SPB,RU,141,0,KAPITAN SOROKIN,3,345312,31,43,28,5138,39,1,2016-12-19T23:43:04.000Z,st_petersburg,2016-12-19T00:00:00.000Z,51,Tug,St. Petersburg,1
59.88228,30.19495,0,0,88,2,SPB,RU,141,0,KAPITAN SOROKIN,3,345312,31,43,28,5138,39,1,2016-12-19T23:45:04.000Z,st_petersburg,2016-12-19T00:00:00.000Z,51,Tug,St. Petersburg,1
59.88228,30.19495,0,0,88,2,SPB,RU,141,0,KAPITAN SOROKIN,3,345312,31,43,28,5138,39,1,2016-12-19T23:45:04.000Z,st_petersburg,2016-12-19T00:00:00.000Z,51,Tug,St. Petersburg,1
59.88228,30.19495,0,0,88,4,SPB,RU,141,0,KAPITAN SOROKIN,3,345312,31,43,28,5138,39,1,2016-12-19T23:47:03.000Z,st_petersburg,2016-12-19T00:00:00.000Z,51,Tug,St. Petersburg,1
59.88228,30.19495,0,0,88,4,SPB,RU,141,0,KAPITAN SOROKIN,3,345312,31,43,28,5138,39,1,2016-12-19T23:47:04.000Z,st_petersburg,2016-12-19T00:00:00.000Z,51,Tug,St. Petersburg,1
59.88225,30.19496,0,0,88,3,SPB,RU,141,0,KAPITAN SOROKIN,3,345312,31,43,28,5138,39,0,2016-12-19T23:49:03.000Z,st_petersburg,2016-12-19T00:00:00.000Z,51,Tug,St. Petersburg,1
59.88225,30.19496,0,0,88,3,SPB,RU,141,0,KAPITAN SOROKIN,3,345312,31,43,28,5138,39,0,2016-12-19T23:49:04.000Z,st_petersburg,2016-12-19T00:00:00.000Z,51,Tug,St. Petersburg,1
59.88226,30.19496,0,0,88,2,SPB,RU,141,0,KAPITAN SOROKIN,3,345312,31,43,28,5138,39,1,2016-12-19T23:51:03.000Z,st_petersburg,2016-12-19T00:00:00.000Z,51,Tug,St. Petersburg,1
59.88226,30.19496,0,0,88,2,SPB,RU,141,0,KAPITAN SOROKIN,3,345312,31,43,28,5138,39,1,2016-12-19T23:51:04.000Z,st_petersburg,2016-12-19T00:00:00.000Z,51,Tug,St. Petersburg,1
59.88226,30.19496,0,0,88,4,SPB,RU,141,0,KAPITAN SOROKIN,3,345312,31,43,28,5138,39,1,2016-12-19T23:53:03.000Z,st_petersburg,2016-12-19T00:00:00.000Z,51,Tug,St. Petersburg,1
59.88226,30.19496,0,0,88,4,SPB,RU,141,0,KAPITAN SOROKIN,3,345312,31,43,28,5138,39,1,2016-12-19T23:53:04.000Z,st_petersburg,2016-12-19T00:00:00.000Z,51,Tug,St. Petersburg,1
59.88224,30.19496,1,0,88,3,SPB,RU,141,0,KAPITAN SOROKIN,3,345312,31,43,28,5138,39,1,2016-12-19T23:55:03.000Z,st_petersburg,2016-12-19T00:00:00.000Z,51,Tug,St. Petersburg,1
59.88224,30.19496,1,0,88,3,SPB,RU,141,0,KAPITAN SOROKIN,3,345312,31,43,28,5138,39,1,2016-12-19T23:55:04.000Z,st_petersburg,2016-12-19T00:00:00.000Z,51,Tug,St. Petersburg,1
59.88231,30.195,0,0,88,2,SPB,RU,141,0,KAPITAN SOROKIN,3,345312,31,43,28,5138,39,1,2016-12-19T23:57:11.000Z,st_petersburg,2016-12-19T00:00:00.000Z,51,Tug,St. Petersburg,1
59.88231,30.195,0,0,88,2,SPB,RU,141,0,KAPITAN SOROKIN,3,345312,31,43,28,5138,39,1,2016-12-19T23:57:12.000Z,st_petersburg,2016-12-19T00:00:00.000Z,51,Tug,St. Petersburg,1
59.88231,30.195,0,0,88,2,SPB,RU,141,0,KAPITAN SOROKIN,3,345312,31,43,28,5138,39,1,2016-12-19T23:59:03.000Z,st_petersburg,2016-12-19T00:00:00.000Z,51,Tug,St. Petersburg,1
59.88231,30.195,0,0,88,4,SPB,RU,141,0,KAPITAN SOROKIN,3,345312,31,43,28,5138,39,1,2016-12-19T23:59:04.000Z,st_petersburg,2016-12-19T00:00:00.000Z,51,Tug,St. Petersburg,1
59.88226,30.19495,0,0,88,3,SPB,RU,141,0,KAPITAN SOROKIN,3,345312,31,43,28,5138,39,1,2016-12-20T00:01:03.000Z,st_petersburg,2016-12-20T00:00:00.000Z,51,Tug,St. Petersburg,1
59.88226,30.19495,0,0,88,2,SPB,RU,141,0,KAPITAN SOROKIN,3,345312,31,43,28,5138,39,1,2016-12-20T00:01:04.000Z,st_petersburg,2016-12-20T00:00:00.000Z,51,Tug,St. Petersburg,1
59.88229,30.19493,0,0,88,2,SPB,RU,141,0,KAPITAN SOROKIN,3,345312,31,43,28,5138,39,1,2016-12-20T00:03:04.000Z,st_petersburg,2016-12-20T00:00:00.000Z,51,Tug,St. Petersburg,1
59.88229,30.19493,0,0,88,2,SPB,RU,141,0,KAPITAN SOROKIN,3,345312,31,43,28,5138,39,1,2016-12-20T00:03:04.000Z,st_petersburg,2016-12-20T00:00:00.000Z,51,Tug,St. Petersburg,1
59.88229,30.19493,0,0,88,4,SPB,RU,141,0,KAPITAN SOROKIN,3,345312,31,43,28,5138,39,1,2016-12-20T00:05:04.000Z,st_petersburg,2016-12-20T00:00:00.000Z,51,Tug,St. Petersburg,1
59.88229,30.19493,0,0,88,4,SPB,RU,141,0,KAPITAN SOROKIN,3,345312,31,43,28,5138,39,1,2016-12-20T00:05:05.000Z,st_petersburg,2016-12-20T00:00:00.000Z,51,Tug,St. Petersburg,1
59.88225,30.19497,0,0,88,3,SPB,RU,141,0,KAPITAN SOROKIN,3,345312,31,43,28,5138,39,0,2016-12-20T00:07:03.000Z,st_petersburg,2016-12-20T00:00:00.000Z,51,Tug,St. Petersburg,1
59.88225,30.19497,0,0,88,2,SPB,RU,141,0,KAPITAN SOROKIN,3,345312,31,43,28,5138,39,0,2016-12-20T00:07:04.000Z,st_petersburg,2016-12-20T00:00:00.000Z,51,Tug,St. Petersburg,1
59.88227,30.19497,0,0,88,2,SPB,RU,141,0,KAPITAN SOROKIN,3,345312,31,43,28,5138,39,0,2016-12-20T00:09:04.000Z,st_petersburg,2016-12-20T00:00:00.000Z,51,Tug,St. Petersburg,1
59.88227,30.19497,0,0,88,2,SPB,RU,141,0,KAPITAN SOROKIN,3,345312,31,43,28,5138,39,0,2016-12-20T00:09:04.000Z,st_petersburg,2016-12-20T00:00:00.000Z,51,Tug,St. Petersburg,1
59.88227,30.19497,0,0,88,4,SPB,RU,141,0,KAPITAN SOROKIN,3,345312,31,43,28,5138,39,0,2016-12-20T00:11:03.000Z,st_petersburg,2016-12-20T00:00:00.000Z,51,Tug,St. Petersburg,1
59.88227,30.19497,0,0,88,4,SPB,RU,141,0,KAPITAN SOROKIN,3,345312,31,43,28,5138,39,0,2016-12-20T00:11:04.000Z,st_petersburg,2016-12-20T00:00:00.000Z,51,Tug,St. Petersburg,1
59.88225,30.19496,0,0,88,3,SPB,RU,141,0,KAPITAN SOROKIN,3,345312,31,43,28,5138,39,1,2016-12-20T00:13:03.000Z,st_petersburg,2016-12-20T00:00:00.000Z,51,Tug,St. Petersburg,1
59.88225,30.19496,0,0,88,3,SPB,RU,141,0,KAPITAN SOROKIN,3,345312,31,43,28,5138,39,1,2016-12-20T00:13:04.000Z,st_petersburg,2016-12-20T00:00:00.000Z,51,Tug,St. Petersburg,1
59.88228,30.19497,0,0,88,2,SPB,RU,141,0,KAPITAN SOROKIN,3,345312,31,43,28,5138,39,1,2016-12-20T00:15:03.000Z,st_petersburg,2016-12-20T00:00:00.000Z,51,Tug,St. Petersburg,1
59.88225,30.19496,0,0,88,4,SPB,RU,141,0,KAPITAN SOROKIN,3,345312,31,43,28,5138,39,1,2016-12-20T00:15:04.000Z,st_petersburg,2016-12-20T00:00:00.000Z,51,Tug,St. Petersburg,1
59.88228,30.19497,0,0,88,4,SPB,RU,141,0,KAPITAN SOROKIN,3,345312,31,43,28,5138,39,1,2016-12-20T00:17:03.000Z,st_petersburg,2016-12-20T00:00:00.000Z,51,Tug,St. Petersburg,1
59.88228,30.19497,0,0,88,4,SPB,RU,141,0,KAPITAN SOROKIN,3,345312,31,43,28,5138,39,1,2016-12-20T00:17:04.000Z,st_petersburg,2016-12-20T00:00:00.000Z,51,Tug,St. Petersburg,1
59.88224,30.1949,0,0,88,3,SPB,RU,141,0,KAPITAN SOROKIN,3,345312,31,43,28,5138,39,1,2016-12-20T00:19:03.000Z,st_petersburg,2016-12-20T00:00:00.000Z,51,Tug,St. Petersburg,1
59.88228,30.19497,0,0,88,4,SPB,RU,141,0,KAPITAN SOROKIN,3,345312,31,43,28,5138,39,1,2016-12-20T00:19:03.000Z,st_petersburg,2016-12-20T00:00:00.000Z,51,Tug,St. Petersburg,1
59.88224,30.1949,0,0,88,5,SPB,RU,141,0,KAPITAN SOROKIN,3,345312,31,43,28,5138,39,1,2016-12-20T00:21:03.000Z,st_petersburg,2016-12-20T00:00:00.000Z,51,Tug,St. Petersburg,1
59.88224,30.1949,0,0,88,4,SPB,RU,141,0,KAPITAN SOROKIN,3,345312,31,43,28,5138,39,1,2016-12-20T00:21:04.000Z,st_petersburg,2016-12-20T00:00:00.000Z,51,Tug,St. Petersburg,1
59.88227,30.19498,0,0,88,3,SPB,RU,141,0,KAPITAN SOROKIN,3,345312,31,43,28,5138,39,1,2016-12-20T00:23:04.000Z,st_petersburg,2016-12-20T00:00:00.000Z,51,Tug,St. Petersburg,1
59.88227,30.19498,0,0,88,3,SPB,RU,141,0,KAPITAN SOROKIN,3,345312,31,43,28,5138,39,1,2016-12-20T00:23:05.000Z,st_petersburg,2016-12-20T00:00:00.000Z,51,Tug,St. Petersburg,1
59.88228,30.19493,0,0,88,2,SPB,RU,141,0,KAPITAN SOROKIN,3,345312,31,43,28,5138,39,1,2016-12-20T00:25:10.000Z,st_petersburg,2016-12-20T00:00:00.000Z,51,Tug,St. Petersburg,1
59.88228,30.19493,0,0,88,2,SPB,RU,141,0,KAPITAN SOROKIN,3,345312,31,43,28,5138,39,1,2016-12-20T00:25:11.000Z,st_petersburg,2016-12-20T00:00:00.000Z,51,Tug,St. Petersburg,1
59.88228,30.19493,0,0,88,4,SPB,RU,141,0,KAPITAN SOROKIN,3,345312,31,43,28,5138,39,1,2016-12-20T00:27:03.000Z,st_petersburg,2016-12-20T00:00:00.000Z,51,Tug,St. Petersburg,1
59.88228,30.19493,0,0,88,4,SPB,RU,141,0,KAPITAN SOROKIN,3,345312,31,43,28,5138,39,1,2016-12-20T00:27:04.000Z,st_petersburg,2016-12-20T00:00:00.000Z,51,Tug,St. Petersburg,1
59.88225,30.19494,0,0,88,3,SPB,RU,141,0,KAPITAN SOROKIN,3,345312,31,43,28,5138,39,1,2016-12-20T00:29:03.000Z,st_petersburg,2016-12-20T00:00:00.000Z,51,Tug,St. Petersburg,1
59.88225,30.19494,0,0,88,3,SPB,RU,141,0,KAPITAN SOROKIN,3,345312,31,43,28,5138,39,1,2016-12-20T00:29:04.000Z,st_petersburg,2016-12-20T00:00:00.000Z,51,Tug,St. Petersburg,1
59.88229,30.19496,0,0,88,2,SPB,RU,141,0,KAPITAN SOROKIN,3,345312,31,43,28,5138,39,1,2016-12-20T00:31:04.000Z,st_petersburg,2016-12-20T00:00:00.000Z,51,Tug,St. Petersburg,1
59.88229,30.19496,0,0,88,2,SPB,RU,141,0,KAPITAN SOROKIN,3,345312,31,43,28,5138,39,1,2016-12-20T00:31:05.000Z,st_petersburg,2016-12-20T00:00:00.000Z,51,Tug,St. Petersburg,1
59.88229,30.19496,0,0,88,4,SPB,RU,141,0,KAPITAN SOROKIN,3,345312,31,43,28,5138,39,1,2016-12-20T00:33:03.000Z,st_petersburg,2016-12-20T00:00:00.000Z,51,Tug,St. Petersburg,1
59.88229,30.19496,0,0,88,4,SPB,RU,141,0,KAPITAN SOROKIN,3,345312,31,43,28,5138,39,1,2016-12-20T00:33:04.000Z,st_petersburg,2016-12-20T00:00:00.000Z,51,Tug,St. Petersburg,1
59.88229,30.19496,0,0,88,6,SPB,RU,141,0,KAPITAN SOROKIN,3,345312,31,43,28,5138,39,1,2016-12-20T00:35:11.000Z,st_petersburg,2016-12-20T00:00:00.000Z,51,Tug,St. Petersburg,1
59.88229,30.19496,0,0,88,6,SPB,RU,141,0,KAPITAN SOROKIN,3,345312,31,43,28,5138,39,1,2016-12-20T00:35:12.000Z,st_petersburg,2016-12-20T00:00:00.000Z,51,Tug,St. Petersburg,1
59.88229,30.19496,0,0,88,8,SPB,RU,141,0,KAPITAN SOROKIN,3,345312,31,43,28,5138,39,1,2016-12-20T00:37:04.000Z,st_petersburg,2016-12-20T00:00:00.000Z,51,Tug,St. Petersburg,1
59.88229,30.19496,0,0,88,6,SPB,RU,141,0,KAPITAN SOROKIN,3,345312,31,43,28,5138,39,1,2016-12-20T00:37:04.000Z,st_petersburg,2016-12-20T00:00:00.000Z,51,Tug,St. Petersburg,1
59.88223,30.19493,0,0,88,2,SPB,RU,141,0,KAPITAN SOROKIN,3,345312,31,43,28,5138,39,1,2016-12-20T00:39:04.000Z,st_petersburg,2016-12-20T00:00:00.000Z,51,Tug,St. Petersburg,1
59.88223,30.19493,0,0,88,2,SPB,RU,141,0,KAPITAN SOROKIN,3,345312,31,43,28,5138,39,1,2016-12-20T00:39:04.000Z,st_petersburg,2016-12-20T00:00:00.000Z,51,Tug,St. Petersburg,1
59.88223,30.19493,0,0,88,4,SPB,RU,141,0,KAPITAN SOROKIN,3,345312,31,43,28,5138,39,1,2016-12-20T00:41:03.000Z,st_petersburg,2016-12-20T00:00:00.000Z,51,Tug,St. Petersburg,1
59.88223,30.19493,0,0,88,2,SPB,RU,141,0,KAPITAN SOROKIN,3,345312,31,43,28,5138,39,1,2016-12-20T00:41:03.000Z,st_petersburg,2016-12-20T00:00:00.000Z,51,Tug,St. Petersburg,1
59.88225,30.19495,0,0,88,3,SPB,RU,141,0,KAPITAN SOROKIN,3,345312,31,43,28,5138,39,1,2016-12-20T00:43:03.000Z,st_petersburg,2016-12-20T00:00:00.000Z,51,Tug,St. Petersburg,1
59.88225,30.19495,0,0,88,3,SPB,RU,141,0,KAPITAN SOROKIN,3,345312,31,43,28,5138,39,1,2016-12-20T00:43:04.000Z,st_petersburg,2016-12-20T00:00:00.000Z,51,Tug,St. Petersburg,1
59.88225,30.19495,0,0,88,5,SPB,RU,141,0,KAPITAN SOROKIN,3,345312,31,43,28,5138,39,1,2016-12-20T00:45:03.000Z,st_petersburg,2016-12-20T00:00:00.000Z,51,Tug,St. Petersburg,1
59.88225,30.19495,0,0,88,5,SPB,RU,141,0,KAPITAN SOROKIN,3,345312,31,43,28,5138,39,1,2016-12-20T00:45:04.000Z,st_petersburg,2016-12-20T00:00:00.000Z,51,Tug,St. Petersburg,1
59.88225,30.19491,0,0,88,3,SPB,RU,141,0,KAPITAN SOROKIN,3,345312,31,43,28,5138,39,1,2016-12-20T00:47:03.000Z,st_petersburg,2016-12-20T00:00:00.000Z,51,Tug,St. Petersburg,1
59.88225,30.19491,0,0,88,3,SPB,RU,141,0,KAPITAN SOROKIN,3,345312,31,43,28,5138,39,1,2016-12-20T00:47:04.000Z,st_petersburg,2016-12-20T00:00:00.000Z,51,Tug,St. Petersburg,1
59.88225,30.19491,0,0,88,5,SPB,RU,141,0,KAPITAN SOROKIN,3,345312,31,43,28,5138,39,1,2016-12-20T00:49:03.000Z,st_petersburg,2016-12-20T00:00:00.000Z,51,Tug,St. Petersburg,1
59.88225,30.19491,0,0,88,5,SPB,RU,141,0,KAPITAN SOROKIN,3,345312,31,43,28,5138,39,1,2016-12-20T00:49:04.000Z,st_petersburg,2016-12-20T00:00:00.000Z,51,Tug,St. Petersburg,1
59.88225,30.19491,0,0,88,7,SPB,RU,141,0,KAPITAN SOROKIN,3,345312,31,43,28,5138,39,1,2016-12-20T00:51:03.000Z,st_petersburg,2016-12-20T00:00:00.000Z,51,Tug,St. Petersburg,1
59.88225,30.19491,0,0,88,7,SPB,RU,141,0,KAPITAN SOROKIN,3,345312,31,43,28,5138,39,1,2016-12-20T00:51:04.000Z,st_petersburg,2016-12-20T00:00:00.000Z,51,Tug,St. Petersburg,1
59.88225,30.19494,0,0,88,3,SPB,RU,141,0,KAPITAN SOROKIN,3,345312,31,43,28,5138,39,1,2016-12-20T00:53:04.000Z,st_petersburg,2016-12-20T00:00:00.000Z,51,Tug,St. Petersburg,1
59.88225,30.19494,0,0,88,3,SPB,RU,141,0,KAPITAN SOROKIN,3,345312,31,43,28,5138,39,1,2016-12-20T00:53:04.000Z,st_petersburg,2016-12-20T00:00:00.000Z,51,Tug,St. Petersburg,1
59.88225,30.19494,0,0,88,2,SPB,RU,141,0,KAPITAN SOROKIN,3,345312,31,43,28,5138,39,1,2016-12-20T00:55:03.000Z,st_petersburg,2016-12-20T00:00:00.000Z,51,Tug,St. Petersburg,1
59.88225,30.19494,0,0,88,2,SPB,RU,141,0,KAPITAN SOROKIN,3,345312,31,43,28,5138,39,1,2016-12-20T00:55:04.000Z,st_petersburg,2016-12-20T00:00:00.000Z,51,Tug,St. Petersburg,1
59.88225,30.19494,0,0,88,4,SPB,RU,141,0,KAPITAN SOROKIN,3,345312,31,43,28,5138,39,1,2016-12-20T00:57:11.000Z,st_petersburg,2016-12-20T00:00:00.000Z,51,Tug,St. Petersburg,1
59.88225,30.19494,0,0,88,4,SPB,RU,141,0,KAPITAN SOROKIN,3,345312,31,43,28,5138,39,1,2016-12-20T00:57:12.000Z,st_petersburg,2016-12-20T00:00:00.000Z,51,Tug,St. Petersburg,1
59.88226,30.19492,0,0,88,3,SPB,RU,141,0,KAPITAN SOROKIN,3,345312,31,43,28,5138,39,1,2016-12-20T00:59:03.000Z,st_petersburg,2016-12-20T00:00:00.000Z,51,Tug,St. Petersburg,1
59.88226,30.19492,0,0,88,2,SPB,RU,141,0,KAPITAN SOROKIN,3,345312,31,43,28,5138,39,1,2016-12-20T00:59:04.000Z,st_petersburg,2016-12-20T00:00:00.000Z,51,Tug,St. Petersburg,1
59.88226,30.19497,0,0,88,2,SPB,RU,141,0,KAPITAN SOROKIN,3,345312,31,43,28,5138,39,1,2016-12-20T01:01:04.000Z,st_petersburg,2016-12-20T00:00:00.000Z,51,Tug,St. Petersburg,1
59.88226,30.19497,0,0,88,1,SPB,RU,141,0,KAPITAN SOROKIN,3,345312,31,43,28,5138,39,1,2016-12-20T01:01:04.000Z,st_petersburg,2016-12-20T00:00:00.000Z,51,Tug,St. Petersburg,1
59.88226,30.19497,0,0,88,4,SPB,RU,141,0,KAPITAN SOROKIN,3,345312,31,43,28,5138,39,1,2016-12-20T01:03:03.000Z,st_petersburg,2016-12-20T00:00:00.000Z,51,Tug,St. Petersburg,1
59.88226,30.19497,0,0,88,4,SPB,RU,141,0,KAPITAN SOROKIN,3,345312,31,43,28,5138,39,1,2016-12-20T01:03:04.000Z,st_petersburg,2016-12-20T00:00:00.000Z,51,Tug,St. Petersburg,1
59.88223,30.19494,0,0,88,3,SPB,RU,141,0,KAPITAN SOROKIN,3,345312,31,43,28,5138,39,1,2016-12-20T01:05:03.000Z,st_petersburg,2016-12-20T00:00:00.000Z,51,Tug,St. Petersburg,1
59.88223,30.19494,0,0,88,2,SPB,RU,141,0,KAPITAN SOROKIN,3,345312,31,43,28,5138,39,1,2016-12-20T01:05:04.000Z,st_petersburg,2016-12-20T00:00:00.000Z,51,Tug,St. Petersburg,1
59.88223,30.19494,0,0,88,5,SPB,RU,141,0,KAPITAN SOROKIN,3,345312,31,43,28,5138,39,1,2016-12-20T01:07:03.000Z,st_petersburg,2016-12-20T00:00:00.000Z,51,Tug,St. Petersburg,1
59.88223,30.19494,0,0,88,4,SPB,RU,141,0,KAPITAN SOROKIN,3,345312,31,43,28,5138,39,1,2016-12-20T01:07:04.000Z,st_petersburg,2016-12-20T00:00:00.000Z,51,Tug,St. Petersburg,1
59.88223,30.19494,0,0,88,7,SPB,RU,141,0,KAPITAN SOROKIN,3,345312,31,43,28,5138,39,1,2016-12-20T01:09:03.000Z,st_petersburg,2016-12-20T00:00:00.000Z,51,Tug,St. Petersburg,1
59.88223,30.19494,0,0,88,7,SPB,RU,141,0,KAPITAN SOROKIN,3,345312,31,43,28,5138,39,1,2016-12-20T01:09:04.000Z,st_petersburg,2016-12-20T00:00:00.000Z,51,Tug,St. Petersburg,1
59.88223,30.19494,0,0,88,9,SPB,RU,141,0,KAPITAN SOROKIN,3,345312,31,43,28,5138,39,1,2016-12-20T01:11:03.000Z,st_petersburg,2016-12-20T00:00:00.000Z,51,Tug,St. Petersburg,1
59.88223,30.19494,0,0,88,8,SPB,RU,141,0,KAPITAN SOROKIN,3,345312,31,43,28,5138,39,1,2016-12-20T01:11:03.000Z,st_petersburg,2016-12-20T00:00:00.000Z,51,Tug,St. Petersburg,1
59.88225,30.19495,0,0,88,3,SPB,RU,141,0,KAPITAN SOROKIN,3,345312,31,43,28,5138,39,1,2016-12-20T01:13:12.000Z,st_petersburg,2016-12-20T00:00:00.000Z,51,Tug,St. Petersburg,1
59.88223,30.19494,0,0,88,9,SPB,RU,141,0,KAPITAN SOROKIN,3,345312,31,43,28,5138,39,1,2016-12-20T01:13:13.000Z,st_petersburg,2016-12-20T00:00:00.000Z,51,Tug,St. Petersburg,1
59.88225,30.19495,0,0,88,2,SPB,RU,141,0,KAPITAN SOROKIN,3,345312,31,43,28,5138,39,1,2016-12-20T01:15:03.000Z,st_petersburg,2016-12-20T00:00:00.000Z,51,Tug,St. Petersburg,1
59.88225,30.19495,0,0,88,2,SPB,RU,141,0,KAPITAN SOROKIN,3,345312,31,43,28,5138,39,1,2016-12-20T01:15:04.000Z,st_petersburg,2016-12-20T00:00:00.000Z,51,Tug,St. Petersburg,1
59.88225,30.19495,0,0,88,4,SPB,RU,141,0,KAPITAN SOROKIN,3,345312,31,43,28,5138,39,1,2016-12-20T01:17:03.000Z,st_petersburg,2016-12-20T00:00:00.000Z,51,Tug,St. Petersburg,1
59.88225,30.19495,0,0,88,3,SPB,RU,141,0,KAPITAN SOROKIN,3,345312,31,43,28,5138,39,1,2016-12-20T01:17:04.000Z,st_petersburg,2016-12-20T00:00:00.000Z,51,Tug,St. Petersburg,1
59.88225,30.19492,0,0,88,3,SPB,RU,141,0,KAPITAN SOROKIN,3,345312,31,43,28,5138,39,1,2016-12-20T01:19:04.000Z,st_petersburg,2016-12-20T00:00:00.000Z,51,Tug,St. Petersburg,1
59.88225,30.19492,0,0,88,3,SPB,RU,141,0,KAPITAN SOROKIN,3,345312,31,43,28,5138,39,1,2016-12-20T01:19:04.000Z,st_petersburg,2016-12-20T00:00:00.000Z,51,Tug,St. Petersburg,1
59.88223,30.19496,0,0,88,2,SPB,RU,141,0,KAPITAN SOROKIN,3,345312,31,43,28,5138,39,0,2016-12-20T01:21:05.000Z,st_petersburg,2016-12-20T00:00:00.000Z,51,Tug,St. Petersburg,1
59.88223,30.19496,0,0,88,2,SPB,RU,141,0,KAPITAN SOROKIN,3,345312,31,43,28,5138,39,0,2016-12-20T01:21:05.000Z,st_petersburg,2016-12-20T00:00:00.000Z,51,Tug,St. Petersburg,1
59.88223,30.19496,0,0,88,4,SPB,RU,141,0,KAPITAN SOROKIN,3,345312,31,43,28,5138,39,0,2016-12-20T01:23:10.000Z,st_petersburg,2016-12-20T00:00:00.000Z,51,Tug,St. Petersburg,1
59.88223,30.19496,0,0,88,4,SPB,RU,141,0,KAPITAN SOROKIN,3,345312,31,43,28,5138,39,0,2016-12-20T01:23:11.000Z,st_petersburg,2016-12-20T00:00:00.000Z,51,Tug,St. Petersburg,1
59.88223,30.19496,0,0,88,6,SPB,RU,141,0,KAPITAN SOROKIN,3,345312,31,43,28,5138,39,1,2016-12-20T01:25:03.000Z,st_petersburg,2016-12-20T00:00:00.000Z,51,Tug,St. Petersburg,1
59.88223,30.19496,0,0,88,4,SPB,RU,141,0,KAPITAN SOROKIN,3,345312,31,43,28,5138,39,0,2016-12-20T01:25:04.000Z,st_petersburg,2016-12-20T00:00:00.000Z,51,Tug,St. Petersburg,1
59.88223,30.19496,0,0,88,8,SPB,RU,141,0,KAPITAN SOROKIN,3,345312,31,43,28,5138,39,1,2016-12-20T01:27:03.000Z,st_petersburg,2016-12-20T00:00:00.000Z,51,Tug,St. Petersburg,1
59.88223,30.19496,0,0,88,8,SPB,RU,141,0,KAPITAN SOROKIN,3,345312,31,43,28,5138,39,1,2016-12-20T01:27:04.000Z,st_petersburg,2016-12-20T00:00:00.000Z,51,Tug,St. Petersburg,1
59.88227,30.19493,0,0,88,2,SPB,RU,141,0,KAPITAN SOROKIN,3,345312,31,43,28,5138,39,1,2016-12-20T01:29:03.000Z,st_petersburg,2016-12-20T00:00:00.000Z,51,Tug,St. Petersburg,1
59.88227,30.19493,0,0,88,2,SPB,RU,141,0,KAPITAN SOROKIN,3,345312,31,43,28,5138,39,1,2016-12-20T01:29:04.000Z,st_petersburg,2016-12-20T00:00:00.000Z,51,Tug,St. Petersburg,1
59.88225,30.19496,0,0,88,3,SPB,RU,141,0,KAPITAN SOROKIN,3,345312,31,43,28,5138,39,1,2016-12-20T01:33:03.000Z,st_petersburg,2016-12-20T00:00:00.000Z,51,Tug,St. Petersburg,1
59.88225,30.19496,0,0,88,3,SPB,RU,141,0,KAPITAN SOROKIN,3,345312,31,43,28,5138,39,1,2016-12-20T01:33:04.000Z,st_petersburg,2016-12-20T00:00:00.000Z,51,Tug,St. Petersburg,1
59.88223,30.19493,0,0,88,2,SPB,RU,141,0,KAPITAN SOROKIN,3,345312,31,43,28,5138,39,1,2016-12-20T01:35:04.000Z,st_petersburg,2016-12-20T00:00:00.000Z,51,Tug,St. Petersburg,1
59.88223,30.19493,0,0,88,2,SPB,RU,141,0,KAPITAN SOROKIN,3,345312,31,43,28,5138,39,1,2016-12-20T01:35:05.000Z,st_petersburg,2016-12-20T00:00:00.000Z,51,Tug,St. Petersburg,1
59.88223,30.19493,0,0,88,6,SPB,RU,141,0,KAPITAN SOROKIN,3,345312,31,43,28,5138,39,1,2016-12-20T01:39:03.000Z,st_petersburg,2016-12-20T00:00:00.000Z,51,Tug,St. Petersburg,1
59.88223,30.19493,0,0,88,6,SPB,RU,141,0,KAPITAN SOROKIN,3,345312,31,43,28,5138,39,1,2016-12-20T01:39:04.000Z,st_petersburg,2016-12-20T00:00:00.000Z,51,Tug,St. Petersburg,1
59.88223,30.19497,0,0,88,2,SPB,RU,141,0,KAPITAN SOROKIN,3,345312,31,43,28,5138,39,1,2016-12-20T01:41:03.000Z,st_petersburg,2016-12-20T00:00:00.000Z,51,Tug,St. Petersburg,1
59.88223,30.19497,0,0,88,2,SPB,RU,141,0,KAPITAN SOROKIN,3,345312,31,43,28,5138,39,1,2016-12-20T01:41:04.000Z,st_petersburg,2016-12-20T00:00:00.000Z,51,Tug,St. Petersburg,1
59.88223,30.19497,0,0,88,4,SPB,RU,141,0,KAPITAN SOROKIN,3,345312,31,43,28,5138,39,1,2016-12-20T01:43:03.000Z,st_petersburg,2016-12-20T00:00:00.000Z,51,Tug,St. Petersburg,1
59.88223,30.19497,0,0,88,4,SPB,RU,141,0,KAPITAN SOROKIN,3,345312,31,43,28,5138,39,1,2016-12-20T01:43:04.000Z,st_petersburg,2016-12-20T00:00:00.000Z,51,Tug,St. Petersburg,1
59.88225,30.19497,0,0,88,3,SPB,RU,141,0,KAPITAN SOROKIN,3,345312,31,43,28,5138,39,1,2016-12-20T01:45:03.000Z,st_petersburg,2016-12-20T00:00:00.000Z,51,Tug,St. Petersburg,1
59.88225,30.19497,0,0,88,3,SPB,RU,141,0,KAPITAN SOROKIN,3,345312,31,43,28,5138,39,1,2016-12-20T01:45:04.000Z,st_petersburg,2016-12-20T00:00:00.000Z,51,Tug,St. Petersburg,1
59.88226,30.19493,0,0,88,2,SPB,RU,141,0,KAPITAN SOROKIN,3,345312,31,43,28,5138,39,1,2016-12-20T01:47:03.000Z,st_petersburg,2016-12-20T00:00:00.000Z,51,Tug,St. Petersburg,1
59.88226,30.19493,0,0,88,2,SPB,RU,141,0,KAPITAN SOROKIN,3,345312,31,43,28,5138,39,1,2016-12-20T01:47:12.000Z,st_petersburg,2016-12-20T00:00:00.000Z,51,Tug,St. Petersburg,1
59.88226,30.19493,0,0,88,4,SPB,RU,141,0,KAPITAN SOROKIN,3,345312,31,43,28,5138,39,1,2016-12-20T01:49:03.000Z,st_petersburg,2016-12-20T00:00:00.000Z,51,Tug,St. Petersburg,1
59.88226,30.19493,0,0,88,4,SPB,RU,141,0,KAPITAN SOROKIN,3,345312,31,43,28,5138,39,1,2016-12-20T01:49:04.000Z,st_petersburg,2016-12-20T00:00:00.000Z,51,Tug,St. Petersburg,1
59.88228,30.19494,0,0,88,3,SPB,RU,141,0,KAPITAN SOROKIN,3,345312,31,43,28,5138,39,1,2016-12-20T01:51:04.000Z,st_petersburg,2016-12-20T00:00:00.000Z,51,Tug,St. Petersburg,1
59.88228,30.19494,0,0,88,2,SPB,RU,141,0,KAPITAN SOROKIN,3,345312,31,43,28,5138,39,1,2016-12-20T01:51:04.000Z,st_petersburg,2016-12-20T00:00:00.000Z,51,Tug,St. Petersburg,1
59.88225,30.19492,0,0,88,2,SPB,RU,141,0,KAPITAN SOROKIN,3,345312,31,43,28,5138,39,1,2016-12-20T01:53:04.000Z,st_petersburg,2016-12-20T00:00:00.000Z,51,Tug,St. Petersburg,1
59.88225,30.19492,0,0,88,2,SPB,RU,141,0,KAPITAN SOROKIN,3,345312,31,43,28,5138,39,1,2016-12-20T01:53:04.000Z,st_petersburg,2016-12-20T00:00:00.000Z,51,Tug,St. Petersburg,1
59.88225,30.19492,0,0,88,4,SPB,RU,141,0,KAPITAN SOROKIN,3,345312,31,43,28,5138,39,1,2016-12-20T01:55:03.000Z,st_petersburg,2016-12-20T00:00:00.000Z,51,Tug,St. Petersburg,1
59.88225,30.19492,0,0,88,2,SPB,RU,141,0,KAPITAN SOROKIN,3,345312,31,43,28,5138,39,1,2016-12-20T01:55:04.000Z,st_petersburg,2016-12-20T00:00:00.000Z,51,Tug,St. Petersburg,1
59.88224,30.19497,0,0,88,3,SPB,RU,141,0,KAPITAN SOROKIN,3,345312,31,43,28,5138,39,1,2016-12-20T01:57:03.000Z,st_petersburg,2016-12-20T00:00:00.000Z,51,Tug,St. Petersburg,1
59.88224,30.19497,0,0,88,3,SPB,RU,141,0,KAPITAN SOROKIN,3,345312,31,43,28,5138,39,1,2016-12-20T01:57:04.000Z,st_petersburg,2016-12-20T00:00:00.000Z,51,Tug,St. Petersburg,1
59.88224,30.19497,0,0,88,5,SPB,RU,141,0,KAPITAN SOROKIN,3,345312,31,43,28,5138,39,1,2016-12-20T01:59:03.000Z,st_petersburg,2016-12-20T00:00:00.000Z,51,Tug,St. Petersburg,1
59.88224,30.19497,0,0,88,5,SPB,RU,141,0,KAPITAN SOROKIN,3,345312,31,43,28,5138,39,1,2016-12-20T01:59:04.000Z,st_petersburg,2016-12-20T00:00:00.000Z,51,Tug,St. Petersburg,1
59.88227,30.19495,0,0,88,3,SPB,RU,141,0,KAPITAN SOROKIN,3,345312,31,43,28,5138,39,1,2016-12-20T02:01:03.000Z,st_petersburg,2016-12-20T00:00:00.000Z,51,Tug,St. Petersburg,1
59.88227,30.19495,0,0,88,2,SPB,RU,141,0,KAPITAN SOROKIN,3,345312,31,43,28,5138,39,1,2016-12-20T02:01:04.000Z,st_petersburg,2016-12-20T00:00:00.000Z,51,Tug,St. Petersburg,1
59.88227,30.19495,0,0,88,5,SPB,RU,141,0,KAPITAN SOROKIN,3,345312,31,43,28,5138,39,1,2016-12-20T02:03:03.000Z,st_petersburg,2016-12-20T00:00:00.000Z,51,Tug,St. Petersburg,1
59.88227,30.19495,0,0,88,5,SPB,RU,141,0,KAPITAN SOROKIN,3,345312,31,43,28,5138,39,1,2016-12-20T02:03:04.000Z,st_petersburg,2016-12-20T00:00:00.000Z,51,Tug,St. Petersburg,1
59.88227,30.19495,0,0,88,7,SPB,RU,141,0,KAPITAN SOROKIN,3,345312,31,43,28,5138,39,1,2016-12-20T02:05:03.000Z,st_petersburg,2016-12-20T00:00:00.000Z,51,Tug,St. Petersburg,1
59.88227,30.19495,0,0,88,5,SPB,RU,141,0,KAPITAN SOROKIN,3,345312,31,43,28,5138,39,1,2016-12-20T02:05:04.000Z,st_petersburg,2016-12-20T00:00:00.000Z,51,Tug,St. Petersburg,1
59.88227,30.19495,0,0,88,9,SPB,RU,141,0,KAPITAN SOROKIN,3,345312,31,43,28,5138,39,1,2016-12-20T02:07:04.000Z,st_petersburg,2016-12-20T00:00:00.000Z,51,Tug,St. Petersburg,1
59.88227,30.19495,0,0,88,9,SPB,RU,141,0,KAPITAN SOROKIN,3,345312,31,43,28,5138,39,1,2016-12-20T02:07:04.000Z,st_petersburg,2016-12-20T00:00:00.000Z,51,Tug,St. Petersburg,1
59.88227,30.19495,0,0,88,3,SPB,RU,141,0,KAPITAN SOROKIN,3,345312,31,43,28,5138,39,1,2016-12-20T02:09:03.000Z,st_petersburg,2016-12-20T00:00:00.000Z,51,Tug,St. Petersburg,1
59.88227,30.19495,0,0,88,9,SPB,RU,141,0,KAPITAN SOROKIN,3,345312,31,43,28,5138,39,1,2016-12-20T02:09:04.000Z,st_petersburg,2016-12-20T00:00:00.000Z,51,Tug,St. Petersburg,1
59.88225,30.19493,0,0,88,2,SPB,RU,141,0,KAPITAN SOROKIN,3,345312,31,43,28,5138,39,1,2016-12-20T02:11:03.000Z,st_petersburg,2016-12-20T00:00:00.000Z,51,Tug,St. Petersburg,1
59.88225,30.19493,0,0,88,2,SPB,RU,141,0,KAPITAN SOROKIN,3,345312,31,43,28,5138,39,1,2016-12-20T02:11:04.000Z,st_petersburg,2016-12-20T00:00:00.000Z,51,Tug,St. Petersburg,1
59.88225,30.19493,0,0,88,4,SPB,RU,141,0,KAPITAN SOROKIN,3,345312,31,43,28,5138,39,1,2016-12-20T02:13:03.000Z,st_petersburg,2016-12-20T00:00:00.000Z,51,Tug,St. Petersburg,1
59.88225,30.19493,0,0,88,3,SPB,RU,141,0,KAPITAN SOROKIN,3,345312,31,43,28,5138,39,1,2016-12-20T02:13:04.000Z,st_petersburg,2016-12-20T00:00:00.000Z,51,Tug,St. Petersburg,1
59.88226,30.19493,0,0,88,3,SPB,RU,141,0,KAPITAN SOROKIN,3,345312,31,43,28,5138,39,1,2016-12-20T02:15:04.000Z,st_petersburg,2016-12-20T00:00:00.000Z,51,Tug,St. Petersburg,1
59.88226,30.19493,0,0,88,2,SPB,RU,141,0,KAPITAN SOROKIN,3,345312,31,43,28,5138,39,1,2016-12-20T02:15:04.000Z,st_petersburg,2016-12-20T00:00:00.000Z,51,Tug,St. Petersburg,1
59.88226,30.19493,0,0,88,4,SPB,RU,141,0,KAPITAN SOROKIN,3,345312,31,43,28,5138,39,1,2016-12-20T02:17:03.000Z,st_petersburg,2016-12-20T00:00:00.000Z,51,Tug,St. Petersburg,1
59.88226,30.19493,0,0,88,3,SPB,RU,141,0,KAPITAN SOROKIN,3,345312,31,43,28,5138,39,1,2016-12-20T02:17:04.000Z,st_petersburg,2016-12-20T00:00:00.000Z,51,Tug,St. Petersburg,1
59.88227,30.19495,0,0,88,4,SPB,RU,141,0,KAPITAN SOROKIN,3,345312,31,43,28,5138,39,1,2016-12-20T02:19:03.000Z,st_petersburg,2016-12-20T00:00:00.000Z,51,Tug,St. Petersburg,1
59.88227,30.19495,0,0,88,4,SPB,RU,141,0,KAPITAN SOROKIN,3,345312,31,43,28,5138,39,1,2016-12-20T02:19:04.000Z,st_petersburg,2016-12-20T00:00:00.000Z,51,Tug,St. Petersburg,1
59.88226,30.19494,0,0,88,3,SPB,RU,141,0,KAPITAN SOROKIN,3,345312,31,43,28,5138,39,1,2016-12-20T02:21:04.000Z,st_petersburg,2016-12-20T00:00:00.000Z,51,Tug,St. Petersburg,1
59.88226,30.19494,0,0,88,3,SPB,RU,141,0,KAPITAN SOROKIN,3,345312,31,43,28,5138,39,1,2016-12-20T02:21:05.000Z,st_petersburg,2016-12-20T00:00:00.000Z,51,Tug,St. Petersburg,1
59.88227,30.19497,0,0,88,2,SPB,RU,141,0,KAPITAN SOROKIN,3,345312,31,43,28,5138,39,1,2016-12-20T02:23:03.000Z,st_petersburg,2016-12-20T00:00:00.000Z,51,Tug,St. Petersburg,1
59.88227,30.19497,0,0,88,2,SPB,RU,141,0,KAPITAN SOROKIN,3,345312,31,43,28,5138,39,1,2016-12-20T02:23:04.000Z,st_petersburg,2016-12-20T00:00:00.000Z,51,Tug,St. Petersburg,1
59.88227,30.19497,0,0,88,4,SPB,RU,141,0,KAPITAN SOROKIN,3,345312,31,43,28,5138,39,1,2016-12-20T02:25:03.000Z,st_petersburg,2016-12-20T00:00:00.000Z,51,Tug,St. Petersburg,1
59.88227,30.19497,0,0,88,2,SPB,RU,141,0,KAPITAN SOROKIN,3,345312,31,43,28,5138,39,1,2016-12-20T02:25:04.000Z,st_petersburg,2016-12-20T00:00:00.000Z,51,Tug,St. Petersburg,1
59.88227,30.19497,0,0,88,6,SPB,RU,141,0,KAPITAN SOROKIN,3,345312,31,43,28,5138,39,1,2016-12-20T02:27:03.000Z,st_petersburg,2016-12-20T00:00:00.000Z,51,Tug,St. Petersburg,1
59.88227,30.19497,0,0,88,5,SPB,RU,141,0,KAPITAN SOROKIN,3,345312,31,43,28,5138,39,1,2016-12-20T02:27:04.000Z,st_petersburg,2016-12-20T00:00:00.000Z,51,Tug,St. Petersburg,1
59.88227,30.19497,0,0,88,8,SPB,RU,141,0,KAPITAN SOROKIN,3,345312,31,43,28,5138,39,1,2016-12-20T02:29:03.000Z,st_petersburg,2016-12-20T00:00:00.000Z,51,Tug,St. Petersburg,1
59.88227,30.19497,0,0,88,8,SPB,RU,141,0,KAPITAN SOROKIN,3,345312,31,43,28,5138,39,1,2016-12-20T02:29:04.000Z,st_petersburg,2016-12-20T00:00:00.000Z,51,Tug,St. Petersburg,1
59.88227,30.19493,0,0,88,2,SPB,RU,141,0,KAPITAN SOROKIN,3,345312,31,43,28,5138,39,1,2016-12-20T02:31:03.000Z,st_petersburg,2016-12-20T00:00:00.000Z,51,Tug,St. Petersburg,1
59.88227,30.19493,0,0,88,2,SPB,RU,141,0,KAPITAN SOROKIN,3,345312,31,43,28,5138,39,1,2016-12-20T02:31:04.000Z,st_petersburg,2016-12-20T00:00:00.000Z,51,Tug,St. Petersburg,1
59.88227,30.19493,0,0,88,4,SPB,RU,141,0,KAPITAN SOROKIN,3,345312,31,43,28,5138,39,1,2016-12-20T02:33:03.000Z,st_petersburg,2016-12-20T00:00:00.000Z,51,Tug,St. Petersburg,1
59.88227,30.19493,0,0,88,4,SPB,RU,141,0,KAPITAN SOROKIN,3,345312,31,43,28,5138,39,1,2016-12-20T02:33:04.000Z,st_petersburg,2016-12-20T00:00:00.000Z,51,Tug,St. Petersburg,1
59.88227,30.19493,0,0,88,6,SPB,RU,141,0,KAPITAN SOROKIN,3,345312,31,43,28,5138,39,1,2016-12-20T02:35:03.000Z,st_petersburg,2016-12-20T00:00:00.000Z,51,Tug,St. Petersburg,1
59.88227,30.19493,0,0,88,6,SPB,RU,141,0,KAPITAN SOROKIN,3,345312,31,43,28,5138,39,1,2016-12-20T02:35:04.000Z,st_petersburg,2016-12-20T00:00:00.000Z,51,Tug,St. Petersburg,1
59.88227,30.19493,0,0,88,8,SPB,RU,141,0,KAPITAN SOROKIN,3,345312,31,43,28,5138,39,1,2016-12-20T02:37:03.000Z,st_petersburg,2016-12-20T00:00:00.000Z,51,Tug,St. Petersburg,1
59.88227,30.19493,0,0,88,8,SPB,RU,141,0,KAPITAN SOROKIN,3,345312,31,43,28,5138,39,1,2016-12-20T02:37:04.000Z,st_petersburg,2016-12-20T00:00:00.000Z,51,Tug,St. Petersburg,1
59.88235,30.19494,0,0,88,2,SPB,RU,141,0,KAPITAN SOROKIN,3,345312,31,43,28,5138,39,1,2016-12-20T02:39:03.000Z,st_petersburg,2016-12-20T00:00:00.000Z,51,Tug,St. Petersburg,1
59.88235,30.19494,0,0,88,2,SPB,RU,141,0,KAPITAN SOROKIN,3,345312,31,43,28,5138,39,1,2016-12-20T02:39:04.000Z,st_petersburg,2016-12-20T00:00:00.000Z,51,Tug,St. Petersburg,1
59.88235,30.19494,0,0,88,4,SPB,RU,141,0,KAPITAN SOROKIN,3,345312,31,43,28,5138,39,1,2016-12-20T02:41:05.000Z,st_petersburg,2016-12-20T00:00:00.000Z,51,Tug,St. Petersburg,1
59.88235,30.19494,0,0,88,4,SPB,RU,141,0,KAPITAN SOROKIN,3,345312,31,43,28,5138,39,1,2016-12-20T02:41:06.000Z,st_petersburg,2016-12-20T00:00:00.000Z,51,Tug,St. Petersburg,1
59.88229,30.19493,0,0,88,3,SPB,RU,141,0,KAPITAN SOROKIN,3,345312,31,43,28,5138,39,0,2016-12-20T02:43:03.000Z,st_petersburg,2016-12-20T00:00:00.000Z,51,Tug,St. Petersburg,1
59.88229,30.19493,0,0,88,3,SPB,RU,141,0,KAPITAN SOROKIN,3,345312,31,43,28,5138,39,0,2016-12-20T02:43:04.000Z,st_petersburg,2016-12-20T00:00:00.000Z,51,Tug,St. Petersburg,1
59.88224,30.19496,0,0,88,2,SPB,RU,141,0,KAPITAN SOROKIN,3,345312,31,43,28,5138,39,0,2016-12-20T02:45:03.000Z,st_petersburg,2016-12-20T00:00:00.000Z,51,Tug,St. Petersburg,1
59.88224,30.19496,0,0,88,2,SPB,RU,141,0,KAPITAN SOROKIN,3,345312,31,43,28,5138,39,0,2016-12-20T02:45:04.000Z,st_petersburg,2016-12-20T00:00:00.000Z,51,Tug,St. Petersburg,1
59.88224,30.19496,0,0,88,4,SPB,RU,141,0,KAPITAN SOROKIN,3,345312,31,43,28,5138,39,1,2016-12-20T02:47:11.000Z,st_petersburg,2016-12-20T00:00:00.000Z,51,Tug,St. Petersburg,1
59.88224,30.19496,0,0,88,4,SPB,RU,141,0,KAPITAN SOROKIN,3,345312,31,43,28,5138,39,1,2016-12-20T02:47:12.000Z,st_petersburg,2016-12-20T00:00:00.000Z,51,Tug,St. Petersburg,1
59.88227,30.19497,0,0,88,3,SPB,RU,141,0,KAPITAN SOROKIN,3,345312,31,43,28,5138,39,0,2016-12-20T02:49:03.000Z,st_petersburg,2016-12-20T00:00:00.000Z,51,Tug,St. Petersburg,1
59.88227,30.19497,0,0,88,3,SPB,RU,141,0,KAPITAN SOROKIN,3,345312,31,43,28,5138,39,0,2016-12-20T02:49:04.000Z,st_petersburg,2016-12-20T00:00:00.000Z,51,Tug,St. Petersburg,1
59.88229,30.19498,0,0,88,2,SPB,RU,141,0,KAPITAN SOROKIN,3,345312,31,43,28,5138,39,0,2016-12-20T02:51:11.000Z,st_petersburg,2016-12-20T00:00:00.000Z,51,Tug,St. Petersburg,1
59.88229,30.19498,0,0,88,2,SPB,RU,141,0,KAPITAN SOROKIN,3,345312,31,43,28,5138,39,0,2016-12-20T02:51:12.000Z,st_petersburg,2016-12-20T00:00:00.000Z,51,Tug,St. Petersburg,1
59.88229,30.19498,0,0,88,4,SPB,RU,141,0,KAPITAN SOROKIN,3,345312,31,43,28,5138,39,1,2016-12-20T02:53:04.000Z,st_petersburg,2016-12-20T00:00:00.000Z,51,Tug,St. Petersburg,1
59.88229,30.19498,0,0,88,4,SPB,RU,141,0,KAPITAN SOROKIN,3,345312,31,43,28,5138,39,1,2016-12-20T02:53:04.000Z,st_petersburg,2016-12-20T00:00:00.000Z,51,Tug,St. Petersburg,1
59.88221,30.19496,0,0,88,3,SPB,RU,141,0,KAPITAN SOROKIN,3,345312,31,43,28,5138,39,1,2016-12-20T02:55:04.000Z,st_petersburg,2016-12-20T00:00:00.000Z,51,Tug,St. Petersburg,1
59.88221,30.19496,0,0,88,3,SPB,RU,141,0,KAPITAN SOROKIN,3,345312,31,43,28,5138,39,1,2016-12-20T02:55:05.000Z,st_petersburg,2016-12-20T00:00:00.000Z,51,Tug,St. Petersburg,1
59.88221,30.19496,0,0,88,3,SPB,RU,141,0,KAPITAN SOROKIN,3,345312,31,43,28,5138,39,1,2016-12-20T02:57:03.000Z,st_petersburg,2016-12-20T00:00:00.000Z,51,Tug,St. Petersburg,1
59.88231,30.19493,0,0,88,2,SPB,RU,141,0,KAPITAN SOROKIN,3,345312,31,43,28,5138,39,1,2016-12-20T02:57:04.000Z,st_petersburg,2016-12-20T00:00:00.000Z,51,Tug,St. Petersburg,1
59.88231,30.19493,0,0,88,2,SPB,RU,141,0,KAPITAN SOROKIN,3,345312,31,43,28,5138,39,1,2016-12-20T02:59:11.000Z,st_petersburg,2016-12-20T00:00:00.000Z,51,Tug,St. Petersburg,1
59.88231,30.19493,0,0,88,4,SPB,RU,141,0,KAPITAN SOROKIN,3,345312,31,43,28,5138,39,1,2016-12-20T02:59:12.000Z,st_petersburg,2016-12-20T00:00:00.000Z,51,Tug,St. Petersburg,1
59.88231,30.19493,0,0,88,6,SPB,RU,141,0,KAPITAN SOROKIN,3,345312,31,43,28,5138,39,1,2016-12-20T03:01:11.000Z,st_petersburg,2016-12-20T00:00:00.000Z,51,Tug,St. Petersburg,1
59.88231,30.19493,0,0,88,6,SPB,RU,141,0,KAPITAN SOROKIN,3,345312,31,43,28,5138,39,1,2016-12-20T03:01:12.000Z,st_petersburg,2016-12-20T00:00:00.000Z,51,Tug,St. Petersburg,1
59.88231,30.19493,0,0,88,8,SPB,RU,141,0,KAPITAN SOROKIN,3,345312,31,43,28,5138,39,1,2016-12-20T03:03:03.000Z,st_petersburg,2016-12-20T00:00:00.000Z,51,Tug,St. Petersburg,1
59.88231,30.19493,0,0,88,7,SPB,RU,141,0,KAPITAN SOROKIN,3,345312,31,43,28,5138,39,1,2016-12-20T03:03:03.000Z,st_petersburg,2016-12-20T00:00:00.000Z,51,Tug,St. Petersburg,1
59.88225,30.19494,0,0,88,2,SPB,RU,141,0,KAPITAN SOROKIN,3,345312,31,43,28,5138,39,1,2016-12-20T03:05:03.000Z,st_petersburg,2016-12-20T00:00:00.000Z,51,Tug,St. Petersburg,1
59.88225,30.19494,0,0,88,2,SPB,RU,141,0,KAPITAN SOROKIN,3,345312,31,43,28,5138,39,1,2016-12-20T03:05:04.000Z,st_petersburg,2016-12-20T00:00:00.000Z,51,Tug,St. Petersburg,1
59.88225,30.19494,0,0,88,4,SPB,RU,141,0,KAPITAN SOROKIN,3,345312,31,43,28,5138,39,1,2016-12-20T03:07:03.000Z,st_petersburg,2016-12-20T00:00:00.000Z,51,Tug,St. Petersburg,1
59.88225,30.19494,0,0,88,3,SPB,RU,141,0,KAPITAN SOROKIN,3,345312,31,43,28,5138,39,1,2016-12-20T03:07:04.000Z,st_petersburg,2016-12-20T00:00:00.000Z,51,Tug,St. Petersburg,1
59.88224,30.19491,0,0,88,3,SPB,RU,141,0,KAPITAN SOROKIN,3,345312,31,43,28,5138,39,1,2016-12-20T03:09:03.000Z,st_petersburg,2016-12-20T00:00:00.000Z,51,Tug,St. Petersburg,1
59.88224,30.19491,0,0,88,3,SPB,RU,141,0,KAPITAN SOROKIN,3,345312,31,43,28,5138,39,1,2016-12-20T03:09:04.000Z,st_petersburg,2016-12-20T00:00:00.000Z,51,Tug,St. Petersburg,1
59.88227,30.19495,0,0,88,2,SPB,RU,141,0,KAPITAN SOROKIN,3,345312,31,43,28,5138,39,1,2016-12-20T03:11:03.000Z,st_petersburg,2016-12-20T00:00:00.000Z,51,Tug,St. Petersburg,1
59.88227,30.19495,0,0,88,2,SPB,RU,141,0,KAPITAN SOROKIN,3,345312,31,43,28,5138,39,1,2016-12-20T03:11:03.000Z,st_petersburg,2016-12-20T00:00:00.000Z,51,Tug,St. Petersburg,1
59.88227,30.19495,0,0,88,4,SPB,RU,141,0,KAPITAN SOROKIN,3,345312,31,43,28,5138,39,1,2016-12-20T03:13:03.000Z,st_petersburg,2016-12-20T00:00:00.000Z,51,Tug,St. Petersburg,1
59.88227,30.19495,0,0,88,4,SPB,RU,141,0,KAPITAN SOROKIN,3,345312,31,43,28,5138,39,1,2016-12-20T03:13:03.000Z,st_petersburg,2016-12-20T00:00:00.000Z,51,Tug,St. Petersburg,1
59.88225,30.19497,0,0,88,3,SPB,RU,141,0,KAPITAN SOROKIN,3,345312,31,43,28,5138,39,1,2016-12-20T03:15:03.000Z,st_petersburg,2016-12-20T00:00:00.000Z,51,Tug,St. Petersburg,1
59.88227,30.19495,0,0,88,4,SPB,RU,141,0,KAPITAN SOROKIN,3,345312,31,43,28,5138,39,1,2016-12-20T03:15:04.000Z,st_petersburg,2016-12-20T00:00:00.000Z,51,Tug,St. Petersburg,1
59.88227,30.19494,0,0,88,2,SPB,RU,141,0,KAPITAN SOROKIN,3,345312,31,43,28,5138,39,1,2016-12-20T03:17:03.000Z,st_petersburg,2016-12-20T00:00:00.000Z,51,Tug,St. Petersburg,1
59.88227,30.19494,0,0,88,2,SPB,RU,141,0,KAPITAN SOROKIN,3,345312,31,43,28,5138,39,1,2016-12-20T03:17:04.000Z,st_petersburg,2016-12-20T00:00:00.000Z,51,Tug,St. Petersburg,1
59.88227,30.19494,0,0,88,4,SPB,RU,141,0,KAPITAN SOROKIN,3,345312,31,43,28,5138,39,1,2016-12-20T03:19:03.000Z,st_petersburg,2016-12-20T00:00:00.000Z,51,Tug,St. Petersburg,1
59.88227,30.19494,0,0,88,4,SPB,RU,141,0,KAPITAN SOROKIN,3,345312,31,43,28,5138,39,1,2016-12-20T03:19:04.000Z,st_petersburg,2016-12-20T00:00:00.000Z,51,Tug,St. Petersburg,1
59.88227,30.19494,0,0,88,6,SPB,RU,141,0,KAPITAN SOROKIN,3,345312,31,43,28,5138,39,1,2016-12-20T03:21:03.000Z,st_petersburg,2016-12-20T00:00:00.000Z,51,Tug,St. Petersburg,1
59.88227,30.19494,0,0,88,4,SPB,RU,141,0,KAPITAN SOROKIN,3,345312,31,43,28,5138,39,1,2016-12-20T03:21:04.000Z,st_petersburg,2016-12-20T00:00:00.000Z,51,Tug,St. Petersburg,1
59.88227,30.19494,0,0,88,8,SPB,RU,141,0,KAPITAN SOROKIN,3,345312,31,43,28,5138,39,1,2016-12-20T03:23:03.000Z,st_petersburg,2016-12-20T00:00:00.000Z,51,Tug,St. Petersburg,1
59.88227,30.19494,0,0,88,8,SPB,RU,141,0,KAPITAN SOROKIN,3,345312,31,43,28,5138,39,1,2016-12-20T03:23:04.000Z,st_petersburg,2016-12-20T00:00:00.000Z,51,Tug,St. Petersburg,1
59.88227,30.19494,0,0,88,10,SPB,RU,141,0,KAPITAN SOROKIN,3,345312,31,43,28,5138,39,0,2016-12-20T03:25:03.000Z,st_petersburg,2016-12-20T00:00:00.000Z,51,Tug,St. Petersburg,1
59.88227,30.19494,0,0,88,10,SPB,RU,141,0,KAPITAN SOROKIN,3,345312,31,43,28,5138,39,0,2016-12-20T03:25:03.000Z,st_petersburg,2016-12-20T00:00:00.000Z,51,Tug,St. Petersburg,1
59.88227,30.19494,0,0,88,12,SPB,RU,141,0,KAPITAN SOROKIN,3,345312,31,43,28,5138,39,0,2016-12-20T03:27:04.000Z,st_petersburg,2016-12-20T00:00:00.000Z,51,Tug,St. Petersburg,1
59.88227,30.19494,0,0,88,12,SPB,RU,141,0,KAPITAN SOROKIN,3,345312,31,43,28,5138,39,0,2016-12-20T03:27:13.000Z,st_petersburg,2016-12-20T00:00:00.000Z,51,Tug,St. Petersburg,1
59.88225,30.19494,0,0,88,3,SPB,RU,141,0,KAPITAN SOROKIN,3,345312,31,43,28,5138,39,1,2016-12-20T03:29:03.000Z,st_petersburg,2016-12-20T00:00:00.000Z,51,Tug,St. Petersburg,1
59.88225,30.19494,0,0,88,1,SPB,RU,141,0,KAPITAN SOROKIN,3,345312,31,43,28,5138,39,1,2016-12-20T03:29:04.000Z,st_petersburg,2016-12-20T00:00:00.000Z,51,Tug,St. Petersburg,1
59.88225,30.19494,0,0,88,5,SPB,RU,141,0,KAPITAN SOROKIN,3,345312,31,43,28,5138,39,1,2016-12-20T03:31:04.000Z,st_petersburg,2016-12-20T00:00:00.000Z,51,Tug,St. Petersburg,1
59.88225,30.19494,0,0,88,5,SPB,RU,141,0,KAPITAN SOROKIN,3,345312,31,43,28,5138,39,1,2016-12-20T03:31:05.000Z,st_petersburg,2016-12-20T00:00:00.000Z,51,Tug,St. Petersburg,1
59.88225,30.19494,0,0,88,5,SPB,RU,141,0,KAPITAN SOROKIN,3,345312,31,43,28,5138,39,1,2016-12-20T03:33:03.000Z,st_petersburg,2016-12-20T00:00:00.000Z,51,Tug,St. Petersburg,1
59.88225,30.19494,0,0,88,7,SPB,RU,141,0,KAPITAN SOROKIN,3,345312,31,43,28,5138,39,1,2016-12-20T03:33:04.000Z,st_petersburg,2016-12-20T00:00:00.000Z,51,Tug,St. Petersburg,1
59.88225,30.19494,0,0,88,9,SPB,RU,141,0,KAPITAN SOROKIN,3,345312,31,43,28,5138,39,1,2016-12-20T03:35:03.000Z,st_petersburg,2016-12-20T00:00:00.000Z,51,Tug,St. Petersburg,1
59.88225,30.19494,0,0,88,9,SPB,RU,141,0,KAPITAN SOROKIN,3,345312,31,43,28,5138,39,1,2016-12-20T03:35:03.000Z,st_petersburg,2016-12-20T00:00:00.000Z,51,Tug,St. Petersburg,1
59.88225,30.19494,0,0,88,3,SPB,RU,141,0,KAPITAN SOROKIN,3,345312,31,43,28,5138,39,1,2016-12-20T03:37:03.000Z,st_petersburg,2016-12-20T00:00:00.000Z,51,Tug,St. Petersburg,1
59.88225,30.19494,0,0,88,3,SPB,RU,141,0,KAPITAN SOROKIN,3,345312,31,43,28,5138,39,1,2016-12-20T03:37:04.000Z,st_petersburg,2016-12-20T00:00:00.000Z,51,Tug,St. Petersburg,1
59.88225,30.19494,0,0,88,5,SPB,RU,141,0,KAPITAN SOROKIN,3,345312,31,43,28,5138,39,1,2016-12-20T03:39:03.000Z,st_petersburg,2016-12-20T00:00:00.000Z,51,Tug,St. Petersburg,1
59.88225,30.19494,0,0,88,4,SPB,RU,141,0,KAPITAN SOROKIN,3,345312,31,43,28,5138,39,1,2016-12-20T03:39:04.000Z,st_petersburg,2016-12-20T00:00:00.000Z,51,Tug,St. Petersburg,1
59.88225,30.19494,0,0,88,7,SPB,RU,141,0,KAPITAN SOROKIN,3,345312,31,43,28,5138,39,1,2016-12-20T03:41:03.000Z,st_petersburg,2016-12-20T00:00:00.000Z,51,Tug,St. Petersburg,1
59.88225,30.19494,0,0,88,7,SPB,RU,141,0,KAPITAN SOROKIN,3,345312,31,43,28,5138,39,1,2016-12-20T03:41:04.000Z,st_petersburg,2016-12-20T00:00:00.000Z,51,Tug,St. Petersburg,1
59.88225,30.19494,0,0,88,9,SPB,RU,141,0,KAPITAN SOROKIN,3,345312,31,43,28,5138,39,1,2016-12-20T03:43:03.000Z,st_petersburg,2016-12-20T00:00:00.000Z,51,Tug,St. Petersburg,1
59.88225,30.19494,0,0,88,8,SPB,RU,141,0,KAPITAN SOROKIN,3,345312,31,43,28,5138,39,1,2016-12-20T03:43:03.000Z,st_petersburg,2016-12-20T00:00:00.000Z,51,Tug,St. Petersburg,1
59.88227,30.19495,0,0,88,3,SPB,RU,141,0,KAPITAN SOROKIN,3,345312,31,43,28,5138,39,1,2016-12-20T03:45:03.000Z,st_petersburg,2016-12-20T00:00:00.000Z,51,Tug,St. Petersburg,1
59.88227,30.19495,0,0,88,3,SPB,RU,141,0,KAPITAN SOROKIN,3,345312,31,43,28,5138,39,1,2016-12-20T03:45:04.000Z,st_petersburg,2016-12-20T00:00:00.000Z,51,Tug,St. Petersburg,1
59.88225,30.19495,0,0,88,2,SPB,RU,141,0,KAPITAN SOROKIN,3,345312,31,43,28,5138,39,1,2016-12-20T03:47:03.000Z,st_petersburg,2016-12-20T00:00:00.000Z,51,Tug,St. Petersburg,1
59.88225,30.19495,0,0,88,2,SPB,RU,141,0,KAPITAN SOROKIN,3,345312,31,43,28,5138,39,1,2016-12-20T03:47:04.000Z,st_petersburg,2016-12-20T00:00:00.000Z,51,Tug,St. Petersburg,1
59.88225,30.19495,0,0,88,3,SPB,RU,141,0,KAPITAN SOROKIN,3,345312,31,43,28,5138,39,1,2016-12-20T03:49:03.000Z,st_petersburg,2016-12-20T00:00:00.000Z,51,Tug,St. Petersburg,1
59.88225,30.19495,0,0,88,4,SPB,RU,141,0,KAPITAN SOROKIN,3,345312,31,43,28,5138,39,1,2016-12-20T03:49:04.000Z,st_petersburg,2016-12-20T00:00:00.000Z,51,Tug,St. Petersburg,1
59.88225,30.19495,0,0,88,3,SPB,RU,141,0,KAPITAN SOROKIN,3,345312,31,43,28,5138,39,1,2016-12-20T03:51:03.000Z,st_petersburg,2016-12-20T00:00:00.000Z,51,Tug,St. Petersburg,1
59.88225,30.19495,0,0,88,3,SPB,RU,141,0,KAPITAN SOROKIN,3,345312,31,43,28,5138,39,1,2016-12-20T03:51:04.000Z,st_petersburg,2016-12-20T00:00:00.000Z,51,Tug,St. Petersburg,1
59.88227,30.19495,0,0,88,2,SPB,RU,141,0,KAPITAN SOROKIN,3,345312,31,43,28,5138,39,1,2016-12-20T03:53:10.000Z,st_petersburg,2016-12-20T00:00:00.000Z,51,Tug,St. Petersburg,1
59.88227,30.19495,0,0,88,2,SPB,RU,141,0,KAPITAN SOROKIN,3,345312,31,43,28,5138,39,1,2016-12-20T03:53:11.000Z,st_petersburg,2016-12-20T00:00:00.000Z,51,Tug,St. Petersburg,1
59.88227,30.19495,0,0,88,4,SPB,RU,141,0,KAPITAN SOROKIN,3,345312,31,43,28,5138,39,1,2016-12-20T03:55:03.000Z,st_petersburg,2016-12-20T00:00:00.000Z,51,Tug,St. Petersburg,1
59.88227,30.19495,0,0,88,2,SPB,RU,141,0,KAPITAN SOROKIN,3,345312,31,43,28,5138,39,1,2016-12-20T03:55:03.000Z,st_petersburg,2016-12-20T00:00:00.000Z,51,Tug,St. Petersburg,1
59.88227,30.19495,0,0,88,3,SPB,RU,141,0,KAPITAN SOROKIN,3,345312,31,43,28,5138,39,1,2016-12-20T03:57:04.000Z,st_petersburg,2016-12-20T00:00:00.000Z,51,Tug,St. Petersburg,1
59.88227,30.19495,0,0,88,2,SPB,RU,141,0,KAPITAN SOROKIN,3,345312,31,43,28,5138,39,1,2016-12-20T03:57:04.000Z,st_petersburg,2016-12-20T00:00:00.000Z,51,Tug,St. Petersburg,1
59.88225,30.19495,0,0,88,2,SPB,RU,141,0,KAPITAN SOROKIN,3,345312,31,43,28,5138,39,1,2016-12-20T03:59:03.000Z,st_petersburg,2016-12-20T00:00:00.000Z,51,Tug,St. Petersburg,1
59.88225,30.19495,0,0,88,1,SPB,RU,141,0,KAPITAN SOROKIN,3,345312,31,43,28,5138,39,1,2016-12-20T03:59:03.000Z,st_petersburg,2016-12-20T00:00:00.000Z,51,Tug,St. Petersburg,1
59.88225,30.19495,0,0,88,3,SPB,RU,141,0,KAPITAN SOROKIN,3,345312,31,43,28,5138,39,1,2016-12-20T04:01:10.000Z,st_petersburg,2016-12-20T00:00:00.000Z,51,Tug,St. Petersburg,1
59.88225,30.19495,0,0,88,4,SPB,RU,141,0,KAPITAN SOROKIN,3,345312,31,43,28,5138,39,1,2016-12-20T04:01:11.000Z,st_petersburg,2016-12-20T00:00:00.000Z,51,Tug,St. Petersburg,1
59.88227,30.19494,0,0,88,3,SPB,RU,141,0,KAPITAN SOROKIN,3,345312,31,43,28,5138,39,1,2016-12-20T04:03:03.000Z,st_petersburg,2016-12-20T00:00:00.000Z,51,Tug,St. Petersburg,1
59.88227,30.19494,0,0,88,3,SPB,RU,141,0,KAPITAN SOROKIN,3,345312,31,43,28,5138,39,1,2016-12-20T04:03:04.000Z,st_petersburg,2016-12-20T00:00:00.000Z,51,Tug,St. Petersburg,1
59.88223,30.19495,0,0,88,2,SPB,RU,141,0,KAPITAN SOROKIN,3,345312,31,43,28,5138,39,1,2016-12-20T04:05:03.000Z,st_petersburg,2016-12-20T00:00:00.000Z,51,Tug,St. Petersburg,1
59.88223,30.19495,0,0,88,2,SPB,RU,141,0,KAPITAN SOROKIN,3,345312,31,43,28,5138,39,1,2016-12-20T04:05:12.000Z,st_petersburg,2016-12-20T00:00:00.000Z,51,Tug,St. Petersburg,1
59.88223,30.19495,0,0,88,4,SPB,RU,141,0,KAPITAN SOROKIN,3,345312,31,43,28,5138,39,1,2016-12-20T04:07:03.000Z,st_petersburg,2016-12-20T00:00:00.000Z,51,Tug,St. Petersburg,1
59.88223,30.19495,0,0,88,2,SPB,RU,141,0,KAPITAN SOROKIN,3,345312,31,43,28,5138,39,1,2016-12-20T04:07:04.000Z,st_petersburg,2016-12-20T00:00:00.000Z,51,Tug,St. Petersburg,1
59.88226,30.19494,0,0,88,3,SPB,RU,141,0,KAPITAN SOROKIN,3,345312,31,43,28,5138,39,1,2016-12-20T04:09:03.000Z,st_petersburg,2016-12-20T00:00:00.000Z,51,Tug,St. Petersburg,1
59.88226,30.19494,0,0,88,2,SPB,RU,141,0,KAPITAN SOROKIN,3,345312,31,43,28,5138,39,1,2016-12-20T04:09:04.000Z,st_petersburg,2016-12-20T00:00:00.000Z,51,Tug,St. Petersburg,1
59.88226,30.19494,0,0,88,2,SPB,RU,141,0,KAPITAN SOROKIN,3,345312,31,43,28,5138,39,1,2016-12-20T04:11:10.000Z,st_petersburg,2016-12-20T00:00:00.000Z,51,Tug,St. Petersburg,1
59.88226,30.19494,0,0,88,2,SPB,RU,141,0,KAPITAN SOROKIN,3,345312,31,43,28,5138,39,1,2016-12-20T04:11:11.000Z,st_petersburg,2016-12-20T00:00:00.000Z,51,Tug,St. Petersburg,1
59.88226,30.19494,0,0,88,4,SPB,RU,141,0,KAPITAN SOROKIN,3,345312,31,43,28,5138,39,1,2016-12-20T04:13:03.000Z,st_petersburg,2016-12-20T00:00:00.000Z,51,Tug,St. Petersburg,1
59.88226,30.19494,0,0,88,2,SPB,RU,141,0,KAPITAN SOROKIN,3,345312,31,43,28,5138,39,1,2016-12-20T04:13:04.000Z,st_petersburg,2016-12-20T00:00:00.000Z,51,Tug,St. Petersburg,1
59.88225,30.19495,0,0,88,3,SPB,RU,141,0,KAPITAN SOROKIN,3,345312,31,43,28,5138,39,1,2016-12-20T04:15:03.000Z,st_petersburg,2016-12-20T00:00:00.000Z,51,Tug,St. Petersburg,1
59.88225,30.19495,0,0,88,3,SPB,RU,141,0,KAPITAN SOROKIN,3,345312,31,43,28,5138,39,1,2016-12-20T04:15:03.000Z,st_petersburg,2016-12-20T00:00:00.000Z,51,Tug,St. Petersburg,1
59.88225,30.19492,0,0,88,2,SPB,RU,141,0,KAPITAN SOROKIN,3,345312,31,43,28,5138,39,1,2016-12-20T04:17:03.000Z,st_petersburg,2016-12-20T00:00:00.000Z,51,Tug,St. Petersburg,1
59.88225,30.19492,0,0,88,2,SPB,RU,141,0,KAPITAN SOROKIN,3,345312,31,43,28,5138,39,1,2016-12-20T04:17:04.000Z,st_petersburg,2016-12-20T00:00:00.000Z,51,Tug,St. Petersburg,1
59.88225,30.19492,0,0,88,4,SPB,RU,141,0,KAPITAN SOROKIN,3,345312,31,43,28,5138,39,1,2016-12-20T04:19:03.000Z,st_petersburg,2016-12-20T00:00:00.000Z,51,Tug,St. Petersburg,1
59.88225,30.19492,0,0,88,4,SPB,RU,141,0,KAPITAN SOROKIN,3,345312,31,43,28,5138,39,1,2016-12-20T04:19:05.000Z,st_petersburg,2016-12-20T00:00:00.000Z,51,Tug,St. Petersburg,1
59.88224,30.19496,0,0,88,3,SPB,RU,141,0,KAPITAN SOROKIN,3,345312,31,43,28,5138,39,1,2016-12-20T04:21:03.000Z,st_petersburg,2016-12-20T00:00:00.000Z,51,Tug,St. Petersburg,1
59.88224,30.19496,0,0,88,3,SPB,RU,141,0,KAPITAN SOROKIN,3,345312,31,43,28,5138,39,1,2016-12-20T04:21:04.000Z,st_petersburg,2016-12-20T00:00:00.000Z,51,Tug,St. Petersburg,1
59.88227,30.19494,0,0,88,2,SPB,RU,141,0,KAPITAN SOROKIN,3,345312,31,43,28,5138,39,1,2016-12-20T04:23:03.000Z,st_petersburg,2016-12-20T00:00:00.000Z,51,Tug,St. Petersburg,1
59.88227,30.19494,0,0,88,2,SPB,RU,141,0,KAPITAN SOROKIN,3,345312,31,43,28,5138,39,1,2016-12-20T04:23:04.000Z,st_petersburg,2016-12-20T00:00:00.000Z,51,Tug,St. Petersburg,1
59.88227,30.19494,0,0,88,4,SPB,RU,141,0,KAPITAN SOROKIN,3,345312,31,43,28,5138,39,1,2016-12-20T04:25:03.000Z,st_petersburg,2016-12-20T00:00:00.000Z,51,Tug,St. Petersburg,1
59.88227,30.19494,0,0,88,4,SPB,RU,141,0,KAPITAN SOROKIN,3,345312,31,43,28,5138,39,1,2016-12-20T04:25:04.000Z,st_petersburg,2016-12-20T00:00:00.000Z,51,Tug,St. Petersburg,1
59.88227,30.19494,0,0,88,3,SPB,RU,141,0,KAPITAN SOROKIN,3,345312,31,43,28,5138,39,1,2016-12-20T04:27:04.000Z,st_petersburg,2016-12-20T00:00:00.000Z,51,Tug,St. Petersburg,1
59.88227,30.19494,0,0,88,2,SPB,RU,141,0,KAPITAN SOROKIN,3,345312,31,43,28,5138,39,1,2016-12-20T04:27:04.000Z,st_petersburg,2016-12-20T00:00:00.000Z,51,Tug,St. Petersburg,1
59.88223,30.19494,0,0,88,2,SPB,RU,141,0,KAPITAN SOROKIN,3,345312,31,43,28,5138,39,1,2016-12-20T04:29:03.000Z,st_petersburg,2016-12-20T00:00:00.000Z,51,Tug,St. Petersburg,1
59.88227,30.19494,0,0,88,3,SPB,RU,141,0,KAPITAN SOROKIN,3,345312,31,43,28,5138,39,1,2016-12-20T04:29:11.000Z,st_petersburg,2016-12-20T00:00:00.000Z,51,Tug,St. Petersburg,1
59.88223,30.19494,0,0,88,4,SPB,RU,141,0,KAPITAN SOROKIN,3,345312,31,43,28,5138,39,1,2016-12-20T04:31:03.000Z,st_petersburg,2016-12-20T00:00:00.000Z,51,Tug,St. Petersburg,1
59.88223,30.19494,0,0,88,2,SPB,RU,141,0,KAPITAN SOROKIN,3,345312,31,43,28,5138,39,1,2016-12-20T04:31:04.000Z,st_petersburg,2016-12-20T00:00:00.000Z,51,Tug,St. Petersburg,1
59.88227,30.19493,0,0,88,3,SPB,RU,141,0,KAPITAN SOROKIN,3,345312,31,43,28,5138,39,1,2016-12-20T04:33:03.000Z,st_petersburg,2016-12-20T00:00:00.000Z,51,Tug,St. Petersburg,1
59.88227,30.19493,0,0,88,3,SPB,RU,141,0,KAPITAN SOROKIN,3,345312,31,43,28,5138,39,1,2016-12-20T04:33:12.000Z,st_petersburg,2016-12-20T00:00:00.000Z,51,Tug,St. Petersburg,1
59.88226,30.19496,0,0,88,2,SPB,RU,141,0,KAPITAN SOROKIN,3,345312,31,43,28,5138,39,1,2016-12-20T04:35:03.000Z,st_petersburg,2016-12-20T00:00:00.000Z,51,Tug,St. Petersburg,1
59.88226,30.19496,0,0,88,2,SPB,RU,141,0,KAPITAN SOROKIN,3,345312,31,43,28,5138,39,1,2016-12-20T04:35:03.000Z,st_petersburg,2016-12-20T00:00:00.000Z,51,Tug,St. Petersburg,1
59.88225,30.19497,0,0,88,3,SPB,RU,141,0,KAPITAN SOROKIN,3,345312,31,43,28,5138,39,1,2016-12-20T04:39:11.000Z,st_petersburg,2016-12-20T00:00:00.000Z,51,Tug,St. Petersburg,1
59.88225,30.19497,0,0,88,3,SPB,RU,141,0,KAPITAN SOROKIN,3,345312,31,43,28,5138,39,1,2016-12-20T04:39:12.000Z,st_petersburg,2016-12-20T00:00:00.000Z,51,Tug,St. Petersburg,1
59.88225,30.19497,0,0,88,5,SPB,RU,141,0,KAPITAN SOROKIN,3,345312,31,43,28,5138,39,1,2016-12-20T04:41:04.000Z,st_petersburg,2016-12-20T00:00:00.000Z,51,Tug,St. Petersburg,1
59.88225,30.19497,0,0,88,5,SPB,RU,141,0,KAPITAN SOROKIN,3,345312,31,43,28,5138,39,1,2016-12-20T04:41:05.000Z,st_petersburg,2016-12-20T00:00:00.000Z,51,Tug,St. Petersburg,1
59.88225,30.19497,0,0,88,7,SPB,RU,141,0,KAPITAN SOROKIN,3,345312,31,43,28,5138,39,1,2016-12-20T04:43:03.000Z,st_petersburg,2016-12-20T00:00:00.000Z,51,Tug,St. Petersburg,1
59.88225,30.19497,0,0,88,6,SPB,RU,141,0,KAPITAN SOROKIN,3,345312,31,43,28,5138,39,1,2016-12-20T04:43:04.000Z,st_petersburg,2016-12-20T00:00:00.000Z,51,Tug,St. Petersburg,1
59.88225,30.19497,0,0,88,9,SPB,RU,141,0,KAPITAN SOROKIN,3,345312,31,43,28,5138,39,1,2016-12-20T04:45:04.000Z,st_petersburg,2016-12-20T00:00:00.000Z,51,Tug,St. Petersburg,1
59.88225,30.19497,0,0,88,9,SPB,RU,141,0,KAPITAN SOROKIN,3,345312,31,43,28,5138,39,1,2016-12-20T04:45:04.000Z,st_petersburg,2016-12-20T00:00:00.000Z,51,Tug,St. Petersburg,1
59.88226,30.19494,0,0,88,3,SPB,RU,141,0,KAPITAN SOROKIN,3,345312,31,43,28,5138,39,1,2016-12-20T04:47:03.000Z,st_petersburg,2016-12-20T00:00:00.000Z,51,Tug,St. Petersburg,1
59.88226,30.19494,0,0,88,3,SPB,RU,141,0,KAPITAN SOROKIN,3,345312,31,43,28,5138,39,1,2016-12-20T04:47:11.000Z,st_petersburg,2016-12-20T00:00:00.000Z,51,Tug,St. Petersburg,1
59.88225,30.19498,0,0,88,2,SPB,RU,141,0,KAPITAN SOROKIN,3,345312,31,43,28,5138,39,1,2016-12-20T04:49:03.000Z,st_petersburg,2016-12-20T00:00:00.000Z,51,Tug,St. Petersburg,1
59.88225,30.19498,0,0,88,1,SPB,RU,141,0,KAPITAN SOROKIN,3,345312,31,43,28,5138,39,1,2016-12-20T04:49:04.000Z,st_petersburg,2016-12-20T00:00:00.000Z,51,Tug,St. Petersburg,1
59.88225,30.19498,0,0,88,4,SPB,RU,141,0,KAPITAN SOROKIN,3,345312,31,43,28,5138,39,1,2016-12-20T04:51:04.000Z,st_petersburg,2016-12-20T00:00:00.000Z,51,Tug,St. Petersburg,1
59.88225,30.19498,0,0,88,4,SPB,RU,141,0,KAPITAN SOROKIN,3,345312,31,43,28,5138,39,1,2016-12-20T04:51:04.000Z,st_petersburg,2016-12-20T00:00:00.000Z,51,Tug,St. Petersburg,1
59.88226,30.19493,0,0,88,3,SPB,RU,141,0,KAPITAN SOROKIN,3,345312,31,43,28,5138,39,1,2016-12-20T04:53:03.000Z,st_petersburg,2016-12-20T00:00:00.000Z,51,Tug,St. Petersburg,1
59.88226,30.19493,0,0,88,3,SPB,RU,141,0,KAPITAN SOROKIN,3,345312,31,43,28,5138,39,1,2016-12-20T04:53:11.000Z,st_petersburg,2016-12-20T00:00:00.000Z,51,Tug,St. Petersburg,1
59.88224,30.19498,0,0,88,2,SPB,RU,141,0,KAPITAN SOROKIN,3,345312,31,43,28,5138,39,1,2016-12-20T04:55:03.000Z,st_petersburg,2016-12-20T00:00:00.000Z,51,Tug,St. Petersburg,1
59.88224,30.19498,0,0,88,2,SPB,RU,141,0,KAPITAN SOROKIN,3,345312,31,43,28,5138,39,1,2016-12-20T04:55:04.000Z,st_petersburg,2016-12-20T00:00:00.000Z,51,Tug,St. Petersburg,1
59.88224,30.19498,0,0,88,4,SPB,RU,141,0,KAPITAN SOROKIN,3,345312,31,43,28,5138,39,1,2016-12-20T04:57:03.000Z,st_petersburg,2016-12-20T00:00:00.000Z,51,Tug,St. Petersburg,1
59.88224,30.19498,0,0,88,2,SPB,RU,141,0,KAPITAN SOROKIN,3,345312,31,43,28,5138,39,1,2016-12-20T04:57:04.000Z,st_petersburg,2016-12-20T00:00:00.000Z,51,Tug,St. Petersburg,1
59.88224,30.19498,0,0,88,6,SPB,RU,141,0,KAPITAN SOROKIN,3,345312,31,43,28,5138,39,1,2016-12-20T04:59:04.000Z,st_petersburg,2016-12-20T00:00:00.000Z,51,Tug,St. Petersburg,1
59.88224,30.19498,0,0,88,6,SPB,RU,141,0,KAPITAN SOROKIN,3,345312,31,43,28,5138,39,1,2016-12-20T04:59:05.000Z,st_petersburg,2016-12-20T00:00:00.000Z,51,Tug,St. Petersburg,1
59.88224,30.19498,0,0,88,7,SPB,RU,141,0,KAPITAN SOROKIN,3,345312,31,43,28,5138,39,1,2016-12-20T05:01:02.000Z,st_petersburg,2016-12-20T00:00:00.000Z,51,Tug,St. Petersburg,1
59.88224,30.19498,0,0,88,8,SPB,RU,141,0,KAPITAN SOROKIN,3,345312,31,43,28,5138,39,1,2016-12-20T05:01:03.000Z,st_petersburg,2016-12-20T00:00:00.000Z,51,Tug,St. Petersburg,1
59.88223,30.19491,0,0,88,2,SPB,RU,141,0,KAPITAN SOROKIN,3,345312,31,43,28,5138,39,1,2016-12-20T05:03:04.000Z,st_petersburg,2016-12-20T00:00:00.000Z,51,Tug,St. Petersburg,1
59.88223,30.19491,0,0,88,1,SPB,RU,141,0,KAPITAN SOROKIN,3,345312,31,43,28,5138,39,1,2016-12-20T05:03:05.000Z,st_petersburg,2016-12-20T00:00:00.000Z,51,Tug,St. Petersburg,1
59.88223,30.19491,0,0,88,2,SPB,RU,141,0,KAPITAN SOROKIN,3,345312,31,43,28,5138,39,1,2016-12-20T05:05:03.000Z,st_petersburg,2016-12-20T00:00:00.000Z,51,Tug,St. Petersburg,1
59.88223,30.19491,0,0,88,4,SPB,RU,141,0,KAPITAN SOROKIN,3,345312,31,43,28,5138,39,1,2016-12-20T05:05:04.000Z,st_petersburg,2016-12-20T00:00:00.000Z,51,Tug,St. Petersburg,1
59.88223,30.19495,0,0,88,3,SPB,RU,141,0,KAPITAN SOROKIN,3,345312,31,43,28,5138,39,1,2016-12-20T05:07:03.000Z,st_petersburg,2016-12-20T00:00:00.000Z,51,Tug,St. Petersburg,1
59.88223,30.19495,0,0,88,3,SPB,RU,141,0,KAPITAN SOROKIN,3,345312,31,43,28,5138,39,1,2016-12-20T05:07:04.000Z,st_petersburg,2016-12-20T00:00:00.000Z,51,Tug,St. Petersburg,1
59.88223,30.19495,0,0,88,5,SPB,RU,141,0,KAPITAN SOROKIN,3,345312,31,43,28,5138,39,1,2016-12-20T05:09:12.000Z,st_petersburg,2016-12-20T00:00:00.000Z,51,Tug,St. Petersburg,1
59.88223,30.19495,0,0,88,5,SPB,RU,141,0,KAPITAN SOROKIN,3,345312,31,43,28,5138,39,1,2016-12-20T05:09:13.000Z,st_petersburg,2016-12-20T00:00:00.000Z,51,Tug,St. Petersburg,1
59.88227,30.19494,0,0,88,3,SPB,RU,141,0,KAPITAN SOROKIN,3,345312,31,43,28,5138,39,1,2016-12-20T05:11:03.000Z,st_petersburg,2016-12-20T00:00:00.000Z,51,Tug,St. Petersburg,1
59.88227,30.19494,0,0,88,3,SPB,RU,141,0,KAPITAN SOROKIN,3,345312,31,43,28,5138,39,1,2016-12-20T05:11:04.000Z,st_petersburg,2016-12-20T00:00:00.000Z,51,Tug,St. Petersburg,1
59.88227,30.19494,0,0,88,2,SPB,RU,141,0,KAPITAN SOROKIN,3,345312,31,43,28,5138,39,1,2016-12-20T05:13:11.000Z,st_petersburg,2016-12-20T00:00:00.000Z,51,Tug,St. Petersburg,1
59.88227,30.19494,0,0,88,4,SPB,RU,141,0,KAPITAN SOROKIN,3,345312,31,43,28,5138,39,1,2016-12-20T05:13:11.000Z,st_petersburg,2016-12-20T00:00:00.000Z,51,Tug,St. Petersburg,1
59.88227,30.19494,0,0,88,4,SPB,RU,141,0,KAPITAN SOROKIN,3,345312,31,43,28,5138,39,1,2016-12-20T05:15:03.000Z,st_petersburg,2016-12-20T00:00:00.000Z,51,Tug,St. Petersburg,1
59.88227,30.19494,0,0,88,3,SPB,RU,141,0,KAPITAN SOROKIN,3,345312,31,43,28,5138,39,1,2016-12-20T05:15:04.000Z,st_petersburg,2016-12-20T00:00:00.000Z,51,Tug,St. Petersburg,1
59.88227,30.19494,0,0,88,3,SPB,RU,141,0,KAPITAN SOROKIN,3,345312,31,43,28,5138,39,1,2016-12-20T05:17:03.000Z,st_petersburg,2016-12-20T00:00:00.000Z,51,Tug,St. Petersburg,1
59.88227,30.19494,0,0,88,2,SPB,RU,141,0,KAPITAN SOROKIN,3,345312,31,43,28,5138,39,1,2016-12-20T05:17:04.000Z,st_petersburg,2016-12-20T00:00:00.000Z,51,Tug,St. Petersburg,1
59.88225,30.19495,0,0,88,2,SPB,RU,141,0,KAPITAN SOROKIN,3,345312,31,43,28,5138,39,1,2016-12-20T05:19:03.000Z,st_petersburg,2016-12-20T00:00:00.000Z,51,Tug,St. Petersburg,1
59.88225,30.19495,0,0,88,2,SPB,RU,141,0,KAPITAN SOROKIN,3,345312,31,43,28,5138,39,1,2016-12-20T05:19:04.000Z,st_petersburg,2016-12-20T00:00:00.000Z,51,Tug,St. Petersburg,1
59.88225,30.19495,0,0,88,4,SPB,RU,141,0,KAPITAN SOROKIN,3,345312,31,43,28,5138,39,1,2016-12-20T05:21:11.000Z,st_petersburg,2016-12-20T00:00:00.000Z,51,Tug,St. Petersburg,1
59.88225,30.19495,0,0,88,4,SPB,RU,141,0,KAPITAN SOROKIN,3,345312,31,43,28,5138,39,1,2016-12-20T05:21:11.000Z,st_petersburg,2016-12-20T00:00:00.000Z,51,Tug,St. Petersburg,1
59.88225,30.19494,0,0,88,3,SPB,RU,141,0,KAPITAN SOROKIN,3,345312,31,43,28,5138,39,1,2016-12-20T05:23:03.000Z,st_petersburg,2016-12-20T00:00:00.000Z,51,Tug,St. Petersburg,1
59.88225,30.19494,0,0,88,2,SPB,RU,141,0,KAPITAN SOROKIN,3,345312,31,43,28,5138,39,1,2016-12-20T05:23:04.000Z,st_petersburg,2016-12-20T00:00:00.000Z,51,Tug,St. Petersburg,1
59.88225,30.19497,0,0,88,2,SPB,RU,141,0,KAPITAN SOROKIN,3,345312,31,43,28,5138,39,1,2016-12-20T05:25:03.000Z,st_petersburg,2016-12-20T00:00:00.000Z,51,Tug,St. Petersburg,1
59.88225,30.19497,0,0,88,2,SPB,RU,141,0,KAPITAN SOROKIN,3,345312,31,43,28,5138,39,1,2016-12-20T05:25:04.000Z,st_petersburg,2016-12-20T00:00:00.000Z,51,Tug,St. Petersburg,1
59.88225,30.19497,0,0,88,4,SPB,RU,141,0,KAPITAN SOROKIN,3,345312,31,43,28,5138,39,1,2016-12-20T05:27:04.000Z,st_petersburg,2016-12-20T00:00:00.000Z,51,Tug,St. Petersburg,1
59.88225,30.19497,0,0,88,4,SPB,RU,141,0,KAPITAN SOROKIN,3,345312,31,43,28,5138,39,1,2016-12-20T05:27:04.000Z,st_petersburg,2016-12-20T00:00:00.000Z,51,Tug,St. Petersburg,1
59.88225,30.19497,0,0,88,6,SPB,RU,141,0,KAPITAN SOROKIN,3,345312,31,43,28,5138,39,1,2016-12-20T05:29:03.000Z,st_petersburg,2016-12-20T00:00:00.000Z,51,Tug,St. Petersburg,1
59.88225,30.19497,0,0,88,6,SPB,RU,141,0,KAPITAN SOROKIN,3,345312,31,43,28,5138,39,1,2016-12-20T05:29:04.000Z,st_petersburg,2016-12-20T00:00:00.000Z,51,Tug,St. Petersburg,1
59.88225,30.19493,0,0,88,2,SPB,RU,141,0,KAPITAN SOROKIN,3,345312,31,43,28,5138,39,1,2016-12-20T05:31:04.000Z,st_petersburg,2016-12-20T00:00:00.000Z,51,Tug,St. Petersburg,1
59.88225,30.19493,0,0,88,2,SPB,RU,141,0,KAPITAN SOROKIN,3,345312,31,43,28,5138,39,1,2016-12-20T05:31:05.000Z,st_petersburg,2016-12-20T00:00:00.000Z,51,Tug,St. Petersburg,1
59.88225,30.19493,0,0,88,4,SPB,RU,141,0,KAPITAN SOROKIN,3,345312,31,43,28,5138,39,0,2016-12-20T05:33:03.000Z,st_petersburg,2016-12-20T00:00:00.000Z,51,Tug,St. Petersburg,1
59.88225,30.19493,0,0,88,3,SPB,RU,141,0,KAPITAN SOROKIN,3,345312,31,43,28,5138,39,0,2016-12-20T05:33:04.000Z,st_petersburg,2016-12-20T00:00:00.000Z,51,Tug,St. Petersburg,1
59.88225,30.19495,0,0,88,2,SPB,RU,141,0,KAPITAN SOROKIN,3,345312,31,43,28,5138,39,0,2016-12-20T05:35:03.000Z,st_petersburg,2016-12-20T00:00:00.000Z,51,Tug,St. Petersburg,1
59.88225,30.19495,0,0,88,2,SPB,RU,141,0,KAPITAN SOROKIN,3,345312,31,43,28,5138,39,0,2016-12-20T05:35:04.000Z,st_petersburg,2016-12-20T00:00:00.000Z,51,Tug,St. Petersburg,1
59.88225,30.19495,0,0,88,4,SPB,RU,141,0,KAPITAN SOROKIN,3,345312,31,43,28,5138,39,0,2016-12-20T05:37:03.000Z,st_petersburg,2016-12-20T00:00:00.000Z,51,Tug,St. Petersburg,1
59.88225,30.19495,0,0,88,4,SPB,RU,141,0,KAPITAN SOROKIN,3,345312,31,43,28,5138,39,0,2016-12-20T05:37:04.000Z,st_petersburg,2016-12-20T00:00:00.000Z,51,Tug,St. Petersburg,1
59.88227,30.19492,0,0,88,3,SPB,RU,141,0,KAPITAN SOROKIN,3,345312,31,43,28,5138,39,1,2016-12-20T05:39:03.000Z,st_petersburg,2016-12-20T00:00:00.000Z,51,Tug,St. Petersburg,1
59.88227,30.19492,0,0,88,3,SPB,RU,141,0,KAPITAN SOROKIN,3,345312,31,43,28,5138,39,1,2016-12-20T05:39:04.000Z,st_petersburg,2016-12-20T00:00:00.000Z,51,Tug,St. Petersburg,1
59.88227,30.19492,0,0,88,5,SPB,RU,141,0,KAPITAN SOROKIN,3,345312,31,43,28,5138,39,1,2016-12-20T05:41:03.000Z,st_petersburg,2016-12-20T00:00:00.000Z,51,Tug,St. Petersburg,1
59.88227,30.19492,0,0,88,4,SPB,RU,141,0,KAPITAN SOROKIN,3,345312,31,43,28,5138,39,1,2016-12-20T05:41:04.000Z,st_petersburg,2016-12-20T00:00:00.000Z,51,Tug,St. Petersburg,1
59.88223,30.19493,0,0,88,3,SPB,RU,141,0,KAPITAN SOROKIN,3,345312,31,43,28,5138,39,1,2016-12-20T05:43:03.000Z,st_petersburg,2016-12-20T00:00:00.000Z,51,Tug,St. Petersburg,1
59.88223,30.19493,0,0,88,3,SPB,RU,141,0,KAPITAN SOROKIN,3,345312,31,43,28,5138,39,1,2016-12-20T05:43:04.000Z,st_petersburg,2016-12-20T00:00:00.000Z,51,Tug,St. Petersburg,1
59.88223,30.1949,0,0,88,2,SPB,RU,141,0,KAPITAN SOROKIN,3,345312,31,43,28,5138,39,1,2016-12-20T05:45:03.000Z,st_petersburg,2016-12-20T00:00:00.000Z,51,Tug,St. Petersburg,1
59.88223,30.19493,0,0,88,4,SPB,RU,141,0,KAPITAN SOROKIN,3,345312,31,43,28,5138,39,1,2016-12-20T05:45:03.000Z,st_petersburg,2016-12-20T00:00:00.000Z,51,Tug,St. Petersburg,1
59.88223,30.1949,0,0,88,4,SPB,RU,141,0,KAPITAN SOROKIN,3,345312,31,43,28,5138,39,1,2016-12-20T05:47:03.000Z,st_petersburg,2016-12-20T00:00:00.000Z,51,Tug,St. Petersburg,1
59.88223,30.1949,0,0,88,4,SPB,RU,141,0,KAPITAN SOROKIN,3,345312,31,43,28,5138,39,1,2016-12-20T05:47:04.000Z,st_petersburg,2016-12-20T00:00:00.000Z,51,Tug,St. Petersburg,1
59.88224,30.19491,0,0,88,3,SPB,RU,141,0,KAPITAN SOROKIN,3,345312,31,43,28,5138,39,1,2016-12-20T05:49:03.000Z,st_petersburg,2016-12-20T00:00:00.000Z,51,Tug,St. Petersburg,1
59.88224,30.19491,0,0,88,3,SPB,RU,141,0,KAPITAN SOROKIN,3,345312,31,43,28,5138,39,1,2016-12-20T05:49:04.000Z,st_petersburg,2016-12-20T00:00:00.000Z,51,Tug,St. Petersburg,1
59.88224,30.19491,0,0,88,5,SPB,RU,141,0,KAPITAN SOROKIN,3,345312,31,43,28,5138,39,1,2016-12-20T05:51:03.000Z,st_petersburg,2016-12-20T00:00:00.000Z,51,Tug,St. Petersburg,1
59.88224,30.19491,0,0,88,4,SPB,RU,141,0,KAPITAN SOROKIN,3,345312,31,43,28,5138,39,1,2016-12-20T05:51:04.000Z,st_petersburg,2016-12-20T00:00:00.000Z,51,Tug,St. Petersburg,1
59.88221,30.19489,0,0,88,3,SPB,RU,141,0,KAPITAN SOROKIN,3,345312,31,43,28,5138,39,1,2016-12-20T05:53:03.000Z,st_petersburg,2016-12-20T00:00:00.000Z,51,Tug,St. Petersburg,1
59.88221,30.19489,0,0,88,3,SPB,RU,141,0,KAPITAN SOROKIN,3,345312,31,43,28,5138,39,1,2016-12-20T05:53:05.000Z,st_petersburg,2016-12-20T00:00:00.000Z,51,Tug,St. Petersburg,1
59.88224,30.1949,0,0,88,2,SPB,RU,141,0,KAPITAN SOROKIN,3,345312,31,43,28,5138,39,1,2016-12-20T05:55:03.000Z,st_petersburg,2016-12-20T00:00:00.000Z,51,Tug,St. Petersburg,1
59.88224,30.1949,0,0,88,2,SPB,RU,141,0,KAPITAN SOROKIN,3,345312,31,43,28,5138,39,1,2016-12-20T05:55:04.000Z,st_petersburg,2016-12-20T00:00:00.000Z,51,Tug,St. Petersburg,1
59.88224,30.1949,0,0,88,4,SPB,RU,141,0,KAPITAN SOROKIN,3,345312,31,43,28,5138,39,1,2016-12-20T05:57:04.000Z,st_petersburg,2016-12-20T00:00:00.000Z,51,Tug,St. Petersburg,1
59.88224,30.1949,0,0,88,4,SPB,RU,141,0,KAPITAN SOROKIN,3,345312,31,43,28,5138,39,1,2016-12-20T05:57:05.000Z,st_petersburg,2016-12-20T00:00:00.000Z,51,Tug,St. Petersburg,1
59.88226,30.19489,0,0,88,2,SPB,RU,141,0,KAPITAN SOROKIN,3,345312,31,43,28,5138,39,1,2016-12-20T05:59:03.000Z,st_petersburg,2016-12-20T00:00:00.000Z,51,Tug,St. Petersburg,1
59.88226,30.19489,0,0,88,2,SPB,RU,141,0,KAPITAN SOROKIN,3,345312,31,43,28,5138,39,1,2016-12-20T05:59:04.000Z,st_petersburg,2016-12-20T00:00:00.000Z,51,Tug,St. Petersburg,1
59.88226,30.19489,0,0,88,4,SPB,RU,141,0,KAPITAN SOROKIN,3,345312,31,43,28,5138,39,1,2016-12-20T06:01:03.000Z,st_petersburg,2016-12-20T00:00:00.000Z,51,Tug,St. Petersburg,1
59.88226,30.19489,0,0,88,4,SPB,RU,141,0,KAPITAN SOROKIN,3,345312,31,43,28,5138,39,1,2016-12-20T06:01:04.000Z,st_petersburg,2016-12-20T00:00:00.000Z,51,Tug,St. Petersburg,1
59.88225,30.19492,0,0,88,3,SPB,RU,141,0,KAPITAN SOROKIN,3,345312,31,43,28,5138,39,1,2016-12-20T06:03:03.000Z,st_petersburg,2016-12-20T00:00:00.000Z,51,Tug,St. Petersburg,1
59.88225,30.19492,0,0,88,3,SPB,RU,141,0,KAPITAN SOROKIN,3,345312,31,43,28,5138,39,1,2016-12-20T06:03:04.000Z,st_petersburg,2016-12-20T00:00:00.000Z,51,Tug,St. Petersburg,1
59.88227,30.19493,0,0,88,2,SPB,RU,141,0,KAPITAN SOROKIN,3,345312,31,43,28,5138,39,1,2016-12-20T06:05:03.000Z,st_petersburg,2016-12-20T00:00:00.000Z,51,Tug,St. Petersburg,1
59.88227,30.19493,0,0,88,2,SPB,RU,141,0,KAPITAN SOROKIN,3,345312,31,43,28,5138,39,1,2016-12-20T06:05:04.000Z,st_petersburg,2016-12-20T00:00:00.000Z,51,Tug,St. Petersburg,1
59.88227,30.19493,0,0,88,4,SPB,RU,141,0,KAPITAN SOROKIN,3,345312,31,43,28,5138,39,1,2016-12-20T06:07:03.000Z,st_petersburg,2016-12-20T00:00:00.000Z,51,Tug,St. Petersburg,1
59.88227,30.19493,0,0,88,2,SPB,RU,141,0,KAPITAN SOROKIN,3,345312,31,43,28,5138,39,1,2016-12-20T06:07:04.000Z,st_petersburg,2016-12-20T00:00:00.000Z,51,Tug,St. Petersburg,1
59.88225,30.19493,0,0,88,2,SPB,RU,141,0,KAPITAN SOROKIN,3,345312,31,43,28,5138,39,1,2016-12-20T06:09:03.000Z,st_petersburg,2016-12-20T00:00:00.000Z,51,Tug,St. Petersburg,1
59.88227,30.19493,0,0,88,5,SPB,RU,141,0,KAPITAN SOROKIN,3,345312,31,43,28,5138,39,1,2016-12-20T06:09:04.000Z,st_petersburg,2016-12-20T00:00:00.000Z,51,Tug,St. Petersburg,1
59.88225,30.19493,0,0,88,4,SPB,RU,141,0,KAPITAN SOROKIN,3,345312,31,43,28,5138,39,1,2016-12-20T06:11:03.000Z,st_petersburg,2016-12-20T00:00:00.000Z,51,Tug,St. Petersburg,1
59.88225,30.19493,0,0,88,4,SPB,RU,141,0,KAPITAN SOROKIN,3,345312,31,43,28,5138,39,1,2016-12-20T06:11:04.000Z,st_petersburg,2016-12-20T00:00:00.000Z,51,Tug,St. Petersburg,1
59.88225,30.19493,0,0,88,6,SPB,RU,141,0,KAPITAN SOROKIN,3,345312,31,43,28,5138,39,1,2016-12-20T06:13:03.000Z,st_petersburg,2016-12-20T00:00:00.000Z,51,Tug,St. Petersburg,1
59.88225,30.19493,0,0,88,6,SPB,RU,141,0,KAPITAN SOROKIN,3,345312,31,43,28,5138,39,1,2016-12-20T06:13:04.000Z,st_petersburg,2016-12-20T00:00:00.000Z,51,Tug,St. Petersburg,1
59.88224,30.19494,0,0,88,2,SPB,RU,141,0,KAPITAN SOROKIN,3,345312,31,43,28,5138,39,1,2016-12-20T06:17:03.000Z,st_petersburg,2016-12-20T00:00:00.000Z,51,Tug,St. Petersburg,1
59.88224,30.19494,0,0,88,2,SPB,RU,141,0,KAPITAN SOROKIN,3,345312,31,43,28,5138,39,1,2016-12-20T06:17:05.000Z,st_petersburg,2016-12-20T00:00:00.000Z,51,Tug,St. Petersburg,1
59.88224,30.19494,0,0,88,4,SPB,RU,141,0,KAPITAN SOROKIN,3,345312,31,43,28,5138,39,0,2016-12-20T06:19:04.000Z,st_petersburg,2016-12-20T00:00:00.000Z,51,Tug,St. Petersburg,1
59.88224,30.19494,0,0,88,2,SPB,RU,141,0,KAPITAN SOROKIN,3,345312,31,43,28,5138,39,0,2016-12-20T06:19:04.000Z,st_petersburg,2016-12-20T00:00:00.000Z,51,Tug,St. Petersburg,1
59.88227,30.19496,0,0,88,3,SPB,RU,141,0,KAPITAN SOROKIN,3,345312,31,43,28,5138,39,0,2016-12-20T06:21:03.000Z,st_petersburg,2016-12-20T00:00:00.000Z,51,Tug,St. Petersburg,1
59.88227,30.19496,0,0,88,3,SPB,RU,141,0,KAPITAN SOROKIN,3,345312,31,43,28,5138,39,0,2016-12-20T06:21:12.000Z,st_petersburg,2016-12-20T00:00:00.000Z,51,Tug,St. Petersburg,1
59.88227,30.19497,0,0,88,2,SPB,RU,141,0,KAPITAN SOROKIN,3,345312,31,43,28,5138,39,0,2016-12-20T06:23:03.000Z,st_petersburg,2016-12-20T00:00:00.000Z,51,Tug,St. Petersburg,1
59.88227,30.19496,0,0,88,4,SPB,RU,141,0,KAPITAN SOROKIN,3,345312,31,43,28,5138,39,0,2016-12-20T06:23:04.000Z,st_petersburg,2016-12-20T00:00:00.000Z,51,Tug,St. Petersburg,1
59.88227,30.19497,0,0,88,4,SPB,RU,141,0,KAPITAN SOROKIN,3,345312,31,43,28,5138,39,0,2016-12-20T06:25:04.000Z,st_petersburg,2016-12-20T00:00:00.000Z,51,Tug,St. Petersburg,1
59.88227,30.19497,0,0,88,4,SPB,RU,141,0,KAPITAN SOROKIN,3,345312,31,43,28,5138,39,0,2016-12-20T06:25:05.000Z,st_petersburg,2016-12-20T00:00:00.000Z,51,Tug,St. Petersburg,1
59.88227,30.19497,0,0,88,4,SPB,RU,141,0,KAPITAN SOROKIN,3,345312,31,43,28,5138,39,0,2016-12-20T06:27:04.000Z,st_petersburg,2016-12-20T00:00:00.000Z,51,Tug,St. Petersburg,1
59.88227,30.19497,0,0,88,6,SPB,RU,141,0,KAPITAN SOROKIN,3,345312,31,43,28,5138,39,1,2016-12-20T06:27:05.000Z,st_petersburg,2016-12-20T00:00:00.000Z,51,Tug,St. Petersburg,1
59.88227,30.19497,0,0,88,8,SPB,RU,141,0,KAPITAN SOROKIN,3,345312,31,43,28,5138,39,1,2016-12-20T06:29:03.000Z,st_petersburg,2016-12-20T00:00:00.000Z,51,Tug,St. Petersburg,1
59.88227,30.19497,0,0,88,8,SPB,RU,141,0,KAPITAN SOROKIN,3,345312,31,43,28,5138,39,1,2016-12-20T06:29:04.000Z,st_petersburg,2016-12-20T00:00:00.000Z,51,Tug,St. Petersburg,1
59.88228,30.19493,0,0,88,2,SPB,RU,141,0,KAPITAN SOROKIN,3,345312,31,43,28,5138,39,1,2016-12-20T06:31:03.000Z,st_petersburg,2016-12-20T00:00:00.000Z,51,Tug,St. Petersburg,1
59.88228,30.19493,0,0,88,2,SPB,RU,141,0,KAPITAN SOROKIN,3,345312,31,43,28,5138,39,1,2016-12-20T06:31:04.000Z,st_petersburg,2016-12-20T00:00:00.000Z,51,Tug,St. Petersburg,1
59.88228,30.19493,0,0,88,4,SPB,RU,141,0,KAPITAN SOROKIN,3,345312,31,43,28,5138,39,1,2016-12-20T06:33:03.000Z,st_petersburg,2016-12-20T00:00:00.000Z,51,Tug,St. Petersburg,1
59.88228,30.19493,0,0,88,4,SPB,RU,141,0,KAPITAN SOROKIN,3,345312,31,43,28,5138,39,1,2016-12-20T06:33:04.000Z,st_petersburg,2016-12-20T00:00:00.000Z,51,Tug,St. Petersburg,1
59.88228,30.19493,0,0,88,6,SPB,RU,141,0,KAPITAN SOROKIN,3,345312,31,43,28,5138,39,1,2016-12-20T06:35:03.000Z,st_petersburg,2016-12-20T00:00:00.000Z,51,Tug,St. Petersburg,1
59.88228,30.19493,0,0,88,6,SPB,RU,141,0,KAPITAN SOROKIN,3,345312,31,43,28,5138,39,1,2016-12-20T06:35:04.000Z,st_petersburg,2016-12-20T00:00:00.000Z,51,Tug,St. Petersburg,1
59.88228,30.19493,0,0,88,8,SPB,RU,141,0,KAPITAN SOROKIN,3,345312,31,43,28,5138,39,1,2016-12-20T06:37:04.000Z,st_petersburg,2016-12-20T00:00:00.000Z,51,Tug,St. Petersburg,1
59.88228,30.19493,0,0,88,6,SPB,RU,141,0,KAPITAN SOROKIN,3,345312,31,43,28,5138,39,1,2016-12-20T06:37:14.000Z,st_petersburg,2016-12-20T00:00:00.000Z,51,Tug,St. Petersburg,1
59.88223,30.19494,0,0,88,2,SPB,RU,141,0,KAPITAN SOROKIN,3,345312,31,43,28,5138,39,1,2016-12-20T06:39:03.000Z,st_petersburg,2016-12-20T00:00:00.000Z,51,Tug,St. Petersburg,1
59.88223,30.19494,0,0,88,2,SPB,RU,141,0,KAPITAN SOROKIN,3,345312,31,43,28,5138,39,1,2016-12-20T06:39:04.000Z,st_petersburg,2016-12-20T00:00:00.000Z,51,Tug,St. Petersburg,1
59.88223,30.19494,0,0,88,4,SPB,RU,141,0,KAPITAN SOROKIN,3,345312,31,43,28,5138,39,1,2016-12-20T06:41:03.000Z,st_petersburg,2016-12-20T00:00:00.000Z,51,Tug,St. Petersburg,1
59.88223,30.19494,0,0,88,3,SPB,RU,141,0,KAPITAN SOROKIN,3,345312,31,43,28,5138,39,1,2016-12-20T06:41:04.000Z,st_petersburg,2016-12-20T00:00:00.000Z,51,Tug,St. Petersburg,1
59.88227,30.19496,0,0,88,3,SPB,RU,141,0,KAPITAN SOROKIN,3,345312,31,43,28,5138,39,1,2016-12-20T06:43:03.000Z,st_petersburg,2016-12-20T00:00:00.000Z,51,Tug,St. Petersburg,1
59.88227,30.19496,0,0,88,1,SPB,RU,141,0,KAPITAN SOROKIN,3,345312,31,43,28,5138,39,1,2016-12-20T06:43:03.000Z,st_petersburg,2016-12-20T00:00:00.000Z,51,Tug,St. Petersburg,1
59.88227,30.19496,0,0,88,5,SPB,RU,141,0,KAPITAN SOROKIN,3,345312,31,43,28,5138,39,1,2016-12-20T06:45:03.000Z,st_petersburg,2016-12-20T00:00:00.000Z,51,Tug,St. Petersburg,1
59.88227,30.19496,0,0,88,5,SPB,RU,141,0,KAPITAN SOROKIN,3,345312,31,43,28,5138,39,1,2016-12-20T06:45:04.000Z,st_petersburg,2016-12-20T00:00:00.000Z,51,Tug,St. Petersburg,1
59.88225,30.19495,0,0,88,3,SPB,RU,141,0,KAPITAN SOROKIN,3,345312,31,43,28,5138,39,1,2016-12-20T06:47:03.000Z,st_petersburg,2016-12-20T00:00:00.000Z,51,Tug,St. Petersburg,1
59.88225,30.19495,0,0,88,3,SPB,RU,141,0,KAPITAN SOROKIN,3,345312,31,43,28,5138,39,1,2016-12-20T06:47:04.000Z,st_petersburg,2016-12-20T00:00:00.000Z,51,Tug,St. Petersburg,1
59.88226,30.19496,0,0,88,2,SPB,RU,141,0,KAPITAN SOROKIN,3,345312,31,43,28,5138,39,1,2016-12-20T06:49:03.000Z,st_petersburg,2016-12-20T00:00:00.000Z,51,Tug,St. Petersburg,1
59.88226,30.19496,0,0,88,2,SPB,RU,141,0,KAPITAN SOROKIN,3,345312,31,43,28,5138,39,1,2016-12-20T06:49:04.000Z,st_petersburg,2016-12-20T00:00:00.000Z,51,Tug,St. Petersburg,1
59.88226,30.19496,0,0,88,4,SPB,RU,141,0,KAPITAN SOROKIN,3,345312,31,43,28,5138,39,1,2016-12-20T06:51:03.000Z,st_petersburg,2016-12-20T00:00:00.000Z,51,Tug,St. Petersburg,1
59.88226,30.19496,0,0,88,4,SPB,RU,141,0,KAPITAN SOROKIN,3,345312,31,43,28,5138,39,1,2016-12-20T06:51:04.000Z,st_petersburg,2016-12-20T00:00:00.000Z,51,Tug,St. Petersburg,1
59.88226,30.19496,0,0,88,6,SPB,RU,141,0,KAPITAN SOROKIN,3,345312,31,43,28,5138,39,1,2016-12-20T06:53:03.000Z,st_petersburg,2016-12-20T00:00:00.000Z,51,Tug,St. Petersburg,1
59.88226,30.19496,0,0,88,6,SPB,RU,141,0,KAPITAN SOROKIN,3,345312,31,43,28,5138,39,1,2016-12-20T06:53:04.000Z,st_petersburg,2016-12-20T00:00:00.000Z,51,Tug,St. Petersburg,1
59.88226,30.19496,0,0,88,8,SPB,RU,141,0,KAPITAN SOROKIN,3,345312,31,43,28,5138,39,1,2016-12-20T06:55:03.000Z,st_petersburg,2016-12-20T00:00:00.000Z,51,Tug,St. Petersburg,1
59.88226,30.19496,0,0,88,8,SPB,RU,141,0,KAPITAN SOROKIN,3,345312,31,43,28,5138,39,1,2016-12-20T06:55:04.000Z,st_petersburg,2016-12-20T00:00:00.000Z,51,Tug,St. Petersburg,1
59.88226,30.19496,0,0,88,10,SPB,RU,141,0,KAPITAN SOROKIN,3,345312,31,43,28,5138,39,1,2016-12-20T06:57:03.000Z,st_petersburg,2016-12-20T00:00:00.000Z,51,Tug,St. Petersburg,1
59.88226,30.19496,0,0,88,10,SPB,RU,141,0,KAPITAN SOROKIN,3,345312,31,43,28,5138,39,1,2016-12-20T06:57:04.000Z,st_petersburg,2016-12-20T00:00:00.000Z,51,Tug,St. Petersburg,1
59.88226,30.19492,0,0,88,4,SPB,RU,141,0,KAPITAN SOROKIN,3,345312,31,43,28,5138,39,1,2016-12-20T06:59:03.000Z,st_petersburg,2016-12-20T00:00:00.000Z,51,Tug,St. Petersburg,1
59.88226,30.19492,0,0,88,4,SPB,RU,141,0,KAPITAN SOROKIN,3,345312,31,43,28,5138,39,1,2016-12-20T06:59:04.000Z,st_petersburg,2016-12-20T00:00:00.000Z,51,Tug,St. Petersburg,1
59.88226,30.19492,0,0,88,6,SPB,RU,141,0,KAPITAN SOROKIN,3,345312,31,43,28,5138,39,1,2016-12-20T07:01:03.000Z,st_petersburg,2016-12-20T00:00:00.000Z,51,Tug,St. Petersburg,1
59.88226,30.19492,0,0,88,4,SPB,RU,141,0,KAPITAN SOROKIN,3,345312,31,43,28,5138,39,1,2016-12-20T07:01:05.000Z,st_petersburg,2016-12-20T00:00:00.000Z,51,Tug,St. Petersburg,1
59.88226,30.19492,0,0,88,8,SPB,RU,141,0,KAPITAN SOROKIN,3,345312,31,43,28,5138,39,1,2016-12-20T07:03:03.000Z,st_petersburg,2016-12-20T00:00:00.000Z,51,Tug,St. Petersburg,1
59.88226,30.19492,0,0,88,6,SPB,RU,141,0,KAPITAN SOROKIN,3,345312,31,43,28,5138,39,1,2016-12-20T07:03:04.000Z,st_petersburg,2016-12-20T00:00:00.000Z,51,Tug,St. Petersburg,1
59.88225,30.19496,0,0,88,3,SPB,RU,141,0,KAPITAN SOROKIN,3,345312,31,43,28,5138,39,1,2016-12-20T07:05:03.000Z,st_petersburg,2016-12-20T00:00:00.000Z,51,Tug,St. Petersburg,1
59.88225,30.19496,0,0,88,3,SPB,RU,141,0,KAPITAN SOROKIN,3,345312,31,43,28,5138,39,1,2016-12-20T07:05:04.000Z,st_petersburg,2016-12-20T00:00:00.000Z,51,Tug,St. Petersburg,1
59.88225,30.19496,0,0,88,5,SPB,RU,141,0,KAPITAN SOROKIN,3,345312,31,43,28,5138,39,1,2016-12-20T07:07:03.000Z,st_petersburg,2016-12-20T00:00:00.000Z,51,Tug,St. Petersburg,1
59.88225,30.19496,0,0,88,5,SPB,RU,141,0,KAPITAN SOROKIN,3,345312,31,43,28,5138,39,1,2016-12-20T07:07:04.000Z,st_petersburg,2016-12-20T00:00:00.000Z,51,Tug,St. Petersburg,1
59.88225,30.19496,0,0,88,7,SPB,RU,141,0,KAPITAN SOROKIN,3,345312,31,43,28,5138,39,1,2016-12-20T07:09:04.000Z,st_petersburg,2016-12-20T00:00:00.000Z,51,Tug,St. Petersburg,1
59.88225,30.19496,0,0,88,6,SPB,RU,141,0,KAPITAN SOROKIN,3,345312,31,43,28,5138,39,1,2016-12-20T07:09:05.000Z,st_petersburg,2016-12-20T00:00:00.000Z,51,Tug,St. Petersburg,1
59.88225,30.19496,0,0,88,9,SPB,RU,141,0,KAPITAN SOROKIN,3,345312,31,43,28,5138,39,1,2016-12-20T07:11:03.000Z,st_petersburg,2016-12-20T00:00:00.000Z,51,Tug,St. Petersburg,1
59.88225,30.19496,0,0,88,7,SPB,RU,141,0,KAPITAN SOROKIN,3,345312,31,43,28,5138,39,1,2016-12-20T07:11:04.000Z,st_petersburg,2016-12-20T00:00:00.000Z,51,Tug,St. Petersburg,1
59.88227,30.19496,0,0,88,3,SPB,RU,141,0,KAPITAN SOROKIN,3,345312,31,43,28,5138,39,1,2016-12-20T07:13:03.000Z,st_petersburg,2016-12-20T00:00:00.000Z,51,Tug,St. Petersburg,1
59.88227,30.19496,0,0,88,3,SPB,RU,141,0,KAPITAN SOROKIN,3,345312,31,43,28,5138,39,1,2016-12-20T07:13:04.000Z,st_petersburg,2016-12-20T00:00:00.000Z,51,Tug,St. Petersburg,1
59.88228,30.19495,0,0,88,2,SPB,RU,141,0,KAPITAN SOROKIN,3,345312,31,43,28,5138,39,1,2016-12-20T07:15:03.000Z,st_petersburg,2016-12-20T00:00:00.000Z,51,Tug,St. Petersburg,1
59.88228,30.19495,0,0,88,2,SPB,RU,141,0,KAPITAN SOROKIN,3,345312,31,43,28,5138,39,1,2016-12-20T07:15:04.000Z,st_petersburg,2016-12-20T00:00:00.000Z,51,Tug,St. Petersburg,1
59.88228,30.19495,0,0,88,4,SPB,RU,141,0,KAPITAN SOROKIN,3,345312,31,43,28,5138,39,1,2016-12-20T07:17:03.000Z,st_petersburg,2016-12-20T00:00:00.000Z,51,Tug,St. Petersburg,1
59.88228,30.19495,0,0,88,4,SPB,RU,141,0,KAPITAN SOROKIN,3,345312,31,43,28,5138,39,1,2016-12-20T07:17:04.000Z,st_petersburg,2016-12-20T00:00:00.000Z,51,Tug,St. Petersburg,1
59.88227,30.19493,0,0,88,3,SPB,RU,141,0,KAPITAN SOROKIN,3,345312,31,43,28,5138,39,1,2016-12-20T07:19:04.000Z,st_petersburg,2016-12-20T00:00:00.000Z,51,Tug,St. Petersburg,1
59.88227,30.19493,0,0,88,3,SPB,RU,141,0,KAPITAN SOROKIN,3,345312,31,43,28,5138,39,1,2016-12-20T07:19:05.000Z,st_petersburg,2016-12-20T00:00:00.000Z,51,Tug,St. Petersburg,1
59.88227,30.19493,0,0,88,3,SPB,RU,141,0,KAPITAN SOROKIN,3,345312,31,43,28,5138,39,1,2016-12-20T07:21:03.000Z,st_petersburg,2016-12-20T00:00:00.000Z,51,Tug,St. Petersburg,1
59.88227,30.19492,0,0,88,2,SPB,RU,141,0,KAPITAN SOROKIN,3,345312,31,43,28,5138,39,1,2016-12-20T07:21:04.000Z,st_petersburg,2016-12-20T00:00:00.000Z,51,Tug,St. Petersburg,1
59.88227,30.19492,0,0,88,4,SPB,RU,141,0,KAPITAN SOROKIN,3,345312,31,43,28,5138,39,1,2016-12-20T07:23:03.000Z,st_petersburg,2016-12-20T00:00:00.000Z,51,Tug,St. Petersburg,1
59.88227,30.19492,0,0,88,2,SPB,RU,141,0,KAPITAN SOROKIN,3,345312,31,43,28,5138,39,1,2016-12-20T07:23:04.000Z,st_petersburg,2016-12-20T00:00:00.000Z,51,Tug,St. Petersburg,1
59.88227,30.19492,0,0,88,6,SPB,RU,141,0,KAPITAN SOROKIN,3,345312,31,43,28,5138,39,0,2016-12-20T07:25:03.000Z,st_petersburg,2016-12-20T00:00:00.000Z,51,Tug,St. Petersburg,1
59.88227,30.19492,0,0,88,6,SPB,RU,141,0,KAPITAN SOROKIN,3,345312,31,43,28,5138,39,0,2016-12-20T07:25:04.000Z,st_petersburg,2016-12-20T00:00:00.000Z,51,Tug,St. Petersburg,1
59.88227,30.19492,0,0,88,8,SPB,RU,141,0,KAPITAN SOROKIN,3,345312,31,43,28,5138,39,1,2016-12-20T07:27:02.000Z,st_petersburg,2016-12-20T00:00:00.000Z,51,Tug,St. Petersburg,1
59.88227,30.19492,0,0,88,8,SPB,RU,141,0,KAPITAN SOROKIN,3,345312,31,43,28,5138,39,1,2016-12-20T07:27:04.000Z,st_petersburg,2016-12-20T00:00:00.000Z,51,Tug,St. Petersburg,1
59.88229,30.19496,0,0,88,2,SPB,RU,141,0,KAPITAN SOROKIN,3,345312,31,43,28,5138,39,1,2016-12-20T07:29:03.000Z,st_petersburg,2016-12-20T00:00:00.000Z,51,Tug,St. Petersburg,1
59.88229,30.19496,0,0,88,2,SPB,RU,141,0,KAPITAN SOROKIN,3,345312,31,43,28,5138,39,1,2016-12-20T07:29:04.000Z,st_petersburg,2016-12-20T00:00:00.000Z,51,Tug,St. Petersburg,1
59.88229,30.19496,0,0,88,4,SPB,RU,141,0,KAPITAN SOROKIN,3,345312,31,43,28,5138,39,1,2016-12-20T07:31:03.000Z,st_petersburg,2016-12-20T00:00:00.000Z,51,Tug,St. Petersburg,1
59.88229,30.19496,0,0,88,4,SPB,RU,141,0,KAPITAN SOROKIN,3,345312,31,43,28,5138,39,1,2016-12-20T07:31:04.000Z,st_petersburg,2016-12-20T00:00:00.000Z,51,Tug,St. Petersburg,1
59.88229,30.19497,0,0,88,3,SPB,RU,141,0,KAPITAN SOROKIN,3,345312,31,43,28,5138,39,1,2016-12-20T07:33:03.000Z,st_petersburg,2016-12-20T00:00:00.000Z,51,Tug,St. Petersburg,1
59.88229,30.19497,0,0,88,3,SPB,RU,141,0,KAPITAN SOROKIN,3,345312,31,43,28,5138,39,1,2016-12-20T07:33:04.000Z,st_petersburg,2016-12-20T00:00:00.000Z,51,Tug,St. Petersburg,1
59.88225,30.19495,0,0,88,2,SPB,RU,141,0,KAPITAN SOROKIN,3,345312,31,43,28,5138,39,1,2016-12-20T07:35:03.000Z,st_petersburg,2016-12-20T00:00:00.000Z,51,Tug,St. Petersburg,1
59.88225,30.19495,0,0,88,2,SPB,RU,141,0,KAPITAN SOROKIN,3,345312,31,43,28,5138,39,1,2016-12-20T07:35:04.000Z,st_petersburg,2016-12-20T00:00:00.000Z,51,Tug,St. Petersburg,1
59.88225,30.19495,0,0,88,4,SPB,RU,141,0,KAPITAN SOROKIN,3,345312,31,43,28,5138,39,1,2016-12-20T07:37:03.000Z,st_petersburg,2016-12-20T00:00:00.000Z,51,Tug,St. Petersburg,1
59.88225,30.19495,0,0,88,4,SPB,RU,141,0,KAPITAN SOROKIN,3,345312,31,43,28,5138,39,1,2016-12-20T07:37:04.000Z,st_petersburg,2016-12-20T00:00:00.000Z,51,Tug,St. Petersburg,1
59.88225,30.19495,0,0,88,3,SPB,RU,141,0,KAPITAN SOROKIN,3,345312,31,43,28,5138,39,1,2016-12-20T07:39:04.000Z,st_petersburg,2016-12-20T00:00:00.000Z,51,Tug,St. Petersburg,1
59.88225,30.19495,0,0,88,1,SPB,RU,141,0,KAPITAN SOROKIN,3,345312,31,43,28,5138,39,1,2016-12-20T07:39:04.000Z,st_petersburg,2016-12-20T00:00:00.000Z,51,Tug,St. Petersburg,1
59.88225,30.19495,0,0,88,5,SPB,RU,141,0,KAPITAN SOROKIN,3,345312,31,43,28,5138,39,1,2016-12-20T07:41:03.000Z,st_petersburg,2016-12-20T00:00:00.000Z,51,Tug,St. Petersburg,1
59.88225,30.19495,0,0,88,4,SPB,RU,141,0,KAPITAN SOROKIN,3,345312,31,43,28,5138,39,1,2016-12-20T07:41:04.000Z,st_petersburg,2016-12-20T00:00:00.000Z,51,Tug,St. Petersburg,1
59.88225,30.19498,0,0,88,3,SPB,RU,141,0,KAPITAN SOROKIN,3,345312,31,43,28,5138,39,1,2016-12-20T07:43:03.000Z,st_petersburg,2016-12-20T00:00:00.000Z,51,Tug,St. Petersburg,1
59.88225,30.19498,0,0,88,3,SPB,RU,141,0,KAPITAN SOROKIN,3,345312,31,43,28,5138,39,1,2016-12-20T07:43:04.000Z,st_petersburg,2016-12-20T00:00:00.000Z,51,Tug,St. Petersburg,1
59.88225,30.19492,0,0,88,2,SPB,RU,141,0,KAPITAN SOROKIN,3,345312,31,43,28,5138,39,1,2016-12-20T07:45:03.000Z,st_petersburg,2016-12-20T00:00:00.000Z,51,Tug,St. Petersburg,1
59.88225,30.19492,0,0,88,2,SPB,RU,141,0,KAPITAN SOROKIN,3,345312,31,43,28,5138,39,1,2016-12-20T07:45:04.000Z,st_petersburg,2016-12-20T00:00:00.000Z,51,Tug,St. Petersburg,1
59.88225,30.19492,0,0,88,4,SPB,RU,141,0,KAPITAN SOROKIN,3,345312,31,43,28,5138,39,1,2016-12-20T07:47:11.000Z,st_petersburg,2016-12-20T00:00:00.000Z,51,Tug,St. Petersburg,1
59.88225,30.19492,0,0,88,4,SPB,RU,141,0,KAPITAN SOROKIN,3,345312,31,43,28,5138,39,1,2016-12-20T07:47:12.000Z,st_petersburg,2016-12-20T00:00:00.000Z,51,Tug,St. Petersburg,1
59.88225,30.19492,0,0,88,6,SPB,RU,141,0,KAPITAN SOROKIN,3,345312,31,43,28,5138,39,1,2016-12-20T07:49:03.000Z,st_petersburg,2016-12-20T00:00:00.000Z,51,Tug,St. Petersburg,1
59.88225,30.19492,0,0,88,6,SPB,RU,141,0,KAPITAN SOROKIN,3,345312,31,43,28,5138,39,1,2016-12-20T07:49:04.000Z,st_petersburg,2016-12-20T00:00:00.000Z,51,Tug,St. Petersburg,1
59.88225,30.19492,0,0,88,8,SPB,RU,141,0,KAPITAN SOROKIN,3,345312,31,43,28,5138,39,1,2016-12-20T07:51:03.000Z,st_petersburg,2016-12-20T00:00:00.000Z,51,Tug,St. Petersburg,1
59.88225,30.19492,0,0,88,6,SPB,RU,141,0,KAPITAN SOROKIN,3,345312,31,43,28,5138,39,1,2016-12-20T07:51:04.000Z,st_petersburg,2016-12-20T00:00:00.000Z,51,Tug,St. Petersburg,1
59.88225,30.19495,0,0,88,2,SPB,RU,141,0,KAPITAN SOROKIN,3,345312,31,43,28,5138,39,1,2016-12-20T07:53:03.000Z,st_petersburg,2016-12-20T00:00:00.000Z,51,Tug,St. Petersburg,1
59.88225,30.19495,0,0,88,2,SPB,RU,141,0,KAPITAN SOROKIN,3,345312,31,43,28,5138,39,1,2016-12-20T07:53:04.000Z,st_petersburg,2016-12-20T00:00:00.000Z,51,Tug,St. Petersburg,1
59.88225,30.19495,0,0,88,4,SPB,RU,141,0,KAPITAN SOROKIN,3,345312,31,43,28,5138,39,1,2016-12-20T07:55:11.000Z,st_petersburg,2016-12-20T00:00:00.000Z,51,Tug,St. Petersburg,1
59.88225,30.19495,0,0,88,3,SPB,RU,141,0,KAPITAN SOROKIN,3,345312,31,43,28,5138,39,1,2016-12-20T07:55:12.000Z,st_petersburg,2016-12-20T00:00:00.000Z,51,Tug,St. Petersburg,1
59.88225,30.19495,0,0,88,6,SPB,RU,141,0,KAPITAN SOROKIN,3,345312,31,43,28,5138,39,1,2016-12-20T07:57:03.000Z,st_petersburg,2016-12-20T00:00:00.000Z,51,Tug,St. Petersburg,1
59.88225,30.19495,0,0,88,6,SPB,RU,141,0,KAPITAN SOROKIN,3,345312,31,43,28,5138,39,1,2016-12-20T07:57:04.000Z,st_petersburg,2016-12-20T00:00:00.000Z,51,Tug,St. Petersburg,1
59.88225,30.19495,0,0,88,8,SPB,RU,141,0,KAPITAN SOROKIN,3,345312,31,43,28,5138,39,1,2016-12-20T07:59:03.000Z,st_petersburg,2016-12-20T00:00:00.000Z,51,Tug,St. Petersburg,1
59.88225,30.19495,0,0,88,8,SPB,RU,141,0,KAPITAN SOROKIN,3,345312,31,43,28,5138,39,1,2016-12-20T07:59:04.000Z,st_petersburg,2016-12-20T00:00:00.000Z,51,Tug,St. Petersburg,1
59.88225,30.19495,0,0,88,9,SPB,RU,141,0,KAPITAN SOROKIN,3,345312,31,43,28,5138,39,1,2016-12-20T08:01:03.000Z,st_petersburg,2016-12-20T00:00:00.000Z,51,Tug,St. Petersburg,1
59.88227,30.19497,0,0,88,2,SPB,RU,141,0,KAPITAN SOROKIN,3,345312,31,43,28,5138,39,1,2016-12-20T08:01:04.000Z,st_petersburg,2016-12-20T00:00:00.000Z,51,Tug,St. Petersburg,1
59.88227,30.19497,0,0,88,4,SPB,RU,141,0,KAPITAN SOROKIN,3,345312,31,43,28,5138,39,1,2016-12-20T08:03:03.000Z,st_petersburg,2016-12-20T00:00:00.000Z,51,Tug,St. Petersburg,1
59.88227,30.19497,0,0,88,4,SPB,RU,141,0,KAPITAN SOROKIN,3,345312,31,43,28,5138,39,1,2016-12-20T08:03:04.000Z,st_petersburg,2016-12-20T00:00:00.000Z,51,Tug,St. Petersburg,1
59.88227,30.19492,0,0,88,3,SPB,RU,141,0,KAPITAN SOROKIN,3,345312,31,43,28,5138,39,1,2016-12-20T08:05:03.000Z,st_petersburg,2016-12-20T00:00:00.000Z,51,Tug,St. Petersburg,1
59.88227,30.19492,0,0,88,3,SPB,RU,141,0,KAPITAN SOROKIN,3,345312,31,43,28,5138,39,1,2016-12-20T08:05:04.000Z,st_petersburg,2016-12-20T00:00:00.000Z,51,Tug,St. Petersburg,1
59.88225,30.19493,0,0,88,2,SPB,RU,141,0,KAPITAN SOROKIN,3,345312,31,43,28,5138,39,1,2016-12-20T08:07:03.000Z,st_petersburg,2016-12-20T00:00:00.000Z,51,Tug,St. Petersburg,1
59.88225,30.19493,0,0,88,2,SPB,RU,141,0,KAPITAN SOROKIN,3,345312,31,43,28,5138,39,1,2016-12-20T08:07:04.000Z,st_petersburg,2016-12-20T00:00:00.000Z,51,Tug,St. Petersburg,1
59.88225,30.19493,0,0,88,4,SPB,RU,141,0,KAPITAN SOROKIN,3,345312,31,43,28,5138,39,1,2016-12-20T08:09:03.000Z,st_petersburg,2016-12-20T00:00:00.000Z,51,Tug,St. Petersburg,1
59.88225,30.19493,0,0,88,4,SPB,RU,141,0,KAPITAN SOROKIN,3,345312,31,43,28,5138,39,1,2016-12-20T08:09:05.000Z,st_petersburg,2016-12-20T00:00:00.000Z,51,Tug,St. Petersburg,1
59.88225,30.19493,0,0,88,6,SPB,RU,141,0,KAPITAN SOROKIN,3,345312,31,43,28,5138,39,1,2016-12-20T08:11:04.000Z,st_petersburg,2016-12-20T00:00:00.000Z,51,Tug,St. Petersburg,1
59.88225,30.19493,0,0,88,6,SPB,RU,141,0,KAPITAN SOROKIN,3,345312,31,43,28,5138,39,1,2016-12-20T08:11:04.000Z,st_petersburg,2016-12-20T00:00:00.000Z,51,Tug,St. Petersburg,1
59.88225,30.19493,0,0,88,8,SPB,RU,141,0,KAPITAN SOROKIN,3,345312,31,43,28,5138,39,1,2016-12-20T08:13:03.000Z,st_petersburg,2016-12-20T00:00:00.000Z,51,Tug,St. Petersburg,1
59.88225,30.19493,0,0,88,8,SPB,RU,141,0,KAPITAN SOROKIN,3,345312,31,43,28,5138,39,1,2016-12-20T08:13:04.000Z,st_petersburg,2016-12-20T00:00:00.000Z,51,Tug,St. Petersburg,1
59.88222,30.19494,0,0,88,2,SPB,RU,141,0,KAPITAN SOROKIN,3,345312,31,43,28,5138,39,0,2016-12-20T08:15:11.000Z,st_petersburg,2016-12-20T00:00:00.000Z,51,Tug,St. Petersburg,1
59.88222,30.19494,0,0,88,2,SPB,RU,141,0,KAPITAN SOROKIN,3,345312,31,43,28,5138,39,0,2016-12-20T08:15:12.000Z,st_petersburg,2016-12-20T00:00:00.000Z,51,Tug,St. Petersburg,1
59.88222,30.19494,0,0,88,4,SPB,RU,141,0,KAPITAN SOROKIN,3,345312,31,43,28,5138,39,0,2016-12-20T08:17:03.000Z,st_petersburg,2016-12-20T00:00:00.000Z,51,Tug,St. Petersburg,1
59.88222,30.19494,0,0,88,3,SPB,RU,141,0,KAPITAN SOROKIN,3,345312,31,43,28,5138,39,0,2016-12-20T08:17:04.000Z,st_petersburg,2016-12-20T00:00:00.000Z,51,Tug,St. Petersburg,1
59.88222,30.19494,0,0,88,6,SPB,RU,141,0,KAPITAN SOROKIN,3,345312,31,43,28,5138,39,1,2016-12-20T08:19:03.000Z,st_petersburg,2016-12-20T00:00:00.000Z,51,Tug,St. Petersburg,1
59.88222,30.19494,0,0,88,6,SPB,RU,141,0,KAPITAN SOROKIN,3,345312,31,43,28,5138,39,1,2016-12-20T08:19:04.000Z,st_petersburg,2016-12-20T00:00:00.000Z,51,Tug,St. Petersburg,1
59.88222,30.19494,0,0,88,8,SPB,RU,141,0,KAPITAN SOROKIN,3,345312,31,43,28,5138,39,1,2016-12-20T08:21:03.000Z,st_petersburg,2016-12-20T00:00:00.000Z,51,Tug,St. Petersburg,1
59.88222,30.19494,0,0,88,6,SPB,RU,141,0,KAPITAN SOROKIN,3,345312,31,43,28,5138,39,1,2016-12-20T08:21:04.000Z,st_petersburg,2016-12-20T00:00:00.000Z,51,Tug,St. Petersburg,1
59.88224,30.19494,0,0,88,2,SPB,RU,141,0,KAPITAN SOROKIN,3,345312,31,43,28,5138,39,1,2016-12-20T08:23:03.000Z,st_petersburg,2016-12-20T00:00:00.000Z,51,Tug,St. Petersburg,1
59.88224,30.19494,0,0,88,2,SPB,RU,141,0,KAPITAN SOROKIN,3,345312,31,43,28,5138,39,1,2016-12-20T08:23:04.000Z,st_petersburg,2016-12-20T00:00:00.000Z,51,Tug,St. Petersburg,1
59.88224,30.19494,0,0,88,4,SPB,RU,141,0,KAPITAN SOROKIN,3,345312,31,43,28,5138,39,1,2016-12-20T08:25:03.000Z,st_petersburg,2016-12-20T00:00:00.000Z,51,Tug,St. Petersburg,1
59.88224,30.19494,0,0,88,4,SPB,RU,141,0,KAPITAN SOROKIN,3,345312,31,43,28,5138,39,1,2016-12-20T08:25:04.000Z,st_petersburg,2016-12-20T00:00:00.000Z,51,Tug,St. Petersburg,1
59.88224,30.19494,0,0,88,6,SPB,RU,141,0,KAPITAN SOROKIN,3,345312,31,43,28,5138,39,1,2016-12-20T08:27:11.000Z,st_petersburg,2016-12-20T00:00:00.000Z,51,Tug,St. Petersburg,1
59.88224,30.19494,0,0,88,6,SPB,RU,141,0,KAPITAN SOROKIN,3,345312,31,43,28,5138,39,1,2016-12-20T08:27:12.000Z,st_petersburg,2016-12-20T00:00:00.000Z,51,Tug,St. Petersburg,1
59.88224,30.19494,0,0,88,8,SPB,RU,141,0,KAPITAN SOROKIN,3,345312,31,43,28,5138,39,1,2016-12-20T08:29:03.000Z,st_petersburg,2016-12-20T00:00:00.000Z,51,Tug,St. Petersburg,1
59.88224,30.19494,0,0,88,7,SPB,RU,141,0,KAPITAN SOROKIN,3,345312,31,43,28,5138,39,1,2016-12-20T08:29:04.000Z,st_petersburg,2016-12-20T00:00:00.000Z,51,Tug,St. Petersburg,1
59.88228,30.19493,0,0,88,2,SPB,RU,141,0,KAPITAN SOROKIN,3,345312,31,43,28,5138,39,1,2016-12-20T08:31:04.000Z,st_petersburg,2016-12-20T00:00:00.000Z,51,Tug,St. Petersburg,1
59.88228,30.19493,0,0,88,2,SPB,RU,141,0,KAPITAN SOROKIN,3,345312,31,43,28,5138,39,1,2016-12-20T08:31:04.000Z,st_petersburg,2016-12-20T00:00:00.000Z,51,Tug,St. Petersburg,1
59.88228,30.19493,0,0,88,4,SPB,RU,141,0,KAPITAN SOROKIN,3,345312,31,43,28,5138,39,1,2016-12-20T08:33:03.000Z,st_petersburg,2016-12-20T00:00:00.000Z,51,Tug,St. Petersburg,1
59.88228,30.19493,0,0,88,3,SPB,RU,141,0,KAPITAN SOROKIN,3,345312,31,43,28,5138,39,1,2016-12-20T08:33:03.000Z,st_petersburg,2016-12-20T00:00:00.000Z,51,Tug,St. Petersburg,1
59.88228,30.19493,0,0,88,6,SPB,RU,141,0,KAPITAN SOROKIN,3,345312,31,43,28,5138,39,1,2016-12-20T08:35:03.000Z,st_petersburg,2016-12-20T00:00:00.000Z,51,Tug,St. Petersburg,1
59.88228,30.19493,0,0,88,6,SPB,RU,141,0,KAPITAN SOROKIN,3,345312,31,43,28,5138,39,1,2016-12-20T08:35:13.000Z,st_petersburg,2016-12-20T00:00:00.000Z,51,Tug,St. Petersburg,1
59.88228,30.19493,0,0,88,8,SPB,RU,141,0,KAPITAN SOROKIN,3,345312,31,43,28,5138,39,1,2016-12-20T08:37:03.000Z,st_petersburg,2016-12-20T00:00:00.000Z,51,Tug,St. Petersburg,1
59.88228,30.19493,0,0,88,8,SPB,RU,141,0,KAPITAN SOROKIN,3,345312,31,43,28,5138,39,1,2016-12-20T08:37:04.000Z,st_petersburg,2016-12-20T00:00:00.000Z,51,Tug,St. Petersburg,1
59.88226,30.19493,0,0,88,2,SPB,RU,141,0,KAPITAN SOROKIN,3,345312,31,43,28,5138,39,1,2016-12-20T08:39:03.000Z,st_petersburg,2016-12-20T00:00:00.000Z,51,Tug,St. Petersburg,1
59.88226,30.19493,0,0,88,2,SPB,RU,141,0,KAPITAN SOROKIN,3,345312,31,43,28,5138,39,1,2016-12-20T08:39:04.000Z,st_petersburg,2016-12-20T00:00:00.000Z,51,Tug,St. Petersburg,1
59.88226,30.19493,0,0,88,4,SPB,RU,141,0,KAPITAN SOROKIN,3,345312,31,43,28,5138,39,1,2016-12-20T08:41:03.000Z,st_petersburg,2016-12-20T00:00:00.000Z,51,Tug,St. Petersburg,1
59.88226,30.19493,0,0,88,4,SPB,RU,141,0,KAPITAN SOROKIN,3,345312,31,43,28,5138,39,1,2016-12-20T08:41:04.000Z,st_petersburg,2016-12-20T00:00:00.000Z,51,Tug,St. Petersburg,1
59.88225,30.19494,0,0,88,3,SPB,RU,141,0,KAPITAN SOROKIN,3,345312,31,43,28,5138,39,1,2016-12-20T08:43:11.000Z,st_petersburg,2016-12-20T00:00:00.000Z,51,Tug,St. Petersburg,1
59.88225,30.19494,0,0,88,2,SPB,RU,141,0,KAPITAN SOROKIN,3,345312,31,43,28,5138,39,1,2016-12-20T08:43:12.000Z,st_petersburg,2016-12-20T00:00:00.000Z,51,Tug,St. Petersburg,1
59.88227,30.19496,0,0,88,2,SPB,RU,141,0,KAPITAN SOROKIN,3,345312,31,43,28,5138,39,1,2016-12-20T08:45:03.000Z,st_petersburg,2016-12-20T00:00:00.000Z,51,Tug,St. Petersburg,1
59.88227,30.19496,0,0,88,2,SPB,RU,141,0,KAPITAN SOROKIN,3,345312,31,43,28,5138,39,1,2016-12-20T08:45:04.000Z,st_petersburg,2016-12-20T00:00:00.000Z,51,Tug,St. Petersburg,1
59.88227,30.19496,0,0,88,4,SPB,RU,141,0,KAPITAN SOROKIN,3,345312,31,43,28,5138,39,1,2016-12-20T08:47:03.000Z,st_petersburg,2016-12-20T00:00:00.000Z,51,Tug,St. Petersburg,1
59.88227,30.19496,0,0,88,4,SPB,RU,141,0,KAPITAN SOROKIN,3,345312,31,43,28,5138,39,1,2016-12-20T08:47:04.000Z,st_petersburg,2016-12-20T00:00:00.000Z,51,Tug,St. Petersburg,1
59.88228,30.19494,0,0,88,3,SPB,RU,141,0,KAPITAN SOROKIN,3,345312,31,43,28,5138,39,1,2016-12-20T08:49:04.000Z,st_petersburg,2016-12-20T00:00:00.000Z,51,Tug,St. Petersburg,1
59.88227,30.19496,0,0,88,4,SPB,RU,141,0,KAPITAN SOROKIN,3,345312,31,43,28,5138,39,1,2016-12-20T08:49:05.000Z,st_petersburg,2016-12-20T00:00:00.000Z,51,Tug,St. Petersburg,1
59.88227,30.19493,0,0,88,2,SPB,RU,141,0,KAPITAN SOROKIN,3,345312,31,43,28,5138,39,1,2016-12-20T08:51:03.000Z,st_petersburg,2016-12-20T00:00:00.000Z,51,Tug,St. Petersburg,1
59.88228,30.19494,0,0,88,3,SPB,RU,141,0,KAPITAN SOROKIN,3,345312,31,43,28,5138,39,1,2016-12-20T08:51:04.000Z,st_petersburg,2016-12-20T00:00:00.000Z,51,Tug,St. Petersburg,1
59.88227,30.19493,0,0,88,4,SPB,RU,141,0,KAPITAN SOROKIN,3,345312,31,43,28,5138,39,1,2016-12-20T08:53:03.000Z,st_petersburg,2016-12-20T00:00:00.000Z,51,Tug,St. Petersburg,1
59.88227,30.19493,0,0,88,4,SPB,RU,141,0,KAPITAN SOROKIN,3,345312,31,43,28,5138,39,1,2016-12-20T08:53:04.000Z,st_petersburg,2016-12-20T00:00:00.000Z,51,Tug,St. Petersburg,1
59.88227,30.19495,0,0,88,2,SPB,RU,141,0,KAPITAN SOROKIN,3,345312,31,43,28,5138,39,1,2016-12-20T08:55:03.000Z,st_petersburg,2016-12-20T00:00:00.000Z,51,Tug,St. Petersburg,1
59.88227,30.19493,0,0,88,4,SPB,RU,141,0,KAPITAN SOROKIN,3,345312,31,43,28,5138,39,1,2016-12-20T08:55:04.000Z,st_petersburg,2016-12-20T00:00:00.000Z,51,Tug,St. Petersburg,1
59.88227,30.19495,0,0,88,4,SPB,RU,141,0,KAPITAN SOROKIN,3,345312,31,43,28,5138,39,1,2016-12-20T08:57:03.000Z,st_petersburg,2016-12-20T00:00:00.000Z,51,Tug,St. Petersburg,1
59.88227,30.19495,0,0,88,4,SPB,RU,141,0,KAPITAN SOROKIN,3,345312,31,43,28,5138,39,1,2016-12-20T08:57:04.000Z,st_petersburg,2016-12-20T00:00:00.000Z,51,Tug,St. Petersburg,1
59.88227,30.19495,0,0,88,6,SPB,RU,141,0,KAPITAN SOROKIN,3,345312,31,43,28,5138,39,1,2016-12-20T08:59:03.000Z,st_petersburg,2016-12-20T00:00:00.000Z,51,Tug,St. Petersburg,1
59.88227,30.19495,0,0,88,4,SPB,RU,141,0,KAPITAN SOROKIN,3,345312,31,43,28,5138,39,1,2016-12-20T08:59:04.000Z,st_petersburg,2016-12-20T00:00:00.000Z,51,Tug,St. Petersburg,1
59.88227,30.19495,0,0,88,8,SPB,RU,141,0,KAPITAN SOROKIN,3,345312,31,43,28,5138,39,1,2016-12-20T09:01:02.000Z,st_petersburg,2016-12-20T00:00:00.000Z,51,Tug,St. Petersburg,1
59.88227,30.19495,0,0,88,8,SPB,RU,141,0,KAPITAN SOROKIN,3,345312,31,43,28,5138,39,1,2016-12-20T09:01:02.000Z,st_petersburg,2016-12-20T00:00:00.000Z,51,Tug,St. Petersburg,1
59.88224,30.19491,0,0,88,2,SPB,RU,141,0,KAPITAN SOROKIN,3,345312,31,43,28,5138,39,1,2016-12-20T09:03:03.000Z,st_petersburg,2016-12-20T00:00:00.000Z,51,Tug,St. Petersburg,1
59.88224,30.19491,0,0,88,1,SPB,RU,141,0,KAPITAN SOROKIN,3,345312,31,43,28,5138,39,1,2016-12-20T09:03:03.000Z,st_petersburg,2016-12-20T00:00:00.000Z,51,Tug,St. Petersburg,1
59.88224,30.19491,0,0,88,4,SPB,RU,141,0,KAPITAN SOROKIN,3,345312,31,43,28,5138,39,1,2016-12-20T09:05:03.000Z,st_petersburg,2016-12-20T00:00:00.000Z,51,Tug,St. Petersburg,1
59.88224,30.19491,0,0,88,4,SPB,RU,141,0,KAPITAN SOROKIN,3,345312,31,43,28,5138,39,1,2016-12-20T09:05:04.000Z,st_petersburg,2016-12-20T00:00:00.000Z,51,Tug,St. Petersburg,1
59.88224,30.19491,0,0,88,6,SPB,RU,141,0,KAPITAN SOROKIN,3,345312,31,43,28,5138,39,1,2016-12-20T09:07:03.000Z,st_petersburg,2016-12-20T00:00:00.000Z,51,Tug,St. Petersburg,1
59.88224,30.19491,0,0,88,6,SPB,RU,141,0,KAPITAN SOROKIN,3,345312,31,43,28,5138,39,1,2016-12-20T09:07:04.000Z,st_petersburg,2016-12-20T00:00:00.000Z,51,Tug,St. Petersburg,1
59.88224,30.19491,0,0,88,8,SPB,RU,141,0,KAPITAN SOROKIN,3,345312,31,43,28,5138,39,1,2016-12-20T09:09:03.000Z,st_petersburg,2016-12-20T00:00:00.000Z,51,Tug,St. Petersburg,1
59.88224,30.19491,0,0,88,8,SPB,RU,141,0,KAPITAN SOROKIN,3,345312,31,43,28,5138,39,1,2016-12-20T09:09:12.000Z,st_petersburg,2016-12-20T00:00:00.000Z,51,Tug,St. Petersburg,1
59.88227,30.19495,0,0,88,2,SPB,RU,141,0,KAPITAN SOROKIN,3,345312,31,43,28,5138,39,1,2016-12-20T09:11:03.000Z,st_petersburg,2016-12-20T00:00:00.000Z,51,Tug,St. Petersburg,1
59.88227,30.19495,0,0,88,2,SPB,RU,141,0,KAPITAN SOROKIN,3,345312,31,43,28,5138,39,1,2016-12-20T09:11:04.000Z,st_petersburg,2016-12-20T00:00:00.000Z,51,Tug,St. Petersburg,1
59.88225,30.19495,0,0,88,2,SPB,RU,141,0,KAPITAN SOROKIN,3,345312,31,43,28,5138,39,1,2016-12-20T09:31:04.000Z,st_petersburg,2016-12-20T00:00:00.000Z,51,Tug,St. Petersburg,1
59.88225,30.19495,0,0,88,3,SPB,RU,141,0,KAPITAN SOROKIN,3,345312,31,43,28,5138,39,1,2016-12-20T09:31:04.000Z,st_petersburg,2016-12-20T00:00:00.000Z,51,Tug,St. Petersburg,1
59.88227,30.19493,0,0,88,2,SPB,RU,141,0,KAPITAN SOROKIN,3,345312,31,43,28,5138,39,1,2016-12-20T09:33:03.000Z,st_petersburg,2016-12-20T00:00:00.000Z,51,Tug,St. Petersburg,1
59.88225,30.19495,0,0,88,4,SPB,RU,141,0,KAPITAN SOROKIN,3,345312,31,43,28,5138,39,1,2016-12-20T09:33:03.000Z,st_petersburg,2016-12-20T00:00:00.000Z,51,Tug,St. Petersburg,1
59.88227,30.19493,0,0,88,4,SPB,RU,141,0,KAPITAN SOROKIN,3,345312,31,43,28,5138,39,1,2016-12-20T09:35:03.000Z,st_petersburg,2016-12-20T00:00:00.000Z,51,Tug,St. Petersburg,1
59.88227,30.19495,0,0,88,2,SPB,RU,141,0,KAPITAN SOROKIN,3,345312,31,43,28,5138,39,1,2016-12-20T09:37:03.000Z,st_petersburg,2016-12-20T00:00:00.000Z,51,Tug,St. Petersburg,1
59.88227,30.19495,0,0,88,2,SPB,RU,141,0,KAPITAN SOROKIN,3,345312,31,43,28,5138,39,1,2016-12-20T09:37:04.000Z,st_petersburg,2016-12-20T00:00:00.000Z,51,Tug,St. Petersburg,1
59.88227,30.19495,0,0,88,4,SPB,RU,141,0,KAPITAN SOROKIN,3,345312,31,43,28,5138,39,1,2016-12-20T09:45:03.000Z,st_petersburg,2016-12-20T00:00:00.000Z,51,Tug,St. Petersburg,1
59.88224,30.19494,0,0,88,3,SPB,RU,141,0,KAPITAN SOROKIN,3,345312,31,43,28,5138,39,1,2016-12-20T09:47:04.000Z,st_petersburg,2016-12-20T00:00:00.000Z,51,Tug,St. Petersburg,1
59.88224,30.19494,0,0,88,3,SPB,RU,141,0,KAPITAN SOROKIN,3,345312,31,43,28,5138,39,1,2016-12-20T09:47:04.000Z,st_petersburg,2016-12-20T00:00:00.000Z,51,Tug,St. Petersburg,1
59.88225,30.19494,0,0,88,4,SPB,RU,141,0,KAPITAN SOROKIN,3,345312,31,43,28,5138,39,1,2016-12-20T09:51:03.000Z,st_petersburg,2016-12-20T00:00:00.000Z,51,Tug,St. Petersburg,1
59.88227,30.19495,0,0,88,3,SPB,RU,141,0,KAPITAN SOROKIN,3,345312,31,43,28,5138,39,1,2016-12-20T09:53:03.000Z,st_petersburg,2016-12-20T00:00:00.000Z,51,Tug,St. Petersburg,1
59.88227,30.19495,0,0,88,3,SPB,RU,141,0,KAPITAN SOROKIN,3,345312,31,43,28,5138,39,1,2016-12-20T09:53:04.000Z,st_petersburg,2016-12-20T00:00:00.000Z,51,Tug,St. Petersburg,1
59.88229,30.19492,0,0,88,2,SPB,RU,141,0,KAPITAN SOROKIN,3,345312,31,43,28,5138,39,1,2016-12-20T09:55:04.000Z,st_petersburg,2016-12-20T00:00:00.000Z,51,Tug,St. Petersburg,1
59.88229,30.19492,0,0,88,2,SPB,RU,141,0,KAPITAN SOROKIN,3,345312,31,43,28,5138,39,1,2016-12-20T09:55:04.000Z,st_petersburg,2016-12-20T00:00:00.000Z,51,Tug,St. Petersburg,1
59.88226,30.19493,0,0,88,6,SPB,RU,141,0,KAPITAN SOROKIN,3,345312,31,43,28,5138,39,1,2016-12-20T10:03:03.000Z,st_petersburg,2016-12-20T00:00:00.000Z,51,Tug,St. Petersburg,1
59.88226,30.19493,0,0,88,4,SPB,RU,141,0,KAPITAN SOROKIN,3,345312,31,43,28,5138,39,1,2016-12-20T10:03:04.000Z,st_petersburg,2016-12-20T00:00:00.000Z,51,Tug,St. Petersburg,1
59.88226,30.19493,0,0,88,7,SPB,RU,141,0,KAPITAN SOROKIN,3,345312,31,43,28,5138,39,1,2016-12-20T10:05:03.000Z,st_petersburg,2016-12-20T00:00:00.000Z,51,Tug,St. Petersburg,1
59.88228,30.19495,0,0,88,6,SPB,RU,141,0,KAPITAN SOROKIN,3,345312,31,43,28,5138,39,1,2016-12-20T10:11:03.000Z,st_petersburg,2016-12-20T00:00:00.000Z,51,Tug,St. Petersburg,1
59.88228,30.19495,0,0,88,4,SPB,RU,141,0,KAPITAN SOROKIN,3,345312,31,43,28,5138,39,1,2016-12-20T10:11:04.000Z,st_petersburg,2016-12-20T00:00:00.000Z,51,Tug,St. Petersburg,1
59.88228,30.19495,0,0,88,8,SPB,RU,141,0,KAPITAN SOROKIN,3,345312,31,43,28,5138,39,1,2016-12-20T10:13:03.000Z,st_petersburg,2016-12-20T00:00:00.000Z,51,Tug,St. Petersburg,1
59.88224,30.19495,0,0,88,4,SPB,RU,141,0,KAPITAN SOROKIN,3,345312,31,43,28,5138,39,1,2016-12-20T10:17:04.000Z,st_petersburg,2016-12-20T00:00:00.000Z,51,Tug,St. Petersburg,1
59.88224,30.19495,0,0,88,3,SPB,RU,141,0,KAPITAN SOROKIN,3,345312,31,43,28,5138,39,1,2016-12-20T10:17:04.000Z,st_petersburg,2016-12-20T00:00:00.000Z,51,Tug,St. Petersburg,1
59.88223,30.19495,0,0,88,2,SPB,RU,141,0,KAPITAN SOROKIN,3,345312,31,43,28,5138,39,1,2016-12-20T10:25:03.000Z,st_petersburg,2016-12-20T00:00:00.000Z,51,Tug,St. Petersburg,1
59.88223,30.19495,0,0,88,4,SPB,RU,141,0,KAPITAN SOROKIN,3,345312,31,43,28,5138,39,1,2016-12-20T10:27:03.000Z,st_petersburg,2016-12-20T00:00:00.000Z,51,Tug,St. Petersburg,1
59.88223,30.19495,0,0,88,4,SPB,RU,141,0,KAPITAN SOROKIN,3,345312,31,43,28,5138,39,1,2016-12-20T10:27:04.000Z,st_petersburg,2016-12-20T00:00:00.000Z,51,Tug,St. Petersburg,1
59.88227,30.19492,0,0,88,3,SPB,RU,141,0,KAPITAN SOROKIN,3,345312,31,43,28,5138,39,1,2016-12-20T10:29:03.000Z,st_petersburg,2016-12-20T00:00:00.000Z,51,Tug,St. Petersburg,1
59.88227,30.19492,0,0,88,3,SPB,RU,141,0,KAPITAN SOROKIN,3,345312,31,43,28,5138,39,1,2016-12-20T10:29:04.000Z,st_petersburg,2016-12-20T00:00:00.000Z,51,Tug,St. Petersburg,1
59.88228,30.19496,0,0,88,3,SPB,RU,141,0,KAPITAN SOROKIN,3,345312,31,43,28,5138,39,1,2016-12-20T10:33:03.000Z,st_petersburg,2016-12-20T00:00:00.000Z,51,Tug,St. Petersburg,1
59.88228,30.19496,0,0,88,2,SPB,RU,141,0,KAPITAN SOROKIN,3,345312,31,43,28,5138,39,1,2016-12-20T10:33:04.000Z,st_petersburg,2016-12-20T00:00:00.000Z,51,Tug,St. Petersburg,1
59.88228,30.19496,0,0,88,8,SPB,RU,141,0,KAPITAN SOROKIN,3,345312,31,43,28,5138,39,1,2016-12-20T10:37:03.000Z,st_petersburg,2016-12-20T00:00:00.000Z,51,Tug,St. Petersburg,1
59.88226,30.19494,0,0,88,4,SPB,RU,141,0,KAPITAN SOROKIN,3,345312,31,43,28,5138,39,1,2016-12-20T10:41:03.000Z,st_petersburg,2016-12-20T00:00:00.000Z,51,Tug,St. Petersburg,1
59.88226,30.19494,0,0,88,4,SPB,RU,141,0,KAPITAN SOROKIN,3,345312,31,43,28,5138,39,1,2016-12-20T10:41:04.000Z,st_petersburg,2016-12-20T00:00:00.000Z,51,Tug,St. Petersburg,1
59.88227,30.19497,0,0,88,3,SPB,RU,141,0,KAPITAN SOROKIN,3,345312,31,43,28,5138,39,1,2016-12-20T10:43:03.000Z,st_petersburg,2016-12-20T00:00:00.000Z,51,Tug,St. Petersburg,1
59.88227,30.19497,0,0,88,3,SPB,RU,141,0,KAPITAN SOROKIN,3,345312,31,43,28,5138,39,1,2016-12-20T10:43:04.000Z,st_petersburg,2016-12-20T00:00:00.000Z,51,Tug,St. Petersburg,1
59.88227,30.19497,0,0,88,5,SPB,RU,141,0,KAPITAN SOROKIN,3,345312,31,43,28,5138,39,1,2016-12-20T10:45:03.000Z,st_petersburg,2016-12-20T00:00:00.000Z,51,Tug,St. Petersburg,1
59.88227,30.19497,0,0,88,5,SPB,RU,141,0,KAPITAN SOROKIN,3,345312,31,43,28,5138,39,1,2016-12-20T10:45:04.000Z,st_petersburg,2016-12-20T00:00:00.000Z,51,Tug,St. Petersburg,1
59.88226,30.19492,0,0,88,2,SPB,RU,141,0,KAPITAN SOROKIN,3,345312,31,43,28,5138,39,1,2016-12-20T10:57:03.000Z,st_petersburg,2016-12-20T00:00:00.000Z,51,Tug,St. Petersburg,1
59.88226,30.19492,0,0,88,2,SPB,RU,141,0,KAPITAN SOROKIN,3,345312,31,43,28,5138,39,1,2016-12-20T10:57:04.000Z,st_petersburg,2016-12-20T00:00:00.000Z,51,Tug,St. Petersburg,1
59.88226,30.19492,0,0,88,4,SPB,RU,141,0,KAPITAN SOROKIN,3,345312,31,43,28,5138,39,1,2016-12-20T10:59:03.000Z,st_petersburg,2016-12-20T00:00:00.000Z,51,Tug,St. Petersburg,1
59.88226,30.19492,0,0,88,4,SPB,RU,141,0,KAPITAN SOROKIN,3,345312,31,43,28,5138,39,1,2016-12-20T10:59:04.000Z,st_petersburg,2016-12-20T00:00:00.000Z,51,Tug,St. Petersburg,1
59.88223,30.19496,0,0,88,3,SPB,RU,141,0,KAPITAN SOROKIN,3,345312,31,43,28,5138,39,1,2016-12-20T11:01:03.000Z,st_petersburg,2016-12-20T00:00:00.000Z,51,Tug,St. Petersburg,1
59.88228,30.19493,0,0,88,2,SPB,RU,141,0,KAPITAN SOROKIN,3,345312,31,43,28,5138,39,1,2016-12-20T11:11:03.000Z,st_petersburg,2016-12-20T00:00:00.000Z,51,Tug,St. Petersburg,1
59.88223,30.19495,0,0,88,9,SPB,RU,141,0,KAPITAN SOROKIN,3,345312,31,43,28,5138,39,1,2016-12-20T11:11:04.000Z,st_petersburg,2016-12-20T00:00:00.000Z,51,Tug,St. Petersburg,1
